/*--------------------------------*- C++ -*----------------------------------*\
| =========                 |                                                 |
| \\      /  F ield         | OpenFOAM: The Open Source CFD Toolbox           |
|  \\    /   O peration     | Version:  5.0                                   |
|   \\  /    A nd           | Web:      www.OpenFOAM.org                      |
|    \\/     M anipulation  |                                                 |
\*---------------------------------------------------------------------------*/
FoamFile
{
    version     2.0;
    format      ascii;
    class       volVectorField;
    location    "296";
    object      U;
}
// * * * * * * * * * * * * * * * * * * * * * * * * * * * * * * * * * * * * * //

dimensions      [0 1 -1 0 0 0 0];

internalField   nonuniform List<vector> 
1568
(
(1.22282e-15 -2.02788e-14 0)
(4.55513e-14 -3.77165e-14 0)
(1.46863e-13 -6.63757e-14 0)
(2.86705e-13 -7.72918e-14 0)
(4.41067e-13 -8.45947e-14 0)
(6.20539e-13 -9.97273e-14 0)
(8.21948e-13 -1.06829e-13 0)
(1.03414e-12 -1.12247e-13 0)
(1.25721e-12 -1.17628e-13 0)
(1.48857e-12 -1.20642e-13 0)
(1.72395e-12 -1.22058e-13 0)
(1.96077e-12 -1.22266e-13 0)
(2.19681e-12 -1.21139e-13 0)
(2.42954e-12 -1.18785e-13 0)
(2.65662e-12 -1.15439e-13 0)
(2.8761e-12 -1.11001e-13 0)
(3.08601e-12 -1.05609e-13 0)
(3.2846e-12 -9.9387e-14 0)
(3.47029e-12 -9.23715e-14 0)
(3.64162e-12 -8.462e-14 0)
(3.79726e-12 -7.62091e-14 0)
(3.93617e-12 -6.72783e-14 0)
(4.05742e-12 -5.76076e-14 0)
(4.15921e-12 -4.57591e-14 0)
(4.24161e-12 -3.30504e-14 0)
(4.30488e-12 -2.17421e-14 0)
(4.34844e-12 -1.08999e-14 0)
(4.37005e-12 -2.90831e-15 0)
(4.37005e-12 2.93004e-15 0)
(4.34853e-12 1.07659e-14 0)
(4.30511e-12 2.15719e-14 0)
(4.24197e-12 3.28462e-14 0)
(4.15966e-12 4.56448e-14 0)
(4.05803e-12 5.74358e-14 0)
(3.937e-12 6.7169e-14 0)
(3.79838e-12 7.60145e-14 0)
(3.64298e-12 8.45049e-14 0)
(3.47189e-12 9.21642e-14 0)
(3.28654e-12 9.92861e-14 0)
(3.08819e-12 1.05516e-13 0)
(2.87848e-12 1.10922e-13 0)
(2.65931e-12 1.15262e-13 0)
(2.43252e-12 1.18691e-13 0)
(2.20011e-12 1.20981e-13 0)
(1.96438e-12 1.22107e-13 0)
(1.72777e-12 1.21854e-13 0)
(1.49286e-12 1.20297e-13 0)
(1.26242e-12 1.17213e-13 0)
(1.0394e-12 1.12635e-13 0)
(8.26928e-13 1.06118e-13 0)
(6.28653e-13 9.77734e-14 0)
(4.48375e-13 8.78175e-14 0)
(2.90752e-13 7.46504e-14 0)
(1.58128e-13 6.07316e-14 0)
(6.21384e-14 4.01002e-14 0)
(8.27164e-15 1.66853e-14 0)
(3.29644e-15 -5.63136e-14 0)
(4.69349e-14 -1.21524e-13 0)
(1.36043e-13 -1.74564e-13 0)
(2.48339e-13 -2.15131e-13 0)
(4.01164e-13 -2.54275e-13 0)
(5.69398e-13 -2.82673e-13 0)
(7.5279e-13 -3.0587e-13 0)
(9.52046e-13 -3.24338e-13 0)
(1.16045e-12 -3.37735e-13 0)
(1.37521e-12 -3.46443e-13 0)
(1.59417e-12 -3.5071e-13 0)
(1.81517e-12 -3.51228e-13 0)
(2.03506e-12 -3.48113e-13 0)
(2.25158e-12 -3.41481e-13 0)
(2.46302e-12 -3.31615e-13 0)
(2.66723e-12 -3.18911e-13 0)
(2.8625e-12 -3.03397e-13 0)
(3.04726e-12 -2.85402e-13 0)
(3.22e-12 -2.65094e-13 0)
(3.37931e-12 -2.42829e-13 0)
(3.52399e-12 -2.1866e-13 0)
(3.65293e-12 -1.92936e-13 0)
(3.7653e-12 -1.65853e-13 0)
(3.86026e-12 -1.37898e-13 0)
(3.9376e-12 -1.10223e-13 0)
(3.99655e-12 -8.17282e-14 0)
(4.03662e-12 -5.05785e-14 0)
(4.05661e-12 -1.71239e-14 0)
(4.0567e-12 1.69748e-14 0)
(4.03668e-12 5.04862e-14 0)
(3.99651e-12 8.17238e-14 0)
(3.93754e-12 1.10301e-13 0)
(3.8605e-12 1.38009e-13 0)
(3.76596e-12 1.65957e-13 0)
(3.65395e-12 1.93002e-13 0)
(3.52518e-12 2.18663e-13 0)
(3.38077e-12 2.42811e-13 0)
(3.22182e-12 2.64996e-13 0)
(3.04931e-12 2.8523e-13 0)
(2.8649e-12 3.03096e-13 0)
(2.6699e-12 3.18491e-13 0)
(2.46572e-12 3.31111e-13 0)
(2.25439e-12 3.40939e-13 0)
(2.038e-12 3.47455e-13 0)
(1.81847e-12 3.5063e-13 0)
(1.59815e-12 3.5009e-13 0)
(1.37938e-12 3.45632e-13 0)
(1.16487e-12 3.36836e-13 0)
(9.57356e-13 3.23452e-13 0)
(7.59836e-13 3.0517e-13 0)
(5.75609e-13 2.81566e-13 0)
(4.08193e-13 2.51241e-13 0)
(2.61786e-13 2.15512e-13 0)
(1.42506e-13 1.70456e-13 0)
(5.69612e-14 1.14686e-13 0)
(2.56222e-15 4.78349e-14 0)
(-8.93445e-16 -7.76886e-14 0)
(4.08489e-14 -1.84836e-13 0)
(1.15208e-13 -2.79372e-13 0)
(2.29729e-13 -3.48915e-13 0)
(3.58675e-13 -4.06671e-13 0)
(5.14238e-13 -4.56193e-13 0)
(6.86338e-13 -4.93225e-13 0)
(8.69097e-13 -5.228e-13 0)
(1.06145e-12 -5.44517e-13 0)
(1.26123e-12 -5.58465e-13 0)
(1.4644e-12 -5.65434e-13 0)
(1.66855e-12 -5.66121e-13 0)
(1.87222e-12 -5.60945e-13 0)
(2.07304e-12 -5.50183e-13 0)
(2.26876e-12 -5.34412e-13 0)
(2.45787e-12 -5.13822e-13 0)
(2.63877e-12 -4.88842e-13 0)
(2.80985e-12 -4.59841e-13 0)
(2.9697e-12 -4.2718e-13 0)
(3.11717e-12 -3.91177e-13 0)
(3.25113e-12 -3.52216e-13 0)
(3.37058e-12 -3.10624e-13 0)
(3.47462e-12 -2.66785e-13 0)
(3.56272e-12 -2.21262e-13 0)
(3.63407e-12 -1.74593e-13 0)
(3.68779e-12 -1.26644e-13 0)
(3.72372e-12 -7.68412e-14 0)
(3.74182e-12 -2.58122e-14 0)
(3.74178e-12 2.5671e-14 0)
(3.72369e-12 7.67232e-14 0)
(3.68788e-12 1.26759e-13 0)
(3.63433e-12 1.749e-13 0)
(3.56313e-12 2.21844e-13 0)
(3.4752e-12 2.67365e-13 0)
(3.37137e-12 3.11218e-13 0)
(3.25223e-12 3.5257e-13 0)
(3.11849e-12 3.91507e-13 0)
(2.97121e-12 4.27254e-13 0)
(2.81166e-12 4.59756e-13 0)
(2.64077e-12 4.88477e-13 0)
(2.46e-12 5.13212e-13 0)
(2.27108e-12 5.33535e-13 0)
(2.07548e-12 5.49288e-13 0)
(1.87491e-12 5.599e-13 0)
(1.67152e-12 5.65081e-13 0)
(1.46734e-12 5.64289e-13 0)
(1.26463e-12 5.57083e-13 0)
(1.06576e-12 5.42926e-13 0)
(8.73624e-13 5.2145e-13 0)
(6.90994e-13 4.91534e-13 0)
(5.20002e-13 4.52992e-13 0)
(3.66497e-13 4.05217e-13 0)
(2.33655e-13 3.45098e-13 0)
(1.2243e-13 2.71977e-13 0)
(4.66115e-14 1.82427e-13 0)
(7.44445e-16 7.34198e-14 0)
(-1.9481e-15 -9.33374e-14 0)
(4.04915e-14 -2.48985e-13 0)
(1.04271e-13 -3.63332e-13 0)
(2.00587e-13 -4.66431e-13 0)
(3.23432e-13 -5.46243e-13 0)
(4.63898e-13 -6.10755e-13 0)
(6.19851e-13 -6.62992e-13 0)
(7.87322e-13 -7.03598e-13 0)
(9.6457e-13 -7.32528e-13 0)
(1.14777e-12 -7.51257e-13 0)
(1.33425e-12 -7.61118e-13 0)
(1.52244e-12 -7.62074e-13 0)
(1.70983e-12 -7.54949e-13 0)
(1.89425e-12 -7.40541e-13 0)
(2.07437e-12 -7.19204e-13 0)
(2.24842e-12 -6.91355e-13 0)
(2.41473e-12 -6.57711e-13 0)
(2.57206e-12 -6.18585e-13 0)
(2.71916e-12 -5.74604e-13 0)
(2.85479e-12 -5.26114e-13 0)
(2.97797e-12 -4.73713e-13 0)
(3.08779e-12 -4.17762e-13 0)
(3.18347e-12 -3.58925e-13 0)
(3.26432e-12 -2.97535e-13 0)
(3.32963e-12 -2.34419e-13 0)
(3.37868e-12 -1.69332e-13 0)
(3.41129e-12 -1.02514e-13 0)
(3.42759e-12 -3.42989e-14 0)
(3.42765e-12 3.41656e-14 0)
(3.4115e-12 1.02498e-13 0)
(3.37898e-12 1.6947e-13 0)
(3.32998e-12 2.3475e-13 0)
(3.26479e-12 2.97965e-13 0)
(3.18406e-12 3.594e-13 0)
(3.08844e-12 4.18164e-13 0)
(2.9787e-12 4.74044e-13 0)
(2.85571e-12 5.26192e-13 0)
(2.72023e-12 5.74584e-13 0)
(2.57327e-12 6.18324e-13 0)
(2.41613e-12 6.57175e-13 0)
(2.25001e-12 6.90567e-13 0)
(2.07614e-12 7.18252e-13 0)
(1.89615e-12 7.39412e-13 0)
(1.71177e-12 7.539e-13 0)
(1.52467e-12 7.60829e-13 0)
(1.3368e-12 7.59802e-13 0)
(1.15027e-12 7.50082e-13 0)
(9.67651e-13 7.30991e-13 0)
(7.90923e-13 7.0162e-13 0)
(6.23211e-13 6.61455e-13 0)
(4.684e-13 6.09e-13 0)
(3.27332e-13 5.43028e-13 0)
(2.04909e-13 4.6148e-13 0)
(1.08321e-13 3.62338e-13 0)
(4.06666e-14 2.39956e-13 0)
(8.43481e-16 9.41863e-14 0)
(2.32652e-15 -1.12065e-13 0)
(3.23901e-14 -2.92693e-13 0)
(9.30066e-14 -4.4557e-13 0)
(1.79812e-13 -5.6714e-13 0)
(2.88282e-13 -6.691e-13 0)
(4.14553e-13 -7.51209e-13 0)
(5.55305e-13 -8.16837e-13 0)
(7.07253e-13 -8.6705e-13 0)
(8.68351e-13 -9.03278e-13 0)
(1.03508e-12 -9.27116e-13 0)
(1.20497e-12 -9.39213e-13 0)
(1.3763e-12 -9.40509e-13 0)
(1.54693e-12 -9.31949e-13 0)
(1.71521e-12 -9.14098e-13 0)
(1.87946e-12 -8.87542e-13 0)
(2.03807e-12 -8.53214e-13 0)
(2.18975e-12 -8.11507e-13 0)
(2.33321e-12 -7.63173e-13 0)
(2.46721e-12 -7.08741e-13 0)
(2.59082e-12 -6.48952e-13 0)
(2.70309e-12 -5.84217e-13 0)
(2.80313e-12 -5.15277e-13 0)
(2.89024e-12 -4.42606e-13 0)
(2.96375e-12 -3.66944e-13 0)
(3.02305e-12 -2.88645e-13 0)
(3.06767e-12 -2.08246e-13 0)
(3.09738e-12 -1.25814e-13 0)
(3.11226e-12 -4.2115e-14 0)
(3.11231e-12 4.2122e-14 0)
(3.09754e-12 1.25832e-13 0)
(3.06799e-12 2.08258e-13 0)
(3.02348e-12 2.88709e-13 0)
(2.96415e-12 3.66982e-13 0)
(2.89059e-12 4.42616e-13 0)
(2.80352e-12 5.15178e-13 0)
(2.70354e-12 5.84067e-13 0)
(2.59139e-12 6.48703e-13 0)
(2.46791e-12 7.08344e-13 0)
(2.33395e-12 7.62616e-13 0)
(2.19059e-12 8.10788e-13 0)
(2.03905e-12 8.52314e-13 0)
(1.88061e-12 8.86514e-13 0)
(1.71661e-12 9.1298e-13 0)
(1.54846e-12 9.30794e-13 0)
(1.37784e-12 9.39426e-13 0)
(1.20671e-12 9.3805e-13 0)
(1.03685e-12 9.25921e-13 0)
(8.70325e-13 9.02112e-13 0)
(7.10082e-13 8.65731e-13 0)
(5.58323e-13 8.15424e-13 0)
(4.16618e-13 7.49726e-13 0)
(2.90613e-13 6.67399e-13 0)
(1.83391e-13 5.65877e-13 0)
(9.34625e-14 4.41229e-13 0)
(3.40969e-14 2.90771e-13 0)
(2.88059e-16 1.11985e-13 0)
(-2.2727e-16 -1.28232e-13 0)
(2.98619e-14 -3.35662e-13 0)
(8.13681e-14 -5.12929e-13 0)
(1.58822e-13 -6.59321e-13 0)
(2.54446e-13 -7.80123e-13 0)
(3.67023e-13 -8.77877e-13 0)
(4.92631e-13 -9.55946e-13 0)
(6.28903e-13 -1.0155e-12 0)
(7.73409e-13 -1.05852e-12 0)
(9.23076e-13 -1.08693e-12 0)
(1.07594e-12 -1.10146e-12 0)
(1.23026e-12 -1.1032e-12 0)
(1.38407e-12 -1.09312e-12 0)
(1.53573e-12 -1.07211e-12 0)
(1.68374e-12 -1.04107e-12 0)
(1.82675e-12 -1.00069e-12 0)
(1.96349e-12 -9.51738e-13 0)
(2.09276e-12 -8.95024e-13 0)
(2.21355e-12 -8.3121e-13 0)
(2.32492e-12 -7.60963e-13 0)
(2.42605e-12 -6.85051e-13 0)
(2.51614e-12 -6.04136e-13 0)
(2.59453e-12 -5.18876e-13 0)
(2.66068e-12 -4.29938e-13 0)
(2.71402e-12 -3.37941e-13 0)
(2.75417e-12 -2.43422e-13 0)
(2.781e-12 -1.46922e-13 0)
(2.79443e-12 -4.91199e-14 0)
(2.79447e-12 4.91087e-14 0)
(2.78114e-12 1.46944e-13 0)
(2.75439e-12 2.43451e-13 0)
(2.71425e-12 3.37892e-13 0)
(2.6609e-12 4.29806e-13 0)
(2.59474e-12 5.18701e-13 0)
(2.51634e-12 6.03917e-13 0)
(2.42627e-12 6.8476e-13 0)
(2.32516e-12 7.60594e-13 0)
(2.2138e-12 8.30685e-13 0)
(2.09305e-12 8.94359e-13 0)
(1.96385e-12 9.50966e-13 0)
(1.82724e-12 9.99791e-13 0)
(1.6844e-12 1.04009e-12 0)
(1.53651e-12 1.07108e-12 0)
(1.38494e-12 1.092e-12 0)
(1.23128e-12 1.10207e-12 0)
(1.07706e-12 1.10038e-12 0)
(9.24147e-13 1.08591e-12 0)
(7.74828e-13 1.05766e-12 0)
(6.30607e-13 1.01446e-12 0)
(4.94073e-13 9.54668e-13 0)
(3.69383e-13 8.76902e-13 0)
(2.56608e-13 7.79141e-13 0)
(1.58492e-13 6.58272e-13 0)
(8.28671e-14 5.11706e-13 0)
(3.10834e-14 3.35562e-13 0)
(3.89633e-16 1.27448e-13 0)
(-3.13377e-16 -1.40422e-13 0)
(2.66494e-14 -3.74118e-13 0)
(7.11319e-14 -5.72809e-13 0)
(1.38277e-13 -7.40027e-13 0)
(2.22289e-13 -8.77773e-13 0)
(3.20731e-13 -9.89912e-13 0)
(4.31306e-13 -1.07917e-12 0)
(5.51865e-13 -1.14746e-12 0)
(6.79502e-13 -1.1971e-12 0)
(8.1193e-13 -1.22975e-12 0)
(9.47569e-13 -1.24642e-12 0)
(1.08454e-12 -1.24852e-12 0)
(1.22107e-12 -1.23724e-12 0)
(1.35574e-12 -1.21355e-12 0)
(1.48727e-12 -1.17839e-12 0)
(1.61437e-12 -1.13266e-12 0)
(1.73585e-12 -1.07729e-12 0)
(1.85069e-12 -1.01306e-12 0)
(1.95802e-12 -9.40796e-13 0)
(2.05697e-12 -8.61275e-13 0)
(2.14676e-12 -7.75318e-13 0)
(2.22676e-12 -6.83672e-13 0)
(2.29637e-12 -5.87079e-13 0)
(2.35505e-12 -4.86286e-13 0)
(2.40237e-12 -3.82054e-13 0)
(2.43803e-12 -2.74995e-13 0)
(2.46184e-12 -1.65853e-13 0)
(2.47378e-12 -5.54083e-14 0)
(2.47384e-12 5.5476e-14 0)
(2.46197e-12 1.65889e-13 0)
(2.43818e-12 2.74969e-13 0)
(2.4025e-12 3.81948e-13 0)
(2.35514e-12 4.86103e-13 0)
(2.29641e-12 5.86785e-13 0)
(2.22675e-12 6.83294e-13 0)
(2.14672e-12 7.74844e-13 0)
(2.0569e-12 8.60706e-13 0)
(1.95794e-12 9.40147e-13 0)
(1.85062e-12 1.01235e-12 0)
(1.73579e-12 1.07652e-12 0)
(1.6144e-12 1.13186e-12 0)
(1.48744e-12 1.17753e-12 0)
(1.35606e-12 1.21265e-12 0)
(1.22144e-12 1.23637e-12 0)
(1.08497e-12 1.24767e-12 0)
(9.48159e-13 1.24555e-12 0)
(8.12581e-13 1.22892e-12 0)
(6.80036e-13 1.19651e-12 0)
(5.52784e-13 1.14685e-12 0)
(4.32836e-13 1.07858e-12 0)
(3.21505e-13 9.89493e-13 0)
(2.22954e-13 8.77266e-13 0)
(1.40041e-13 7.3997e-13 0)
(7.09426e-14 5.73491e-13 0)
(2.53101e-14 3.73666e-13 0)
(3.75354e-16 1.41072e-13 0)
(4.75438e-16 -1.51797e-13 0)
(2.25633e-14 -4.06252e-13 0)
(6.08705e-14 -6.25318e-13 0)
(1.18321e-13 -8.09793e-13 0)
(1.90668e-13 -9.6281e-13 0)
(2.75795e-13 -1.08757e-12 0)
(3.71555e-13 -1.18676e-12 0)
(4.75882e-13 -1.26308e-12 0)
(5.86521e-13 -1.31866e-12 0)
(7.01726e-13 -1.35502e-12 0)
(8.19866e-13 -1.37376e-12 0)
(9.39097e-13 -1.37638e-12 0)
(1.05804e-12 -1.36408e-12 0)
(1.17549e-12 -1.33801e-12 0)
(1.29019e-12 -1.29925e-12 0)
(1.401e-12 -1.24885e-12 0)
(1.50695e-12 -1.18777e-12 0)
(1.60713e-12 -1.11691e-12 0)
(1.70073e-12 -1.03718e-12 0)
(1.787e-12 -9.49484e-13 0)
(1.86529e-12 -8.54658e-13 0)
(1.93504e-12 -7.53534e-13 0)
(1.9957e-12 -6.46998e-13 0)
(2.04682e-12 -5.35829e-13 0)
(2.08806e-12 -4.20831e-13 0)
(2.11915e-12 -3.02807e-13 0)
(2.13994e-12 -1.82558e-13 0)
(2.15035e-12 -6.09359e-14 0)
(2.15035e-12 6.11312e-14 0)
(2.13994e-12 1.82692e-13 0)
(2.11916e-12 3.02855e-13 0)
(2.08802e-12 4.20765e-13 0)
(2.04671e-12 5.35643e-13 0)
(1.99553e-12 6.46686e-13 0)
(1.93482e-12 7.53114e-13 0)
(1.86503e-12 8.54131e-13 0)
(1.78671e-12 9.48871e-13 0)
(1.70043e-12 1.03651e-12 0)
(1.60681e-12 1.11617e-12 0)
(1.50664e-12 1.187e-12 0)
(1.40074e-12 1.24807e-12 0)
(1.29e-12 1.29846e-12 0)
(1.17541e-12 1.3372e-12 0)
(1.05803e-12 1.36326e-12 0)
(9.39078e-13 1.37558e-12 0)
(8.19885e-13 1.37302e-12 0)
(7.01887e-13 1.3543e-12 0)
(5.869e-13 1.31807e-12 0)
(4.76286e-13 1.26279e-12 0)
(3.71883e-13 1.18647e-12 0)
(2.76953e-13 1.08724e-12 0)
(1.91979e-13 9.63065e-13 0)
(1.18101e-13 8.10163e-13 0)
(6.11149e-14 6.25761e-13 0)
(2.28556e-14 4.07226e-13 0)
(9.81352e-17 1.52513e-13 0)
(1.22706e-16 -1.61994e-13 0)
(1.87536e-14 -4.34354e-13 0)
(5.08625e-14 -6.70445e-13 0)
(9.91237e-14 -8.69763e-13 0)
(1.60132e-13 -1.03559e-12 0)
(2.31949e-13 -1.1712e-12 0)
(3.12739e-13 -1.27947e-12 0)
(4.00889e-13 -1.36286e-12 0)
(4.9471e-13 -1.42348e-12 0)
(5.92456e-13 -1.46317e-12 0)
(6.92671e-13 -1.48385e-12 0)
(7.94006e-13 -1.48695e-12 0)
(8.95176e-13 -1.47379e-12 0)
(9.95059e-13 -1.4457e-12 0)
(1.09263e-12 -1.40389e-12 0)
(1.1869e-12 -1.34944e-12 0)
(1.27706e-12 -1.28342e-12 0)
(1.36232e-12 -1.20683e-12 0)
(1.44194e-12 -1.12066e-12 0)
(1.51533e-12 -1.02584e-12 0)
(1.58195e-12 -9.23328e-13 0)
(1.64126e-12 -8.1403e-13 0)
(1.69283e-12 -6.98851e-13 0)
(1.73632e-12 -5.78678e-13 0)
(1.77139e-12 -4.54395e-13 0)
(1.79783e-12 -3.26887e-13 0)
(1.81552e-12 -1.97037e-13 0)
(1.82438e-12 -6.57618e-14 0)
(1.82437e-12 6.59868e-14 0)
(1.81548e-12 1.97267e-13 0)
(1.79773e-12 3.27084e-13 0)
(1.77122e-12 4.54519e-13 0)
(1.73607e-12 5.78709e-13 0)
(1.69251e-12 6.98773e-13 0)
(1.64086e-12 8.13834e-13 0)
(1.5815e-12 9.23021e-13 0)
(1.51484e-12 1.02543e-12 0)
(1.4414e-12 1.12013e-12 0)
(1.36174e-12 1.20621e-12 0)
(1.2765e-12 1.28272e-12 0)
(1.18637e-12 1.34869e-12 0)
(1.09213e-12 1.40309e-12 0)
(9.94615e-13 1.44486e-12 0)
(8.94761e-13 1.4729e-12 0)
(7.93631e-13 1.48605e-12 0)
(6.92385e-13 1.48303e-12 0)
(5.92235e-13 1.46244e-12 0)
(4.94599e-13 1.42279e-12 0)
(4.01023e-13 1.36232e-12 0)
(3.13156e-13 1.27921e-12 0)
(2.32261e-13 1.1712e-12 0)
(1.60618e-13 1.03543e-12 0)
(1.00398e-13 8.69946e-13 0)
(5.09504e-14 6.71155e-13 0)
(1.82063e-14 4.34683e-13 0)
(1.71323e-16 1.62287e-13 0)
(-4.68887e-17 -1.70119e-13 0)
(1.52657e-14 -4.57539e-13 0)
(4.11988e-14 -7.07522e-13 0)
(8.05704e-14 -9.1916e-13 0)
(1.30286e-13 -1.09594e-12 0)
(1.88767e-13 -1.24077e-12 0)
(2.54714e-13 -1.35663e-12 0)
(3.26913e-13 -1.44587e-12 0)
(4.03814e-13 -1.51075e-12 0)
(4.83927e-13 -1.55348e-12 0)
(5.66152e-13 -1.57583e-12 0)
(6.49365e-13 -1.57929e-12 0)
(7.32481e-13 -1.56548e-12 0)
(8.14554e-13 -1.53577e-12 0)
(8.94744e-13 -1.49141e-12 0)
(9.7225e-13 -1.43359e-12 0)
(1.04636e-12 -1.36344e-12 0)
(1.11644e-12 -1.28207e-12 0)
(1.18192e-12 -1.1905e-12 0)
(1.24227e-12 -1.08974e-12 0)
(1.29701e-12 -9.80787e-13 0)
(1.34576e-12 -8.64647e-13 0)
(1.38816e-12 -7.42239e-13 0)
(1.42388e-12 -6.14555e-13 0)
(1.45268e-12 -4.8252e-13 0)
(1.47441e-12 -3.47069e-13 0)
(1.48894e-12 -2.09146e-13 0)
(1.49623e-12 -6.97407e-14 0)
(1.49623e-12 7.01464e-14 0)
(1.48891e-12 2.09516e-13 0)
(1.47429e-12 3.47374e-13 0)
(1.45244e-12 4.82765e-13 0)
(1.42352e-12 6.14713e-13 0)
(1.38769e-12 7.42301e-13 0)
(1.34522e-12 8.64589e-13 0)
(1.29639e-12 9.80609e-13 0)
(1.24157e-12 1.08942e-12 0)
(1.18117e-12 1.19006e-12 0)
(1.11567e-12 1.28153e-12 0)
(1.04557e-12 1.36283e-12 0)
(9.71454e-13 1.43289e-12 0)
(8.93962e-13 1.49064e-12 0)
(8.13805e-13 1.53495e-12 0)
(7.31757e-13 1.56463e-12 0)
(6.48689e-13 1.57844e-12 0)
(5.65543e-13 1.57498e-12 0)
(4.83366e-13 1.55273e-12 0)
(4.035e-13 1.51012e-12 0)
(3.26867e-13 1.44535e-12 0)
(2.54716e-13 1.35621e-12 0)
(1.89239e-13 1.24059e-12 0)
(1.31139e-13 1.09623e-12 0)
(8.07701e-14 9.19407e-13 0)
(4.14099e-14 7.07535e-13 0)
(1.53814e-14 4.58175e-13 0)
(4.0536e-17 1.70234e-13 0)
(1.51434e-17 -1.76509e-13 0)
(1.18289e-14 -4.76006e-13 0)
(3.19338e-14 -7.36983e-13 0)
(6.23332e-14 -9.58621e-13 0)
(1.0087e-13 -1.14411e-12 0)
(1.46329e-13 -1.2963e-12 0)
(1.97582e-13 -1.41811e-12 0)
(2.53836e-13 -1.51208e-12 0)
(3.13685e-13 -1.58057e-12 0)
(3.76009e-13 -1.62573e-12 0)
(4.40195e-13 -1.64944e-12 0)
(5.05136e-13 -1.65331e-12 0)
(5.69965e-13 -1.63897e-12 0)
(6.34022e-13 -1.60799e-12 0)
(6.96649e-13 -1.56159e-12 0)
(7.57176e-13 -1.50107e-12 0)
(8.15046e-13 -1.42761e-12 0)
(8.6977e-13 -1.34238e-12 0)
(9.20891e-13 -1.24645e-12 0)
(9.68017e-13 -1.14094e-12 0)
(1.01077e-12 -1.02683e-12 0)
(1.04882e-12 -9.05198e-13 0)
(1.0819e-12 -7.7703e-13 0)
(1.10978e-12 -6.43329e-13 0)
(1.13228e-12 -5.05056e-13 0)
(1.14926e-12 -3.63228e-13 0)
(1.16062e-12 -2.18825e-13 0)
(1.16629e-12 -7.28997e-14 0)
(1.16625e-12 7.35214e-14 0)
(1.16048e-12 2.19381e-13 0)
(1.14904e-12 3.63676e-13 0)
(1.13196e-12 5.05393e-13 0)
(1.10935e-12 6.43554e-13 0)
(1.08135e-12 7.77157e-13 0)
(1.04816e-12 9.05213e-13 0)
(1.01e-12 1.02674e-12 0)
(9.67182e-13 1.1407e-12 0)
(9.20004e-13 1.24611e-12 0)
(8.68833e-13 1.34191e-12 0)
(8.14075e-13 1.42704e-12 0)
(7.56177e-13 1.50039e-12 0)
(6.95656e-13 1.56084e-12 0)
(6.33062e-13 1.60717e-12 0)
(5.69009e-13 1.63812e-12 0)
(5.04179e-13 1.65244e-12 0)
(4.39368e-13 1.64858e-12 0)
(3.75335e-13 1.62496e-12 0)
(3.13101e-13 1.5799e-12 0)
(2.53465e-13 1.51149e-12 0)
(1.97658e-13 1.41773e-12 0)
(1.46742e-13 1.29604e-12 0)
(1.01293e-13 1.14379e-12 0)
(6.30014e-14 9.58702e-13 0)
(3.22759e-14 7.37458e-13 0)
(1.15816e-14 4.75988e-13 0)
(8.9867e-17 1.76679e-13 0)
(-5.52871e-17 -1.81326e-13 0)
(8.51986e-15 -4.89828e-13 0)
(2.27604e-14 -7.59115e-13 0)
(4.44442e-14 -9.88253e-13 0)
(7.20392e-14 -1.18016e-12 0)
(1.04523e-13 -1.33789e-12 0)
(1.41105e-13 -1.46426e-12 0)
(1.81293e-13 -1.56188e-12 0)
(2.24107e-13 -1.63314e-12 0)
(2.68709e-13 -1.68014e-12 0)
(3.14737e-13 -1.70488e-12 0)
(3.61135e-13 -1.70907e-12 0)
(4.07669e-13 -1.69438e-12 0)
(4.53537e-13 -1.66242e-12 0)
(4.98425e-13 -1.61449e-12 0)
(5.41801e-13 -1.55191e-12 0)
(5.83271e-13 -1.47596e-12 0)
(6.22484e-13 -1.38782e-12 0)
(6.59112e-13 -1.28864e-12 0)
(6.9287e-13 -1.1795e-12 0)
(7.23494e-13 -1.06153e-12 0)
(7.50745e-13 -9.35742e-13 0)
(7.74448e-13 -8.03219e-13 0)
(7.94432e-13 -6.64962e-13 0)
(8.10556e-13 -5.22008e-13 0)
(8.22721e-13 -3.75366e-13 0)
(8.30854e-13 -2.26098e-13 0)
(8.34899e-13 -7.52601e-14 0)
(8.34841e-13 7.60593e-14 0)
(8.30673e-13 2.26811e-13 0)
(8.22418e-13 3.75967e-13 0)
(8.10139e-13 5.22483e-13 0)
(7.93911e-13 6.65331e-13 0)
(7.7382e-13 8.03484e-13 0)
(7.50017e-13 9.35899e-13 0)
(7.22653e-13 1.06155e-12 0)
(6.91933e-13 1.17941e-12 0)
(6.58108e-13 1.2884e-12 0)
(6.21414e-13 1.38745e-12 0)
(5.82148e-13 1.47546e-12 0)
(5.40647e-13 1.55129e-12 0)
(4.97269e-13 1.61376e-12 0)
(4.52397e-13 1.6616e-12 0)
(4.06525e-13 1.6935e-12 0)
(3.60014e-13 1.70816e-12 0)
(3.13746e-13 1.704e-12 0)
(2.67821e-13 1.67925e-12 0)
(2.23413e-13 1.63236e-12 0)
(1.80972e-13 1.56126e-12 0)
(1.40904e-13 1.46366e-12 0)
(1.04577e-13 1.33742e-12 0)
(7.28405e-14 1.18002e-12 0)
(4.51617e-14 9.87988e-13 0)
(2.27433e-14 7.58802e-13 0)
(8.40307e-15 4.90007e-13 0)
(-1.3495e-16 1.81303e-13 0)
(-1.15572e-16 -1.84499e-13 0)
(5.17876e-15 -4.98961e-13 0)
(1.37805e-14 -7.73831e-13 0)
(2.68242e-14 -1.00788e-12 0)
(4.35175e-14 -1.20417e-12 0)
(6.3056e-14 -1.36562e-12 0)
(8.49918e-14 -1.4951e-12 0)
(1.09183e-13 -1.59518e-12 0)
(1.34926e-13 -1.66824e-12 0)
(1.61723e-13 -1.71646e-12 0)
(1.89943e-13 -1.7417e-12 0)
(2.17019e-13 -1.74595e-12 0)
(2.4559e-13 -1.73138e-12 0)
(2.7312e-13 -1.69881e-12 0)
(3.00134e-13 -1.64985e-12 0)
(3.26229e-13 -1.5859e-12 0)
(3.5116e-13 -1.50829e-12 0)
(3.74743e-13 -1.41821e-12 0)
(3.96786e-13 -1.31684e-12 0)
(4.17086e-13 -1.2053e-12 0)
(4.35493e-13 -1.08472e-12 0)
(4.5188e-13 -9.56161e-13 0)
(4.66118e-13 -8.20717e-13 0)
(4.78135e-13 -6.79416e-13 0)
(4.87855e-13 -5.33322e-13 0)
(4.95197e-13 -3.83454e-13 0)
(5.0009e-13 -2.3093e-13 0)
(5.02479e-13 -7.68151e-14 0)
(5.0236e-13 7.77863e-14 0)
(4.99797e-13 2.31818e-13 0)
(4.94807e-13 3.84217e-13 0)
(4.87395e-13 5.3395e-13 0)
(4.77597e-13 6.79935e-13 0)
(4.65466e-13 8.2112e-13 0)
(4.51093e-13 9.56462e-13 0)
(4.34598e-13 1.08487e-12 0)
(4.16089e-13 1.20533e-12 0)
(3.95695e-13 1.31671e-12 0)
(3.73584e-13 1.41793e-12 0)
(3.49939e-13 1.50787e-12 0)
(3.24958e-13 1.58535e-12 0)
(2.98855e-13 1.64916e-12 0)
(2.71862e-13 1.69803e-12 0)
(2.44332e-13 1.73052e-12 0)
(2.15777e-13 1.74504e-12 0)
(1.88779e-13 1.74079e-12 0)
(1.60764e-13 1.71555e-12 0)
(1.34199e-13 1.66738e-12 0)
(1.08569e-13 1.59436e-12 0)
(8.47985e-14 1.49444e-12 0)
(6.35344e-14 1.36514e-12 0)
(4.38033e-14 1.20354e-12 0)
(2.7055e-14 1.00753e-12 0)
(1.43875e-14 7.73818e-13 0)
(5.16907e-15 4.98656e-13 0)
(6.09307e-17 1.84504e-13 0)
(-8.80987e-17 -1.86098e-13 0)
(1.92383e-15 -5.03594e-13 0)
(4.85715e-15 -7.81217e-13 0)
(9.34967e-15 -1.01776e-12 0)
(1.5151e-14 -1.21624e-12 0)
(2.17968e-14 -1.37956e-12 0)
(2.91164e-14 -1.51056e-12 0)
(3.73197e-14 -1.61182e-12 0)
(4.59891e-14 -1.68579e-12 0)
(5.47635e-14 -1.73467e-12 0)
(6.43114e-14 -1.76047e-12 0)
(7.36408e-14 -1.76526e-12 0)
(8.39505e-14 -1.75006e-12 0)
(9.27036e-14 -1.71696e-12 0)
(1.01721e-13 -1.66746e-12 0)
(1.10464e-13 -1.60289e-12 0)
(1.18808e-13 -1.52447e-12 0)
(1.26705e-13 -1.43342e-12 0)
(1.34083e-13 -1.33094e-12 0)
(1.40874e-13 -1.2182e-12 0)
(1.47018e-13 -1.09629e-12 0)
(1.52476e-13 -9.66346e-13 0)
(1.57237e-13 -8.29407e-13 0)
(1.61276e-13 -6.86566e-13 0)
(1.64564e-13 -5.38875e-13 0)
(1.67035e-13 -3.87434e-13 0)
(1.68636e-13 -2.33306e-13 0)
(1.69369e-13 -7.75998e-14 0)
(1.69247e-13 7.86387e-14 0)
(1.68307e-13 2.34334e-13 0)
(1.66573e-13 3.88389e-13 0)
(1.64036e-13 5.39723e-13 0)
(1.60692e-13 6.87279e-13 0)
(1.56575e-13 8.29982e-13 0)
(1.51695e-13 9.66777e-13 0)
(1.46109e-13 1.0966e-12 0)
(1.39854e-13 1.21834e-12 0)
(1.32957e-13 1.33091e-12 0)
(1.25501e-13 1.43322e-12 0)
(1.17537e-13 1.5241e-12 0)
(1.09135e-13 1.60238e-12 0)
(1.00383e-13 1.66683e-12 0)
(9.13785e-14 1.7162e-12 0)
(8.26139e-14 1.74921e-12 0)
(7.23374e-14 1.76435e-12 0)
(6.3117e-14 1.7595e-12 0)
(5.36946e-14 1.7337e-12 0)
(4.5098e-14 1.68483e-12 0)
(3.68867e-14 1.6109e-12 0)
(2.89328e-14 1.50966e-12 0)
(2.15539e-14 1.3788e-12 0)
(1.57775e-14 1.21573e-12 0)
(1.04001e-14 1.01723e-12 0)
(4.63003e-15 7.80598e-13 0)
(1.55062e-15 5.03453e-13 0)
(-1.90003e-16 1.85992e-13 0)
(-1.31291e-16 -1.8619e-13 0)
(-1.3189e-15 -5.03688e-13 0)
(-3.96185e-15 -7.81384e-13 0)
(-8.09665e-15 -1.01795e-12 0)
(-1.31487e-14 -1.21641e-12 0)
(-1.93667e-14 -1.37972e-12 0)
(-2.6626e-14 -1.51069e-12 0)
(-3.43949e-14 -1.61194e-12 0)
(-4.27035e-14 -1.6859e-12 0)
(-5.12851e-14 -1.73477e-12 0)
(-6.0495e-14 -1.76056e-12 0)
(-6.95253e-14 -1.76533e-12 0)
(-7.96086e-14 -1.75013e-12 0)
(-8.81343e-14 -1.71702e-12 0)
(-9.69349e-14 -1.66751e-12 0)
(-1.05508e-13 -1.60293e-12 0)
(-1.13716e-13 -1.52449e-12 0)
(-1.21496e-13 -1.43343e-12 0)
(-1.28788e-13 -1.33094e-12 0)
(-1.35528e-13 -1.21818e-12 0)
(-1.41663e-13 -1.09625e-12 0)
(-1.47121e-13 -9.66249e-13 0)
(-1.51855e-13 -8.29273e-13 0)
(-1.55833e-13 -6.8641e-13 0)
(-1.59034e-13 -5.38724e-13 0)
(-1.61465e-13 -3.87326e-13 0)
(-1.63142e-13 -2.33251e-13 0)
(-1.64056e-13 -7.75642e-14 0)
(-1.64159e-13 7.86661e-14 0)
(-1.63438e-13 2.34355e-13 0)
(-1.61903e-13 3.8843e-13 0)
(-1.59558e-13 5.39787e-13 0)
(-1.56426e-13 6.87363e-13 0)
(-1.52537e-13 8.30089e-13 0)
(-1.47897e-13 9.66883e-13 0)
(-1.42558e-13 1.09671e-12 0)
(-1.36556e-13 1.21844e-12 0)
(-1.29918e-13 1.33102e-12 0)
(-1.22711e-13 1.43332e-12 0)
(-1.14992e-13 1.52419e-12 0)
(-1.06832e-13 1.60247e-12 0)
(-9.82926e-14 1.66691e-12 0)
(-8.94844e-14 1.71626e-12 0)
(-8.09491e-14 1.74926e-12 0)
(-7.08555e-14 1.76438e-12 0)
(-6.17268e-14 1.75953e-12 0)
(-5.23477e-14 1.73371e-12 0)
(-4.35455e-14 1.6848e-12 0)
(-3.51497e-14 1.61084e-12 0)
(-2.69133e-14 1.50971e-12 0)
(-1.87897e-14 1.3788e-12 0)
(-1.29313e-14 1.21541e-12 0)
(-8.28615e-15 1.01721e-12 0)
(-3.28603e-15 7.80889e-13 0)
(-1.1969e-15 5.03133e-13 0)
(-2.12577e-17 1.86022e-13 0)
(-2.56205e-16 -1.84659e-13 0)
(-4.46233e-15 -4.99342e-13 0)
(-1.29102e-14 -7.74269e-13 0)
(-2.5553e-14 -1.00834e-12 0)
(-4.15061e-14 -1.20465e-12 0)
(-6.06492e-14 -1.36608e-12 0)
(-8.25421e-14 -1.49549e-12 0)
(-1.06341e-13 -1.59553e-12 0)
(-1.31764e-13 -1.66855e-12 0)
(-1.58372e-13 -1.71673e-12 0)
(-1.86254e-13 -1.74195e-12 0)
(-2.13034e-13 -1.74616e-12 0)
(-2.41411e-13 -1.73156e-12 0)
(-2.68723e-13 -1.69895e-12 0)
(-2.95522e-13 -1.64996e-12 0)
(-3.2145e-13 -1.586e-12 0)
(-3.46243e-13 -1.50835e-12 0)
(-3.69713e-13 -1.41824e-12 0)
(-3.91664e-13 -1.31683e-12 0)
(-4.11905e-13 -1.20525e-12 0)
(-4.30268e-13 -1.08461e-12 0)
(-4.46634e-13 -9.55979e-13 0)
(-4.6088e-13 -8.20455e-13 0)
(-4.72876e-13 -6.79083e-13 0)
(-4.8257e-13 -5.32977e-13 0)
(-4.89916e-13 -3.83164e-13 0)
(-4.94855e-13 -2.30737e-13 0)
(-4.97377e-13 -7.66851e-14 0)
(-4.97463e-13 7.79082e-14 0)
(-4.95083e-13 2.31989e-13 0)
(-4.90257e-13 3.84438e-13 0)
(-4.83028e-13 5.34218e-13 0)
(-4.73433e-13 6.80214e-13 0)
(-4.61541e-13 8.21434e-13 0)
(-4.47418e-13 9.5678e-13 0)
(-4.31161e-13 1.08521e-12 0)
(-4.12895e-13 1.20565e-12 0)
(-3.92755e-13 1.31704e-12 0)
(-3.70897e-13 1.41823e-12 0)
(-3.47486e-13 1.50815e-12 0)
(-3.2273e-13 1.5856e-12 0)
(-2.96843e-13 1.6494e-12 0)
(-2.70047e-13 1.69822e-12 0)
(-2.42732e-13 1.73068e-12 0)
(-2.14351e-13 1.74516e-12 0)
(-1.87444e-13 1.74086e-12 0)
(-1.59498e-13 1.71555e-12 0)
(-1.32739e-13 1.66736e-12 0)
(-1.06771e-13 1.59433e-12 0)
(-8.27397e-14 1.49427e-12 0)
(-6.11594e-14 1.36494e-12 0)
(-4.09925e-14 1.2037e-12 0)
(-2.43465e-14 1.00727e-12 0)
(-1.33596e-14 7.73335e-13 0)
(-5.19864e-15 4.98742e-13 0)
(-2.02072e-16 1.84463e-13 0)
(-1.70804e-16 -1.81572e-13 0)
(-7.78837e-15 -4.90349e-13 0)
(-2.17538e-14 -7.59823e-13 0)
(-4.31905e-14 -9.88934e-13 0)
(-7.01142e-14 -1.18089e-12 0)
(-1.02188e-13 -1.33859e-12 0)
(-1.38778e-13 -1.46491e-12 0)
(-1.78624e-13 -1.56249e-12 0)
(-2.21143e-13 -1.63365e-12 0)
(-2.65614e-13 -1.68058e-12 0)
(-3.11349e-13 -1.7053e-12 0)
(-3.57457e-13 -1.70942e-12 0)
(-4.03797e-13 -1.69467e-12 0)
(-4.49471e-13 -1.66267e-12 0)
(-4.94173e-13 -1.61468e-12 0)
(-5.37382e-13 -1.55207e-12 0)
(-5.78712e-13 -1.47606e-12 0)
(-6.17815e-13 -1.38788e-12 0)
(-6.54351e-13 -1.28862e-12 0)
(-6.88043e-13 -1.17945e-12 0)
(-7.18624e-13 -1.06137e-12 0)
(-7.4585e-13 -9.35539e-13 0)
(-7.69523e-13 -8.02895e-13 0)
(-7.89506e-13 -6.64592e-13 0)
(-8.05659e-13 -5.21588e-13 0)
(-8.1788e-13 -3.74992e-13 0)
(-8.26083e-13 -2.25736e-13 0)
(-8.30206e-13 -7.49667e-14 0)
(-8.30241e-13 7.63895e-14 0)
(-8.2621e-13 2.27163e-13 0)
(-8.18135e-13 3.76404e-13 0)
(-8.0606e-13 5.22946e-13 0)
(-7.90031e-13 6.65869e-13 0)
(-7.70146e-13 8.04019e-13 0)
(-7.46564e-13 9.36496e-13 0)
(-7.19439e-13 1.06213e-12 0)
(-6.88969e-13 1.18e-12 0)
(-6.5538e-13 1.28894e-12 0)
(-6.18912e-13 1.38799e-12 0)
(-5.7987e-13 1.47594e-12 0)
(-5.38589e-13 1.55175e-12 0)
(-4.95407e-13 1.61414e-12 0)
(-4.50726e-13 1.66196e-12 0)
(-4.05059e-13 1.69378e-12 0)
(-3.58715e-13 1.70838e-12 0)
(-3.12564e-13 1.70412e-12 0)
(-2.66642e-13 1.67934e-12 0)
(-2.21942e-13 1.63232e-12 0)
(-1.79446e-13 1.56113e-12 0)
(-1.39131e-13 1.46364e-12 0)
(-1.0155e-13 1.33726e-12 0)
(-7.0122e-14 1.17946e-12 0)
(-4.3744e-14 9.87792e-13 0)
(-2.10744e-14 7.58902e-13 0)
(-7.73532e-15 4.89403e-13 0)
(-2.09397e-17 1.81386e-13 0)
(-3.42301e-16 -1.76865e-13 0)
(-1.10386e-14 -4.76719e-13 0)
(-3.09513e-14 -7.3793e-13 0)
(-6.10354e-14 -9.59585e-13 0)
(-9.90352e-14 -1.14498e-12 0)
(-1.44189e-13 -1.29713e-12 0)
(-1.95524e-13 -1.41888e-12 0)
(-2.51431e-13 -1.51281e-12 0)
(-3.11028e-13 -1.58125e-12 0)
(-3.73326e-13 -1.62629e-12 0)
(-4.37235e-13 -1.64993e-12 0)
(-5.01895e-13 -1.65373e-12 0)
(-5.66582e-13 -1.63933e-12 0)
(-6.30466e-13 -1.60826e-12 0)
(-6.92915e-13 -1.56181e-12 0)
(-7.53284e-13 -1.5012e-12 0)
(-8.1103e-13 -1.42769e-12 0)
(-8.65641e-13 -1.34237e-12 0)
(-9.16678e-13 -1.2464e-12 0)
(-9.63718e-13 -1.14078e-12 0)
(-1.00641e-12 -1.02663e-12 0)
(-1.04442e-12 -9.04877e-13 0)
(-1.07751e-12 -7.76636e-13 0)
(-1.10542e-12 -6.42839e-13 0)
(-1.12797e-12 -5.04549e-13 0)
(-1.14499e-12 -3.62692e-13 0)
(-1.1564e-12 -2.18335e-13 0)
(-1.16213e-12 -7.24045e-14 0)
(-1.16217e-12 7.39932e-14 0)
(-1.1565e-12 2.19912e-13 0)
(-1.14518e-12 3.64249e-13 0)
(-1.12825e-12 5.06058e-13 0)
(-1.10583e-12 6.44272e-13 0)
(-1.07803e-12 7.77937e-13 0)
(-1.04506e-12 9.06005e-13 0)
(-1.00714e-12 1.02754e-12 0)
(-9.64541e-13 1.14148e-12 0)
(-9.17586e-13 1.24686e-12 0)
(-8.66623e-13 1.34259e-12 0)
(-8.12066e-13 1.42765e-12 0)
(-7.54371e-13 1.50093e-12 0)
(-6.94033e-13 1.5613e-12 0)
(-6.31595e-13 1.60753e-12 0)
(-5.6775e-13 1.6384e-12 0)
(-5.03075e-13 1.65262e-12 0)
(-4.38304e-13 1.64867e-12 0)
(-3.74356e-13 1.62493e-12 0)
(-3.11964e-13 1.57981e-12 0)
(-2.51749e-13 1.51139e-12 0)
(-1.95739e-13 1.41732e-12 0)
(-1.45023e-13 1.29564e-12 0)
(-9.86257e-14 1.14367e-12 0)
(-5.97307e-14 9.58075e-13 0)
(-3.17256e-14 7.3645e-13 0)
(-1.19602e-14 4.75829e-13 0)
(-3.88144e-16 1.76592e-13 0)
(-2.38856e-16 -1.70496e-13 0)
(-1.45076e-14 -4.58408e-13 0)
(-4.01384e-14 -7.08466e-13 0)
(-7.92469e-14 -9.20179e-13 0)
(-1.28497e-13 -1.09692e-12 0)
(-1.8683e-13 -1.24168e-12 0)
(-2.52984e-13 -1.35735e-12 0)
(-3.25e-13 -1.44651e-12 0)
(-4.01647e-13 -1.51139e-12 0)
(-4.81703e-13 -1.55401e-12 0)
(-5.63762e-13 -1.57625e-12 0)
(-6.46775e-13 -1.57964e-12 0)
(-7.29733e-13 -1.56576e-12 0)
(-8.11657e-13 -1.53595e-12 0)
(-8.91686e-13 -1.49153e-12 0)
(-9.69064e-13 -1.43359e-12 0)
(-1.04306e-12 -1.3634e-12 0)
(-1.11304e-12 -1.28189e-12 0)
(-1.17843e-12 -1.19029e-12 0)
(-1.2387e-12 -1.08941e-12 0)
(-1.29339e-12 -9.80464e-13 0)
(-1.3421e-12 -8.64178e-13 0)
(-1.38447e-12 -7.41809e-13 0)
(-1.42023e-12 -6.13977e-13 0)
(-1.44911e-12 -4.81976e-13 0)
(-1.47092e-12 -3.46387e-13 0)
(-1.48552e-12 -2.08558e-13 0)
(-1.49282e-12 -6.90308e-14 0)
(-1.49281e-12 7.07607e-14 0)
(-1.48552e-12 2.10285e-13 0)
(-1.47099e-12 3.48073e-13 0)
(-1.44928e-12 4.83637e-13 0)
(-1.42052e-12 6.15511e-13 0)
(-1.38488e-12 7.4326e-13 0)
(-1.3426e-12 8.65418e-13 0)
(-1.29398e-12 9.81572e-13 0)
(-1.23938e-12 1.09022e-12 0)
(-1.1792e-12 1.19092e-12 0)
(-1.11388e-12 1.28218e-12 0)
(-1.04395e-12 1.36349e-12 0)
(-9.69998e-13 1.43332e-12 0)
(-8.92659e-13 1.49108e-12 0)
(-8.12651e-13 1.53517e-12 0)
(-7.30749e-13 1.56483e-12 0)
(-6.47804e-13 1.57842e-12 0)
(-5.64775e-13 1.57494e-12 0)
(-4.82544e-13 1.55254e-12 0)
(-4.02239e-13 1.50992e-12 0)
(-3.25798e-13 1.44482e-12 0)
(-2.53385e-13 1.35586e-12 0)
(-1.86061e-13 1.24018e-12 0)
(-1.28799e-13 1.09498e-12 0)
(-8.0402e-14 9.18491e-13 0)
(-3.94185e-14 7.07197e-13 0)
(-1.43353e-14 4.56955e-13 0)
(-1.38591e-16 1.70229e-13 0)
(-3.7193e-16 -1.62498e-13 0)
(-1.7992e-14 -4.35179e-13 0)
(-4.97617e-14 -6.71441e-13 0)
(-9.79725e-14 -8.70651e-13 0)
(-1.58625e-13 -1.03658e-12 0)
(-2.30263e-13 -1.17229e-12 0)
(-3.11355e-13 -1.28044e-12 0)
(-3.99522e-13 -1.36375e-12 0)
(-4.93198e-13 -1.42426e-12 0)
(-5.9092e-13 -1.46399e-12 0)
(-6.91004e-13 -1.48451e-12 0)
(-7.92186e-13 -1.48754e-12 0)
(-8.93236e-13 -1.47424e-12 0)
(-9.93005e-13 -1.44615e-12 0)
(-1.09043e-12 -1.40414e-12 0)
(-1.1846e-12 -1.3497e-12 0)
(-1.27464e-12 -1.28346e-12 0)
(-1.35981e-12 -1.20693e-12 0)
(-1.43938e-12 -1.12051e-12 0)
(-1.51272e-12 -1.02579e-12 0)
(-1.57926e-12 -9.23018e-13 0)
(-1.63856e-12 -8.1385e-13 0)
(-1.69012e-12 -6.98407e-13 0)
(-1.73362e-12 -5.78381e-13 0)
(-1.76872e-12 -4.53817e-13 0)
(-1.79523e-12 -3.26458e-13 0)
(-1.81294e-12 -1.96279e-13 0)
(-1.82181e-12 -6.51667e-14 0)
(-1.82179e-12 6.69167e-14 0)
(-1.81291e-12 1.98006e-13 0)
(-1.79519e-12 3.28188e-13 0)
(-1.76876e-12 4.55493e-13 0)
(-1.73374e-12 5.80054e-13 0)
(-1.69034e-12 6.99931e-13 0)
(-1.63886e-12 8.15284e-13 0)
(-1.57968e-12 9.24175e-13 0)
(-1.51322e-12 1.02678e-12 0)
(-1.43996e-12 1.12116e-12 0)
(-1.36047e-12 1.20737e-12 0)
(-1.27535e-12 1.28351e-12 0)
(-1.18535e-12 1.34955e-12 0)
(-1.0912e-12 1.40358e-12 0)
(-9.93803e-13 1.44544e-12 0)
(-8.94084e-13 1.4732e-12 0)
(-7.93054e-13 1.48641e-12 0)
(-6.91737e-13 1.48313e-12 0)
(-5.9163e-13 1.46256e-12 0)
(-4.93978e-13 1.42259e-12 0)
(-3.99611e-13 1.36223e-12 0)
(-3.11276e-13 1.2788e-12 0)
(-2.31607e-13 1.17033e-12 0)
(-1.58647e-13 1.03503e-12 0)
(-9.64322e-14 8.68958e-13 0)
(-5.09286e-14 6.69431e-13 0)
(-1.92328e-14 4.34115e-13 0)
(-4.10814e-16 1.62052e-13 0)
(-3.46938e-16 -1.52664e-13 0)
(-2.17931e-14 -4.07169e-13 0)
(-5.96966e-14 -6.26405e-13 0)
(-1.17273e-13 -8.10852e-13 0)
(-1.89744e-13 -9.63756e-13 0)
(-2.74821e-13 -1.08861e-12 0)
(-3.70837e-13 -1.18802e-12 0)
(-4.75183e-13 -1.26438e-12 0)
(-5.8585e-13 -1.31984e-12 0)
(-7.01072e-13 -1.35611e-12 0)
(-8.19047e-13 -1.37484e-12 0)
(-9.38179e-13 -1.37734e-12 0)
(-1.05712e-12 -1.36494e-12 0)
(-1.17442e-12 -1.33877e-12 0)
(-1.289e-12 -1.29992e-12 0)
(-1.39972e-12 -1.24941e-12 0)
(-1.50563e-12 -1.18821e-12 0)
(-1.6057e-12 -1.11726e-12 0)
(-1.69925e-12 -1.03743e-12 0)
(-1.78546e-12 -9.49631e-13 0)
(-1.86373e-12 -8.54686e-13 0)
(-1.93341e-12 -7.53518e-13 0)
(-1.99405e-12 -6.46823e-13 0)
(-2.04517e-12 -5.3561e-13 0)
(-2.08646e-12 -4.20446e-13 0)
(-2.11755e-12 -3.02395e-13 0)
(-2.13835e-12 -1.81958e-13 0)
(-2.14872e-12 -6.03324e-14 0)
(-2.14867e-12 6.19594e-14 0)
(-2.13819e-12 1.83598e-13 0)
(-2.11735e-12 3.04106e-13 0)
(-2.08625e-12 4.22149e-13 0)
(-2.04506e-12 5.37367e-13 0)
(-1.99404e-12 6.48416e-13 0)
(-1.93353e-12 7.55041e-13 0)
(-1.86394e-12 8.55877e-13 0)
(-1.78575e-12 9.50717e-13 0)
(-1.69962e-12 1.03809e-12 0)
(-1.60615e-12 1.11775e-12 0)
(-1.50611e-12 1.18823e-12 0)
(-1.40025e-12 1.24926e-12 0)
(-1.28955e-12 1.29932e-12 0)
(-1.17495e-12 1.33807e-12 0)
(-1.05765e-12 1.3639e-12 0)
(-9.38721e-13 1.37626e-12 0)
(-8.19628e-13 1.37344e-12 0)
(-7.01591e-13 1.35473e-12 0)
(-5.86045e-13 1.31828e-12 0)
(-4.75597e-13 1.2628e-12 0)
(-3.71487e-13 1.18611e-12 0)
(-2.73955e-13 1.0872e-12 0)
(-1.89968e-13 9.61874e-13 0)
(-1.19289e-13 8.08764e-13 0)
(-5.89835e-14 6.24902e-13 0)
(-2.14009e-14 4.05802e-13 0)
(-1.72929e-16 1.52313e-13 0)
(-2.69574e-16 -1.41135e-13 0)
(-2.55954e-14 -3.7413e-13 0)
(-7.0193e-14 -5.73578e-13 0)
(-1.3755e-13 -7.40575e-13 0)
(-2.2173e-13 -8.78467e-13 0)
(-3.20641e-13 -9.90654e-13 0)
(-4.31703e-13 -1.07999e-12 0)
(-5.52128e-13 -1.14843e-12 0)
(-6.79666e-13 -1.19817e-12 0)
(-8.12299e-13 -1.23054e-12 0)
(-9.47882e-13 -1.2473e-12 0)
(-1.08471e-12 -1.24923e-12 0)
(-1.2212e-12 -1.23803e-12 0)
(-1.35585e-12 -1.21402e-12 0)
(-1.48729e-12 -1.17904e-12 0)
(-1.61427e-12 -1.13295e-12 0)
(-1.73569e-12 -1.07783e-12 0)
(-1.85051e-12 -1.01312e-12 0)
(-1.95778e-12 -9.412e-13 0)
(-2.05667e-12 -8.61129e-13 0)
(-2.14644e-12 -7.75612e-13 0)
(-2.22638e-12 -6.83295e-13 0)
(-2.29596e-12 -5.87243e-13 0)
(-2.35461e-12 -4.85714e-13 0)
(-2.40195e-12 -3.82062e-13 0)
(-2.4376e-12 -2.74186e-13 0)
(-2.4614e-12 -1.65704e-13 0)
(-2.47324e-12 -5.43462e-14 0)
(-2.47314e-12 5.58233e-14 0)
(-2.46108e-12 1.67241e-13 0)
(-2.43716e-12 2.7562e-13 0)
(-2.40147e-12 3.83625e-13 0)
(-2.35424e-12 4.87001e-13 0)
(-2.2957e-12 5.88651e-13 0)
(-2.22626e-12 6.84249e-13 0)
(-2.14637e-12 7.76749e-13 0)
(-2.0567e-12 8.61685e-13 0)
(-1.95791e-12 9.41955e-13 0)
(-1.85071e-12 1.01322e-12 0)
(-1.73592e-12 1.07815e-12 0)
(-1.61451e-12 1.13256e-12 0)
(-1.48748e-12 1.17895e-12 0)
(-1.35601e-12 1.21327e-12 0)
(-1.22141e-12 1.23759e-12 0)
(-1.08497e-12 1.24813e-12 0)
(-9.48049e-13 1.24653e-12 0)
(-8.12419e-13 1.22924e-12 0)
(-6.80023e-13 1.19711e-12 0)
(-5.52099e-13 1.14678e-12 0)
(-4.3116e-13 1.07889e-12 0)
(-3.21847e-13 9.8898e-13 0)
(-2.22532e-13 8.76652e-13 0)
(-1.35963e-13 7.39305e-13 0)
(-7.1208e-14 5.72012e-13 0)
(-2.69821e-14 3.72786e-13 0)
(-2.21927e-16 1.40869e-13 0)
(-3.44528e-16 -1.27889e-13 0)
(-2.98895e-14 -3.35615e-13 0)
(-8.12662e-14 -5.12507e-13 0)
(-1.58692e-13 -6.59288e-13 0)
(-2.55064e-13 -7.80363e-13 0)
(-3.67803e-13 -8.78447e-13 0)
(-4.93985e-13 -9.56322e-13 0)
(-6.30473e-13 -1.01619e-12 0)
(-7.74729e-13 -1.05942e-12 0)
(-9.2453e-13 -1.08778e-12 0)
(-1.07745e-12 -1.10209e-12 0)
(-1.23175e-12 -1.10392e-12 0)
(-1.38548e-12 -1.09363e-12 0)
(-1.53715e-12 -1.07279e-12 0)
(-1.68506e-12 -1.04145e-12 0)
(-1.8281e-12 -1.0013e-12 0)
(-1.96471e-12 -9.52059e-13 0)
(-2.094e-12 -8.95607e-13 0)
(-2.21469e-12 -8.31364e-13 0)
(-2.3261e-12 -7.61494e-13 0)
(-2.4271e-12 -6.85072e-13 0)
(-2.51721e-12 -6.04532e-13 0)
(-2.59549e-12 -5.18686e-13 0)
(-2.66165e-12 -4.30131e-13 0)
(-2.71491e-12 -3.37508e-13 0)
(-2.75509e-12 -2.4339e-13 0)
(-2.78178e-12 -1.46204e-13 0)
(-2.79514e-12 -4.88487e-14 0)
(-2.79495e-12 5.00749e-14 0)
(-2.78142e-12 1.47367e-13 0)
(-2.75449e-12 2.44549e-13 0)
(-2.71434e-12 3.38503e-13 0)
(-2.66104e-12 4.31084e-13 0)
(-2.59503e-12 5.1937e-13 0)
(-2.5167e-12 6.05171e-13 0)
(-2.42669e-12 6.85447e-13 0)
(-2.32569e-12 7.61891e-13 0)
(-2.21435e-12 8.31582e-13 0)
(-2.09368e-12 8.95835e-13 0)
(-1.96444e-12 9.52027e-13 0)
(-1.82777e-12 1.00137e-12 0)
(-1.68472e-12 1.04127e-12 0)
(-1.53682e-12 1.07272e-12 0)
(-1.38518e-12 1.09328e-12 0)
(-1.23152e-12 1.10363e-12 0)
(-1.07723e-12 1.10155e-12 0)
(-9.24446e-13 1.08719e-12 0)
(-7.74519e-13 1.05857e-12 0)
(-6.30341e-13 1.01543e-12 0)
(-4.94243e-13 9.55165e-13 0)
(-3.67432e-13 8.77112e-13 0)
(-2.54882e-13 7.79788e-13 0)
(-1.6069e-13 6.57719e-13 0)
(-8.10846e-14 5.11225e-13 0)
(-2.90901e-14 3.34951e-13 0)
(-3.70098e-16 1.27579e-13 0)
(-7.9311e-16 -1.12348e-13 0)
(-3.42001e-14 -2.91337e-13 0)
(-9.33038e-14 -4.42385e-13 0)
(-1.81254e-13 -5.66452e-13 0)
(-2.90097e-13 -6.68576e-13 0)
(-4.16579e-13 -7.5112e-13 0)
(-5.57978e-13 -8.16635e-13 0)
(-7.10333e-13 -8.67032e-13 0)
(-8.71091e-13 -9.03415e-13 0)
(-1.03771e-12 -9.27272e-13 0)
(-1.20778e-12 -9.39275e-13 0)
(-1.37907e-12 -9.40739e-13 0)
(-1.54983e-12 -9.31882e-13 0)
(-1.71806e-12 -9.14193e-13 0)
(-1.88232e-12 -8.87447e-13 0)
(-2.04088e-12 -8.53378e-13 0)
(-2.19258e-12 -8.11318e-13 0)
(-2.3359e-12 -7.63413e-13 0)
(-2.46997e-12 -7.08526e-13 0)
(-2.59345e-12 -6.49207e-13 0)
(-2.70569e-12 -5.83863e-13 0)
(-2.80559e-12 -5.15505e-13 0)
(-2.89265e-12 -4.42084e-13 0)
(-2.96607e-12 -3.67126e-13 0)
(-3.02536e-12 -2.87975e-13 0)
(-3.06987e-12 -2.0833e-13 0)
(-3.09954e-12 -1.2488e-13 0)
(-3.11422e-12 -4.20562e-14 0)
(-3.1141e-12 4.31964e-14 0)
(-3.09904e-12 1.25844e-13 0)
(-3.06919e-12 2.09243e-13 0)
(-3.02454e-12 2.88377e-13 0)
(-2.96531e-12 3.67569e-13 0)
(-2.89188e-12 4.41997e-13 0)
(-2.80482e-12 5.15785e-13 0)
(-2.70479e-12 5.83549e-13 0)
(-2.59246e-12 6.49493e-13 0)
(-2.46901e-12 7.08123e-13 0)
(-2.33502e-12 7.63723e-13 0)
(-2.19161e-12 8.11046e-13 0)
(-2.03988e-12 8.53919e-13 0)
(-1.88129e-12 8.87211e-13 0)
(-1.71704e-12 9.14693e-13 0)
(-1.54896e-12 9.31582e-13 0)
(-1.3783e-12 9.41081e-13 0)
(-1.20713e-12 9.38782e-13 0)
(-1.03712e-12 9.27429e-13 0)
(-8.70742e-13 9.02799e-13 0)
(-7.09896e-13 8.66746e-13 0)
(-5.57468e-13 8.1581e-13 0)
(-4.16867e-13 7.51031e-13 0)
(-2.91019e-13 6.67352e-13 0)
(-1.80496e-13 5.65767e-13 0)
(-9.37771e-14 4.42127e-13 0)
(-3.5284e-14 2.90351e-13 0)
(-7.14288e-16 1.12097e-13 0)
(-4.53541e-16 -9.44448e-14 0)
(-3.9673e-14 -2.40851e-13 0)
(-1.06417e-13 -3.62368e-13 0)
(-2.05111e-13 -4.61937e-13 0)
(-3.26822e-13 -5.43083e-13 0)
(-4.67279e-13 -6.08997e-13 0)
(-6.23658e-13 -6.61367e-13 0)
(-7.91711e-13 -7.01353e-13 0)
(-9.68636e-13 -7.3069e-13 0)
(-1.15181e-12 -7.49528e-13 0)
(-1.33858e-12 -7.59415e-13 0)
(-1.52663e-12 -7.60151e-13 0)
(-1.71402e-12 -7.53498e-13 0)
(-1.89862e-12 -7.38633e-13 0)
(-2.07879e-12 -7.17755e-13 0)
(-2.25275e-12 -6.89438e-13 0)
(-2.41915e-12 -6.56444e-13 0)
(-2.57642e-12 -6.16667e-13 0)
(-2.72348e-12 -5.73544e-13 0)
(-2.85901e-12 -5.2421e-13 0)
(-2.98215e-12 -4.72882e-13 0)
(-3.09184e-12 -4.15962e-13 0)
(-3.18752e-12 -3.58419e-13 0)
(-3.26825e-12 -2.95969e-13 0)
(-3.3335e-12 -2.34232e-13 0)
(-3.38237e-12 -1.6788e-13 0)
(-3.41488e-12 -1.02518e-13 0)
(-3.43101e-12 -3.28744e-14 0)
(-3.43092e-12 3.39103e-14 0)
(-3.4145e-12 1.03395e-13 0)
(-3.38192e-12 1.68073e-13 0)
(-3.33284e-12 2.34262e-13 0)
(-3.26743e-12 2.95262e-13 0)
(-3.18637e-12 3.57998e-13 0)
(-3.09056e-12 4.14945e-13 0)
(-2.98062e-12 4.72567e-13 0)
(-2.85744e-12 5.23263e-13 0)
(-2.72179e-12 5.73468e-13 0)
(-2.57457e-12 6.16141e-13 0)
(-2.41721e-12 6.56959e-13 0)
(-2.25093e-12 6.89316e-13 0)
(-2.07703e-12 7.18647e-13 0)
(-1.89692e-12 7.38662e-13 0)
(-1.71249e-12 7.54344e-13 0)
(-1.52528e-12 7.60158e-13 0)
(-1.33732e-12 7.60177e-13 0)
(-1.15074e-12 7.49463e-13 0)
(-9.67894e-13 7.31185e-13 0)
(-7.90972e-13 7.01283e-13 0)
(-6.23084e-13 6.61733e-13 0)
(-4.6687e-13 6.08734e-13 0)
(-3.27018e-13 5.43356e-13 0)
(-2.06161e-13 4.62128e-13 0)
(-1.06808e-13 3.61348e-13 0)
(-3.95715e-14 2.40943e-13 0)
(-5.07035e-16 9.40598e-14 0)
(-1.55016e-15 -7.3528e-14 0)
(-4.58824e-14 -1.82516e-13 0)
(-1.21643e-13 -2.71775e-13 0)
(-2.31583e-13 -3.4488e-13 0)
(-3.65745e-13 -4.04152e-13 0)
(-5.20229e-13 -4.52542e-13 0)
(-6.90986e-13 -4.90976e-13 0)
(-8.74467e-13 -5.20549e-13 0)
(-1.06725e-12 -5.42044e-13 0)
(-1.26662e-12 -5.56121e-13 0)
(-1.46971e-12 -5.6324e-13 0)
(-1.67435e-12 -5.64061e-13 0)
(-1.87797e-12 -5.58856e-13 0)
(-2.07879e-12 -5.48218e-13 0)
(-2.27456e-12 -5.32363e-13 0)
(-2.46386e-12 -5.11864e-13 0)
(-2.64464e-12 -4.86888e-13 0)
(-2.81582e-12 -4.57992e-13 0)
(-2.97558e-12 -4.25338e-13 0)
(-3.12314e-12 -3.89497e-13 0)
(-3.25694e-12 -3.50579e-13 0)
(-3.37645e-12 -3.09218e-13 0)
(-3.48034e-12 -2.65554e-13 0)
(-3.56843e-12 -2.20262e-13 0)
(-3.63955e-12 -1.73718e-13 0)
(-3.69321e-12 -1.25859e-13 0)
(-3.72886e-12 -7.61081e-14 0)
(-3.74688e-12 -2.5185e-14 0)
(-3.74683e-12 2.60125e-14 0)
(-3.72895e-12 7.66715e-14 0)
(-3.69298e-12 1.26033e-13 0)
(-3.63909e-12 1.73528e-13 0)
(-3.56744e-12 2.19831e-13 0)
(-3.47902e-12 2.65089e-13 0)
(-3.37457e-12 3.08724e-13 0)
(-3.25483e-12 3.50187e-13 0)
(-3.12066e-12 3.89069e-13 0)
(-2.97285e-12 4.25181e-13 0)
(-2.81294e-12 4.57845e-13 0)
(-2.6418e-12 4.87092e-13 0)
(-2.461e-12 5.1208e-13 0)
(-2.2719e-12 5.32766e-13 0)
(-2.07637e-12 5.48472e-13 0)
(-1.87572e-12 5.59258e-13 0)
(-1.67233e-12 5.64287e-13 0)
(-1.46788e-12 5.6361e-13 0)
(-1.26516e-12 5.5625e-13 0)
(-1.0659e-12 5.42321e-13 0)
(-8.73306e-13 5.20607e-13 0)
(-6.89991e-13 4.91195e-13 0)
(-5.20123e-13 4.52684e-13 0)
(-3.65928e-13 4.04218e-13 0)
(-2.32054e-13 3.44613e-13 0)
(-1.22397e-13 2.72081e-13 0)
(-4.67144e-14 1.82011e-13 0)
(-1.63078e-15 7.33445e-14 0)
(-2.24479e-15 -4.7473e-14 0)
(-5.55964e-14 -1.14532e-13 0)
(-1.40236e-13 -1.70025e-13 0)
(-2.61185e-13 -2.14414e-13 0)
(-4.07592e-13 -2.5118e-13 0)
(-5.75296e-13 -2.81172e-13 0)
(-7.60302e-13 -3.05019e-13 0)
(-9.585e-13 -3.23454e-13 0)
(-1.1667e-12 -3.36738e-13 0)
(-1.38186e-12 -3.45625e-13 0)
(-1.60119e-12 -3.50003e-13 0)
(-1.82195e-12 -3.50683e-13 0)
(-2.04189e-12 -3.47288e-13 0)
(-2.25857e-12 -3.40913e-13 0)
(-2.47009e-12 -3.30822e-13 0)
(-2.67436e-12 -3.18384e-13 0)
(-2.86977e-12 -3.02493e-13 0)
(-3.05451e-12 -2.84962e-13 0)
(-3.22729e-12 -2.64194e-13 0)
(-3.38654e-12 -2.42474e-13 0)
(-3.53127e-12 -2.1774e-13 0)
(-3.6602e-12 -1.92764e-13 0)
(-3.77255e-12 -1.65045e-13 0)
(-3.86738e-12 -1.37911e-13 0)
(-3.94453e-12 -1.09411e-13 0)
(-4.00326e-12 -8.17868e-14 0)
(-4.04319e-12 -4.97183e-14 0)
(-4.06313e-12 -1.72915e-14 0)
(-4.06321e-12 1.76712e-14 0)
(-4.04321e-12 4.99992e-14 0)
(-4.00321e-12 8.22329e-14 0)
(-3.94403e-12 1.09728e-13 0)
(-3.86624e-12 1.38655e-13 0)
(-3.77066e-12 1.65449e-13 0)
(-3.65789e-12 1.93543e-13 0)
(-3.52857e-12 2.17974e-13 0)
(-3.38354e-12 2.43161e-13 0)
(-3.22402e-12 2.64248e-13 0)
(-3.05092e-12 2.85497e-13 0)
(-2.86604e-12 3.02321e-13 0)
(-2.6709e-12 3.18658e-13 0)
(-2.46688e-12 3.30318e-13 0)
(-2.2555e-12 3.41042e-13 0)
(-2.03906e-12 3.46744e-13 0)
(-1.81937e-12 3.50697e-13 0)
(-1.59887e-12 3.49375e-13 0)
(-1.37982e-12 3.45543e-13 0)
(-1.16508e-12 3.3612e-13 0)
(-9.57024e-13 3.23232e-13 0)
(-7.59018e-13 3.04337e-13 0)
(-5.7459e-13 2.80814e-13 0)
(-4.07924e-13 2.50803e-13 0)
(-2.61905e-13 2.14169e-13 0)
(-1.4096e-13 1.69703e-13 0)
(-5.64207e-14 1.14281e-13 0)
(-2.21137e-15 4.74488e-14 0)
(-8.07918e-15 -1.66331e-14 0)
(-6.24854e-14 -4.01349e-14 0)
(-1.57959e-13 -5.93478e-14 0)
(-2.90326e-13 -7.52211e-14 0)
(-4.49051e-13 -8.75088e-14 0)
(-6.29609e-13 -9.78007e-14 0)
(-8.28289e-13 -1.06059e-13 0)
(-1.04118e-12 -1.12466e-13 0)
(-1.26475e-12 -1.17176e-13 0)
(-1.49576e-12 -1.20199e-13 0)
(-1.73115e-12 -1.2176e-13 0)
(-1.96821e-12 -1.21945e-13 0)
(-2.20434e-12 -1.20879e-13 0)
(-2.43713e-12 -1.1854e-13 0)
(-2.66431e-12 -1.15145e-13 0)
(-2.88385e-12 -1.10671e-13 0)
(-3.09382e-12 -1.0535e-13 0)
(-3.29247e-12 -9.90242e-14 0)
(-3.47815e-12 -9.20675e-14 0)
(-3.64947e-12 -8.42331e-14 0)
(-3.8051e-12 -7.59436e-14 0)
(-3.94397e-12 -6.68438e-14 0)
(-4.06505e-12 -5.73381e-14 0)
(-4.16677e-12 -4.53072e-14 0)
(-4.24906e-12 -3.28317e-14 0)
(-4.31226e-12 -2.13209e-14 0)
(-4.35567e-12 -1.07609e-14 0)
(-4.37699e-12 -2.61644e-15 0)
(-4.37683e-12 2.88533e-15 0)
(-4.3552e-12 1.1058e-14 0)
(-4.31138e-12 2.15772e-14 0)
(-4.24777e-12 3.31287e-14 0)
(-4.16509e-12 4.54902e-14 0)
(-4.06297e-12 5.75153e-14 0)
(-3.94152e-12 6.69224e-14 0)
(-3.80233e-12 7.61018e-14 0)
(-3.6464e-12 8.42668e-14 0)
(-3.47481e-12 9.21953e-14 0)
(-3.28903e-12 9.8919e-14 0)
(-3.0904e-12 1.05395e-13 0)
(-2.88039e-12 1.10615e-13 0)
(-2.66084e-12 1.15236e-13 0)
(-2.4338e-12 1.1835e-13 0)
(-2.20122e-12 1.20822e-13 0)
(-1.96532e-12 1.21732e-13 0)
(-1.7285e-12 1.2169e-13 0)
(-1.49343e-12 1.19893e-13 0)
(-1.26275e-12 1.17048e-13 0)
(-1.03948e-12 1.12258e-13 0)
(-8.26994e-13 1.05893e-13 0)
(-6.28767e-13 9.75244e-14 0)
(-4.48513e-13 8.73106e-14 0)
(-2.9009e-13 7.50158e-14 0)
(-1.58141e-13 5.91488e-14 0)
(-6.27615e-14 4.03264e-14 0)
(-8.14674e-15 1.67148e-14 0)
)
;

boundaryField
{
    top
    {
        type            slip;
    }
    bottom
    {
        type            slip;
    }
    rotatingWall
    {
        type            rotatingWallVelocity;
        origin          (0 0 0);
        axis            (0 1 0);
        omega           constant 1140;
        value           uniform (0 0 0);
    }
    wall
    {
        type            rotatingWallVelocity;
        origin          (0 0 0);
        axis            (0 1 0);
        omega           constant 0;
        value           uniform (0 -0 -0);
    }
    frontAndBack
    {
        type            empty;
    }
}


// ************************************************************************* //
