/*--------------------------------*- C++ -*----------------------------------*\
| =========                 |                                                 |
| \\      /  F ield         | OpenFOAM: The Open Source CFD Toolbox           |
|  \\    /   O peration     | Version:  5.0                                   |
|   \\  /    A nd           | Web:      www.OpenFOAM.org                      |
|    \\/     M anipulation  |                                                 |
\*---------------------------------------------------------------------------*/
FoamFile
{
    version     2.0;
    format      ascii;
    class       volVectorField;
    location    "54";
    object      U;
}
// * * * * * * * * * * * * * * * * * * * * * * * * * * * * * * * * * * * * * //

dimensions      [0 1 -1 0 0 0 0];

internalField   nonuniform List<vector> 
1568
(
(-2.22723e-09 -3.00409e-09 0)
(-2.53012e-09 1.54127e-08 0)
(1.09227e-08 -7.07627e-09 0)
(3.96561e-08 -1.6738e-08 0)
(6.32726e-08 -1.47183e-08 0)
(8.52075e-08 -1.50193e-08 0)
(1.10681e-07 -1.62456e-08 0)
(1.37413e-07 -1.6689e-08 0)
(1.63857e-07 -1.64757e-08 0)
(1.89738e-07 -1.60638e-08 0)
(2.14866e-07 -1.55649e-08 0)
(2.38889e-07 -1.48536e-08 0)
(2.61429e-07 -1.38669e-08 0)
(2.82231e-07 -1.2795e-08 0)
(3.01139e-07 -1.16996e-08 0)
(3.17882e-07 -1.03099e-08 0)
(3.3232e-07 -8.72135e-09 0)
(3.44648e-07 -7.38366e-09 0)
(3.54913e-07 -6.12694e-09 0)
(3.63021e-07 -4.83667e-09 0)
(3.68844e-07 -3.4631e-09 0)
(3.72487e-07 -2.2461e-09 0)
(3.73946e-07 -1.33449e-09 0)
(3.73426e-07 -6.36147e-10 0)
(3.71027e-07 3.12716e-10 0)
(3.66579e-07 1.3862e-09 0)
(3.60419e-07 2.53507e-09 0)
(3.52888e-07 3.42863e-09 0)
(3.44114e-07 4.31863e-09 0)
(3.34408e-07 5.02986e-09 0)
(3.239e-07 5.8152e-09 0)
(3.12685e-07 6.45684e-09 0)
(3.00927e-07 7.12013e-09 0)
(2.8873e-07 7.66901e-09 0)
(2.76144e-07 8.35704e-09 0)
(2.63167e-07 8.80959e-09 0)
(2.49802e-07 9.22838e-09 0)
(2.36102e-07 9.46274e-09 0)
(2.22172e-07 9.72606e-09 0)
(2.08017e-07 9.88845e-09 0)
(1.93651e-07 1.01184e-08 0)
(1.79113e-07 1.0249e-08 0)
(1.64467e-07 1.04413e-08 0)
(1.49711e-07 1.05909e-08 0)
(1.34883e-07 1.07505e-08 0)
(1.20021e-07 1.07599e-08 0)
(1.05247e-07 1.0706e-08 0)
(9.06534e-08 1.05987e-08 0)
(7.62414e-08 1.04957e-08 0)
(6.21211e-08 1.01158e-08 0)
(4.85961e-08 9.51623e-09 0)
(3.57741e-08 8.97343e-09 0)
(2.46403e-08 8.41979e-09 0)
(1.36769e-08 8.18254e-09 0)
(5.35016e-09 4.88055e-09 0)
(1.08403e-09 1.68724e-09 0)
(1.86395e-08 -1.4421e-08 0)
(-8.94099e-09 -3.31497e-08 0)
(2.01093e-08 -3.35061e-08 0)
(2.80886e-08 -3.13294e-08 0)
(5.03468e-08 -3.3507e-08 0)
(7.00119e-08 -3.58802e-08 0)
(9.10909e-08 -3.7328e-08 0)
(1.1372e-07 -3.76982e-08 0)
(1.36121e-07 -3.73287e-08 0)
(1.57877e-07 -3.63984e-08 0)
(1.7895e-07 -3.48941e-08 0)
(1.99183e-07 -3.29608e-08 0)
(2.18162e-07 -3.06706e-08 0)
(2.35606e-07 -2.80565e-08 0)
(2.51398e-07 -2.50979e-08 0)
(2.65432e-07 -2.18898e-08 0)
(2.77708e-07 -1.87844e-08 0)
(2.88127e-07 -1.58337e-08 0)
(2.96625e-07 -1.2769e-08 0)
(3.03201e-07 -9.60267e-09 0)
(3.0791e-07 -6.3626e-09 0)
(3.10779e-07 -3.17351e-09 0)
(3.11822e-07 -7.9602e-12 0)
(3.11085e-07 3.0023e-09 0)
(3.08744e-07 5.9293e-09 0)
(3.04847e-07 8.55881e-09 0)
(2.99611e-07 1.07516e-08 0)
(2.93193e-07 1.24949e-08 0)
(2.85768e-07 1.39346e-08 0)
(2.77489e-07 1.50968e-08 0)
(2.68465e-07 1.60468e-08 0)
(2.58853e-07 1.67608e-08 0)
(2.48813e-07 1.73365e-08 0)
(2.38389e-07 1.77433e-08 0)
(2.27602e-07 1.81396e-08 0)
(2.16511e-07 1.8554e-08 0)
(2.05188e-07 1.8957e-08 0)
(1.93693e-07 1.92635e-08 0)
(1.81994e-07 1.95386e-08 0)
(1.70178e-07 1.9748e-08 0)
(1.58232e-07 1.99364e-08 0)
(1.46145e-07 2.00582e-08 0)
(1.33966e-07 2.01529e-08 0)
(1.21792e-07 2.01676e-08 0)
(1.09583e-07 2.01672e-08 0)
(9.73928e-08 2.0116e-08 0)
(8.52761e-08 1.99948e-08 0)
(7.33215e-08 1.97421e-08 0)
(6.15824e-08 1.93863e-08 0)
(5.01238e-08 1.88405e-08 0)
(3.89639e-08 1.80407e-08 0)
(2.88779e-08 1.66979e-08 0)
(1.91993e-08 1.45822e-08 0)
(1.10667e-08 1.21434e-08 0)
(5.82865e-09 8.40353e-09 0)
(-6.94862e-10 4.73871e-09 0)
(8.80333e-09 -2.01836e-08 0)
(-5.80034e-09 -2.77705e-08 0)
(7.71558e-09 -4.74423e-08 0)
(2.43406e-08 -5.06982e-08 0)
(3.97901e-08 -5.43772e-08 0)
(5.45464e-08 -5.78061e-08 0)
(7.15252e-08 -5.95523e-08 0)
(8.99885e-08 -6.00745e-08 0)
(1.08159e-07 -5.95209e-08 0)
(1.25817e-07 -5.80354e-08 0)
(1.4294e-07 -5.5664e-08 0)
(1.59302e-07 -5.25725e-08 0)
(1.74647e-07 -4.88781e-08 0)
(1.88747e-07 -4.46927e-08 0)
(2.01477e-07 -4.01104e-08 0)
(2.12817e-07 -3.5237e-08 0)
(2.22664e-07 -3.02284e-08 0)
(2.30899e-07 -2.52185e-08 0)
(2.37468e-07 -2.01592e-08 0)
(2.42424e-07 -1.51042e-08 0)
(2.45816e-07 -1.00692e-08 0)
(2.47717e-07 -5.17672e-09 0)
(2.48133e-07 -4.3915e-10 0)
(2.47141e-07 4.01341e-09 0)
(2.44872e-07 8.25625e-09 0)
(2.41479e-07 1.20884e-08 0)
(2.37047e-07 1.54899e-08 0)
(2.31663e-07 1.8347e-08 0)
(2.25425e-07 2.08579e-08 0)
(2.18481e-07 2.29375e-08 0)
(2.10952e-07 2.48034e-08 0)
(2.0294e-07 2.63211e-08 0)
(1.94548e-07 2.76505e-08 0)
(1.85856e-07 2.86658e-08 0)
(1.76915e-07 2.9574e-08 0)
(1.67807e-07 3.02512e-08 0)
(1.5858e-07 3.0886e-08 0)
(1.49248e-07 3.13286e-08 0)
(1.39872e-07 3.1725e-08 0)
(1.30443e-07 3.1975e-08 0)
(1.20965e-07 3.21994e-08 0)
(1.11464e-07 3.23223e-08 0)
(1.0198e-07 3.24654e-08 0)
(9.25017e-08 3.2544e-08 0)
(8.30457e-08 3.26058e-08 0)
(7.36038e-08 3.25437e-08 0)
(6.4288e-08 3.23668e-08 0)
(5.51633e-08 3.19999e-08 0)
(4.61268e-08 3.14449e-08 0)
(3.72717e-08 3.04909e-08 0)
(2.88447e-08 2.90456e-08 0)
(2.09533e-08 2.70013e-08 0)
(1.43338e-08 2.40238e-08 0)
(7.6813e-09 1.99823e-08 0)
(3.08452e-09 1.40288e-08 0)
(-2.46539e-10 6.76373e-09 0)
(-1.15555e-09 -1.64565e-08 0)
(1.6496e-09 -3.93589e-08 0)
(7.52564e-09 -5.21756e-08 0)
(1.86056e-08 -6.12356e-08 0)
(2.96956e-08 -6.87017e-08 0)
(4.01788e-08 -7.37504e-08 0)
(5.31658e-08 -7.61154e-08 0)
(6.73987e-08 -7.68307e-08 0)
(8.14352e-08 -7.62201e-08 0)
(9.50208e-08 -7.43103e-08 0)
(1.08191e-07 -7.13025e-08 0)
(1.20817e-07 -6.73192e-08 0)
(1.32601e-07 -6.2574e-08 0)
(1.4335e-07 -5.72028e-08 0)
(1.5304e-07 -5.13387e-08 0)
(1.61593e-07 -4.51056e-08 0)
(1.68904e-07 -3.87184e-08 0)
(1.749e-07 -3.22271e-08 0)
(1.79559e-07 -2.57122e-08 0)
(1.82901e-07 -1.91758e-08 0)
(1.84997e-07 -1.27308e-08 0)
(1.85901e-07 -6.41862e-09 0)
(1.85663e-07 -3.87133e-10 0)
(1.84341e-07 5.36099e-09 0)
(1.82068e-07 1.06979e-08 0)
(1.78964e-07 1.56046e-08 0)
(1.75099e-07 1.99124e-08 0)
(1.70526e-07 2.36877e-08 0)
(1.65336e-07 2.68934e-08 0)
(1.59635e-07 2.96803e-08 0)
(1.53477e-07 3.20195e-08 0)
(1.4695e-07 3.40328e-08 0)
(1.40176e-07 3.56637e-08 0)
(1.3322e-07 3.70305e-08 0)
(1.26114e-07 3.80894e-08 0)
(1.18948e-07 3.89792e-08 0)
(1.11794e-07 3.96414e-08 0)
(1.04659e-07 4.02149e-08 0)
(9.75552e-08 4.06256e-08 0)
(9.05325e-08 4.09471e-08 0)
(8.35853e-08 4.11466e-08 0)
(7.66886e-08 4.13339e-08 0)
(6.98771e-08 4.14531e-08 0)
(6.31731e-08 4.15811e-08 0)
(5.65093e-08 4.16134e-08 0)
(4.98891e-08 4.15426e-08 0)
(4.33918e-08 4.12832e-08 0)
(3.70904e-08 4.08226e-08 0)
(3.08821e-08 4.00414e-08 0)
(2.47387e-08 3.88889e-08 0)
(1.88197e-08 3.71346e-08 0)
(1.37534e-08 3.45789e-08 0)
(8.8305e-09 3.06919e-08 0)
(4.97272e-09 2.52387e-08 0)
(2.04602e-09 1.74757e-08 0)
(3.66445e-10 8.35285e-09 0)
(-9.65661e-10 -1.42711e-08 0)
(2.81811e-09 -3.857e-08 0)
(5.74583e-09 -5.57172e-08 0)
(1.23716e-08 -6.8106e-08 0)
(1.88266e-08 -7.83707e-08 0)
(2.63938e-08 -8.45764e-08 0)
(3.58984e-08 -8.74724e-08 0)
(4.59959e-08 -8.84071e-08 0)
(5.59078e-08 -8.77655e-08 0)
(6.56044e-08 -8.56272e-08 0)
(7.49893e-08 -8.21304e-08 0)
(8.39039e-08 -7.75196e-08 0)
(9.21441e-08 -7.20125e-08 0)
(9.96203e-08 -6.57645e-08 0)
(1.06271e-07 -5.89107e-08 0)
(1.12025e-07 -5.16703e-08 0)
(1.16823e-07 -4.41698e-08 0)
(1.20615e-07 -3.65501e-08 0)
(1.23373e-07 -2.88648e-08 0)
(1.25137e-07 -2.12242e-08 0)
(1.25953e-07 -1.36821e-08 0)
(1.25872e-07 -6.37952e-09 0)
(1.24944e-07 6.25009e-10 0)
(1.2324e-07 7.21282e-09 0)
(1.20866e-07 1.33588e-08 0)
(1.17933e-07 1.89233e-08 0)
(1.14488e-07 2.38825e-08 0)
(1.1058e-07 2.81707e-08 0)
(1.06283e-07 3.18564e-08 0)
(1.01679e-07 3.49332e-08 0)
(9.68196e-08 3.75063e-08 0)
(9.17472e-08 3.96091e-08 0)
(8.65334e-08 4.1338e-08 0)
(8.12485e-08 4.26947e-08 0)
(7.59621e-08 4.37823e-08 0)
(7.07493e-08 4.46297e-08 0)
(6.56678e-08 4.53118e-08 0)
(6.07204e-08 4.58295e-08 0)
(5.59123e-08 4.62601e-08 0)
(5.12746e-08 4.65653e-08 0)
(4.68156e-08 4.67818e-08 0)
(4.25171e-08 4.69131e-08 0)
(3.83816e-08 4.70403e-08 0)
(3.43852e-08 4.71213e-08 0)
(3.04781e-08 4.71451e-08 0)
(2.66327e-08 4.70221e-08 0)
(2.29293e-08 4.67238e-08 0)
(1.94284e-08 4.61815e-08 0)
(1.59764e-08 4.53316e-08 0)
(1.25407e-08 4.39981e-08 0)
(9.44132e-09 4.20342e-08 0)
(6.53696e-09 3.91893e-08 0)
(4.48958e-09 3.48944e-08 0)
(2.06379e-09 2.86424e-08 0)
(4.3296e-10 1.95866e-08 0)
(-2.02879e-10 9.17311e-09 0)
(-2.3361e-10 -1.60037e-08 0)
(1.87659e-09 -4.05248e-08 0)
(2.95654e-09 -5.94385e-08 0)
(5.732e-09 -7.39525e-08 0)
(9.18596e-09 -8.4675e-08 0)
(1.40697e-08 -9.10892e-08 0)
(1.99877e-08 -9.4358e-08 0)
(2.60319e-08 -9.54864e-08 0)
(3.19152e-08 -9.48217e-08 0)
(3.78318e-08 -9.25184e-08 0)
(4.34846e-08 -8.87081e-08 0)
(4.88058e-08 -8.36557e-08 0)
(5.36479e-08 -7.75817e-08 0)
(5.79412e-08 -7.0662e-08 0)
(6.16334e-08 -6.30896e-08 0)
(6.46695e-08 -5.50442e-08 0)
(6.70124e-08 -4.67022e-08 0)
(6.86345e-08 -3.82066e-08 0)
(6.953e-08 -2.9678e-08 0)
(6.97189e-08 -2.12139e-08 0)
(6.92477e-08 -1.29437e-08 0)
(6.81639e-08 -4.96138e-09 0)
(6.6527e-08 2.62432e-09 0)
(6.44055e-08 9.74742e-09 0)
(6.18796e-08 1.63176e-08 0)
(5.90271e-08 2.22664e-08 0)
(5.5904e-08 2.75105e-08 0)
(5.25458e-08 3.20565e-08 0)
(4.90124e-08 3.58951e-08 0)
(4.5372e-08 3.90889e-08 0)
(4.16688e-08 4.16612e-08 0)
(3.79428e-08 4.37071e-08 0)
(3.42566e-08 4.52882e-08 0)
(3.06634e-08 4.65117e-08 0)
(2.72148e-08 4.74225e-08 0)
(2.3951e-08 4.80875e-08 0)
(2.09047e-08 4.85318e-08 0)
(1.81028e-08 4.88503e-08 0)
(1.55547e-08 4.9071e-08 0)
(1.32961e-08 4.91895e-08 0)
(1.12968e-08 4.92236e-08 0)
(9.50918e-09 4.92297e-08 0)
(7.89864e-09 4.91851e-08 0)
(6.46844e-09 4.909e-08 0)
(5.21459e-09 4.89201e-08 0)
(4.1201e-09 4.86581e-08 0)
(3.23824e-09 4.82559e-08 0)
(2.56569e-09 4.76549e-08 0)
(1.8771e-09 4.67318e-08 0)
(1.172e-09 4.53072e-08 0)
(6.93358e-10 4.31676e-08 0)
(5.61781e-10 4.01298e-08 0)
(-2.57002e-11 3.57362e-08 0)
(-2.11974e-10 2.90953e-08 0)
(-1.26223e-10 2.00897e-08 0)
(-2.06946e-10 8.94123e-09 0)
(-5.72742e-10 -1.72137e-08 0)
(4.36054e-10 -4.18744e-08 0)
(2.743e-10 -6.20876e-08 0)
(5.26735e-10 -7.70148e-08 0)
(1.24988e-09 -8.76996e-08 0)
(3.13722e-09 -9.44152e-08 0)
(5.35876e-09 -9.81737e-08 0)
(7.58649e-09 -9.96353e-08 0)
(9.81197e-09 -9.89868e-08 0)
(1.20763e-08 -9.65172e-08 0)
(1.41318e-08 -9.24395e-08 0)
(1.60187e-08 -8.70354e-08 0)
(1.76087e-08 -8.05313e-08 0)
(1.88608e-08 -7.31294e-08 0)
(1.97319e-08 -6.50297e-08 0)
(2.01789e-08 -5.64261e-08 0)
(2.0176e-08 -4.74975e-08 0)
(1.97163e-08 -3.84059e-08 0)
(1.88038e-08 -2.92954e-08 0)
(1.74627e-08 -2.0296e-08 0)
(1.57318e-08 -1.15284e-08 0)
(1.36682e-08 -3.11229e-09 0)
(1.13273e-08 4.85684e-09 0)
(8.76497e-09 1.2282e-08 0)
(6.04361e-09 1.9087e-08 0)
(3.2266e-09 2.52009e-08 0)
(3.61689e-10 3.05785e-08 0)
(-2.51095e-09 3.51999e-08 0)
(-5.34181e-09 3.90913e-08 0)
(-8.08367e-09 4.22823e-08 0)
(-1.07059e-08 4.48312e-08 0)
(-1.31693e-08 4.67996e-08 0)
(-1.54197e-08 4.82709e-08 0)
(-1.74155e-08 4.93127e-08 0)
(-1.9117e-08 5.00095e-08 0)
(-2.04984e-08 5.04338e-08 0)
(-2.16165e-08 5.06144e-08 0)
(-2.24525e-08 5.06006e-08 0)
(-2.28703e-08 5.04487e-08 0)
(-2.28925e-08 5.01955e-08 0)
(-2.26223e-08 4.99171e-08 0)
(-2.20425e-08 4.96273e-08 0)
(-2.11386e-08 4.93141e-08 0)
(-1.9961e-08 4.89541e-08 0)
(-1.85626e-08 4.85532e-08 0)
(-1.69901e-08 4.81077e-08 0)
(-1.51951e-08 4.75795e-08 0)
(-1.31842e-08 4.68943e-08 0)
(-1.12334e-08 4.59043e-08 0)
(-9.36188e-09 4.44074e-08 0)
(-7.28863e-09 4.22144e-08 0)
(-5.36905e-09 3.91184e-08 0)
(-3.39363e-09 3.45983e-08 0)
(-2.15899e-09 2.83264e-08 0)
(-1.28589e-09 1.92479e-08 0)
(-2.65024e-11 8.52693e-09 0)
(-1.09032e-09 -1.6936e-08 0)
(-5.47031e-10 -4.1248e-08 0)
(-2.01209e-09 -6.14559e-08 0)
(-3.88562e-09 -7.65571e-08 0)
(-5.73039e-09 -8.74316e-08 0)
(-6.78174e-09 -9.46095e-08 0)
(-7.79201e-09 -9.87653e-08 0)
(-9.17677e-09 -1.00426e-07 0)
(-1.04411e-08 -9.98349e-08 0)
(-1.15874e-08 -9.72653e-08 0)
(-1.27409e-08 -9.30369e-08 0)
(-1.40245e-08 -8.74267e-08 0)
(-1.54599e-08 -8.06598e-08 0)
(-1.70569e-08 -7.29637e-08 0)
(-1.88371e-08 -6.45564e-08 0)
(-2.08226e-08 -5.56355e-08 0)
(-2.30185e-08 -4.63859e-08 0)
(-2.54255e-08 -3.69754e-08 0)
(-2.803e-08 -2.75631e-08 0)
(-3.08033e-08 -1.82878e-08 0)
(-3.37064e-08 -9.28191e-09 0)
(-3.66909e-08 -6.62252e-10 0)
(-3.9706e-08 7.44918e-09 0)
(-4.27038e-08 1.49611e-08 0)
(-4.56269e-08 2.17908e-08 0)
(-4.84235e-08 2.78873e-08 0)
(-5.1054e-08 3.321e-08 0)
(-5.34835e-08 3.77508e-08 0)
(-5.5673e-08 4.1517e-08 0)
(-5.75858e-08 4.45481e-08 0)
(-5.92e-08 4.68987e-08 0)
(-6.04952e-08 4.86459e-08 0)
(-6.14371e-08 4.98628e-08 0)
(-6.19842e-08 5.06208e-08 0)
(-6.21488e-08 5.0959e-08 0)
(-6.18697e-08 5.10147e-08 0)
(-6.11228e-08 5.08328e-08 0)
(-5.99536e-08 5.04346e-08 0)
(-5.83138e-08 4.98699e-08 0)
(-5.62635e-08 4.92501e-08 0)
(-5.38463e-08 4.86089e-08 0)
(-5.1029e-08 4.79568e-08 0)
(-4.7816e-08 4.73119e-08 0)
(-4.42654e-08 4.66833e-08 0)
(-4.04614e-08 4.60763e-08 0)
(-3.64474e-08 4.54763e-08 0)
(-3.21774e-08 4.48248e-08 0)
(-2.76918e-08 4.40474e-08 0)
(-2.3272e-08 4.30245e-08 0)
(-1.90087e-08 4.15586e-08 0)
(-1.46898e-08 3.94405e-08 0)
(-1.03849e-08 3.64331e-08 0)
(-6.91789e-09 3.22751e-08 0)
(-3.88657e-09 2.61312e-08 0)
(-1.73474e-09 1.79337e-08 0)
(8.05219e-11 7.88149e-09 0)
(-1.27618e-09 -1.57978e-08 0)
(-1.25337e-09 -3.92251e-08 0)
(-3.99415e-09 -5.87736e-08 0)
(-7.83444e-09 -7.36189e-08 0)
(-1.20575e-08 -8.44823e-08 0)
(-1.57658e-08 -9.18223e-08 0)
(-1.97292e-08 -9.61032e-08 0)
(-2.41497e-08 -9.77565e-08 0)
(-2.83941e-08 -9.72002e-08 0)
(-3.26111e-08 -9.46383e-08 0)
(-3.67543e-08 -9.03817e-08 0)
(-4.09232e-08 -8.47094e-08 0)
(-4.51121e-08 -7.78626e-08 0)
(-4.93129e-08 -7.00768e-08 0)
(-5.35147e-08 -6.15728e-08 0)
(-5.77155e-08 -5.25535e-08 0)
(-6.19099e-08 -4.32107e-08 0)
(-6.6086e-08 -3.37238e-08 0)
(-7.02242e-08 -2.42542e-08 0)
(-7.42922e-08 -1.49493e-08 0)
(-7.82532e-08 -5.95087e-09 0)
(-8.20697e-08 2.61489e-09 0)
(-8.56987e-08 1.06308e-08 0)
(-8.90906e-08 1.79946e-08 0)
(-9.21961e-08 2.46305e-08 0)
(-9.4968e-08 3.04911e-08 0)
(-9.73785e-08 3.55529e-08 0)
(-9.94047e-08 3.98e-08 0)
(-1.01015e-07 4.32391e-08 0)
(-1.02175e-07 4.59084e-08 0)
(-1.02872e-07 4.78737e-08 0)
(-1.03094e-07 4.92097e-08 0)
(-1.02843e-07 4.99926e-08 0)
(-1.02045e-07 5.02862e-08 0)
(-1.00727e-07 5.01657e-08 0)
(-9.89313e-08 4.97057e-08 0)
(-9.65691e-08 4.90138e-08 0)
(-9.36553e-08 4.81381e-08 0)
(-9.02023e-08 4.71465e-08 0)
(-8.62414e-08 4.61159e-08 0)
(-8.18114e-08 4.50708e-08 0)
(-7.69253e-08 4.4038e-08 0)
(-7.16057e-08 4.30498e-08 0)
(-6.59103e-08 4.21209e-08 0)
(-5.99315e-08 4.12579e-08 0)
(-5.37184e-08 4.04456e-08 0)
(-4.72302e-08 3.964e-08 0)
(-4.05264e-08 3.87774e-08 0)
(-3.39268e-08 3.77534e-08 0)
(-2.75335e-08 3.63959e-08 0)
(-2.11501e-08 3.4517e-08 0)
(-1.50929e-08 3.18855e-08 0)
(-9.67269e-09 2.8081e-08 0)
(-5.42655e-09 2.29906e-08 0)
(-2.50862e-09 1.5524e-08 0)
(-2.36333e-12 6.9023e-09 0)
(-1.30832e-09 -1.43905e-08 0)
(-1.84347e-09 -3.62756e-08 0)
(-5.7847e-09 -5.47555e-08 0)
(-1.12669e-08 -6.88738e-08 0)
(-1.75405e-08 -7.92979e-08 0)
(-2.3539e-08 -8.63973e-08 0)
(-3.00006e-08 -9.05701e-08 0)
(-3.69888e-08 -9.2197e-08 0)
(-4.39711e-08 -9.1594e-08 0)
(-5.08341e-08 -8.90351e-08 0)
(-5.76159e-08 -8.48274e-08 0)
(-6.43374e-08 -7.92112e-08 0)
(-7.09628e-08 -7.24425e-08 0)
(-7.74562e-08 -6.4741e-08 0)
(-8.37867e-08 -5.63264e-08 0)
(-8.9937e-08 -4.74047e-08 0)
(-9.58877e-08 -3.81744e-08 0)
(-1.01616e-07 -2.88205e-08 0)
(-1.07093e-07 -1.95113e-08 0)
(-1.12289e-07 -1.04015e-08 0)
(-1.17173e-07 -1.63374e-09 0)
(-1.21706e-07 6.65825e-09 0)
(-1.25855e-07 1.43617e-08 0)
(-1.29582e-07 2.13658e-08 0)
(-1.32831e-07 2.75957e-08 0)
(-1.3556e-07 3.30185e-08 0)
(-1.37754e-07 3.76221e-08 0)
(-1.39407e-07 4.13935e-08 0)
(-1.4049e-07 4.43241e-08 0)
(-1.40968e-07 4.64597e-08 0)
(-1.40832e-07 4.78797e-08 0)
(-1.40091e-07 4.86671e-08 0)
(-1.38748e-07 4.88767e-08 0)
(-1.36784e-07 4.85837e-08 0)
(-1.34202e-07 4.79033e-08 0)
(-1.30999e-07 4.68851e-08 0)
(-1.27167e-07 4.5614e-08 0)
(-1.22719e-07 4.41697e-08 0)
(-1.17672e-07 4.26263e-08 0)
(-1.12052e-07 4.10604e-08 0)
(-1.05889e-07 3.95144e-08 0)
(-9.92172e-08 3.80235e-08 0)
(-9.20701e-08 3.66215e-08 0)
(-8.45115e-08 3.53338e-08 0)
(-7.66416e-08 3.41721e-08 0)
(-6.85197e-08 3.31277e-08 0)
(-6.01064e-08 3.21693e-08 0)
(-5.14751e-08 3.12462e-08 0)
(-4.29891e-08 3.02709e-08 0)
(-3.47722e-08 2.91069e-08 0)
(-2.66687e-08 2.75749e-08 0)
(-1.89348e-08 2.54574e-08 0)
(-1.22214e-08 2.25575e-08 0)
(-6.74094e-09 1.82483e-08 0)
(-2.94919e-09 1.25769e-08 0)
(-2.55903e-11 5.52617e-09 0)
(-1.29124e-09 -1.28594e-08 0)
(-2.33066e-09 -3.25715e-08 0)
(-7.17594e-09 -4.94991e-08 0)
(-1.40699e-08 -6.25291e-08 0)
(-2.20421e-08 -7.21667e-08 0)
(-2.99529e-08 -7.87539e-08 0)
(-3.85064e-08 -8.2632e-08 0)
(-4.76838e-08 -8.4111e-08 0)
(-5.69366e-08 -8.34672e-08 0)
(-6.60712e-08 -8.09652e-08 0)
(-7.50865e-08 -7.68656e-08 0)
(-8.39706e-08 -7.14111e-08 0)
(-9.26632e-08 -6.4836e-08 0)
(-1.01094e-07 -5.73578e-08 0)
(-1.09219e-07 -4.91917e-08 0)
(-1.17006e-07 -4.05461e-08 0)
(-1.2443e-07 -3.16143e-08 0)
(-1.31455e-07 -2.25879e-08 0)
(-1.38049e-07 -1.36345e-08 0)
(-1.44177e-07 -4.91798e-09 0)
(-1.4981e-07 3.42577e-09 0)
(-1.54917e-07 1.12622e-08 0)
(-1.59477e-07 1.84735e-08 0)
(-1.63458e-07 2.49409e-08 0)
(-1.66798e-07 3.05918e-08 0)
(-1.69448e-07 3.54072e-08 0)
(-1.71412e-07 3.94023e-08 0)
(-1.72713e-07 4.25556e-08 0)
(-1.7332e-07 4.48372e-08 0)
(-1.73185e-07 4.62957e-08 0)
(-1.72306e-07 4.705e-08 0)
(-1.70719e-07 4.718e-08 0)
(-1.68441e-07 4.67361e-08 0)
(-1.65464e-07 4.57905e-08 0)
(-1.61783e-07 4.44386e-08 0)
(-1.57398e-07 4.27584e-08 0)
(-1.52322e-07 4.08355e-08 0)
(-1.46573e-07 3.87551e-08 0)
(-1.40176e-07 3.6601e-08 0)
(-1.3316e-07 3.44458e-08 0)
(-1.25559e-07 3.23457e-08 0)
(-1.17411e-07 3.03461e-08 0)
(-1.08755e-07 2.84901e-08 0)
(-9.96591e-08 2.68088e-08 0)
(-9.02306e-08 2.53222e-08 0)
(-8.05353e-08 2.40316e-08 0)
(-7.0544e-08 2.29211e-08 0)
(-6.03439e-08 2.19511e-08 0)
(-5.0312e-08 2.10575e-08 0)
(-4.06093e-08 2.01362e-08 0)
(-3.10954e-08 1.90449e-08 0)
(-2.20689e-08 1.76359e-08 0)
(-1.42077e-08 1.5608e-08 0)
(-7.76136e-09 1.29122e-08 0)
(-3.39988e-09 8.73093e-09 0)
(3.41671e-11 3.97014e-09 0)
(-1.29024e-09 -1.10767e-08 0)
(-2.76087e-09 -2.82752e-08 0)
(-8.26211e-09 -4.31797e-08 0)
(-1.6228e-08 -5.47858e-08 0)
(-2.5526e-08 -6.33885e-08 0)
(-3.49669e-08 -6.92884e-08 0)
(-4.5195e-08 -7.27512e-08 0)
(-5.61377e-08 -7.40163e-08 0)
(-6.72039e-08 -7.33221e-08 0)
(-7.8151e-08 -7.08913e-08 0)
(-8.89614e-08 -6.69497e-08 0)
(-9.9586e-08 -6.17309e-08 0)
(-1.09928e-07 -5.5444e-08 0)
(-1.19906e-07 -4.83065e-08 0)
(-1.29461e-07 -4.05256e-08 0)
(-1.38546e-07 -3.23042e-08 0)
(-1.47126e-07 -2.38377e-08 0)
(-1.55163e-07 -1.53088e-08 0)
(-1.62615e-07 -6.88939e-09 0)
(-1.6945e-07 1.2673e-09 0)
(-1.75634e-07 9.01387e-09 0)
(-1.81146e-07 1.62308e-08 0)
(-1.85979e-07 2.27943e-08 0)
(-1.90111e-07 2.85833e-08 0)
(-1.93472e-07 3.35102e-08 0)
(-1.95997e-07 3.75933e-08 0)
(-1.9771e-07 4.08786e-08 0)
(-1.98673e-07 4.33393e-08 0)
(-1.98849e-07 4.48609e-08 0)
(-1.98163e-07 4.55153e-08 0)
(-1.96631e-07 4.55019e-08 0)
(-1.94328e-07 4.49035e-08 0)
(-1.91273e-07 4.37274e-08 0)
(-1.87455e-07 4.20508e-08 0)
(-1.82869e-07 3.99661e-08 0)
(-1.7753e-07 3.75644e-08 0)
(-1.71458e-07 3.49379e-08 0)
(-1.64673e-07 3.21773e-08 0)
(-1.57208e-07 2.93672e-08 0)
(-1.49096e-07 2.65871e-08 0)
(-1.40376e-07 2.39015e-08 0)
(-1.31088e-07 2.13679e-08 0)
(-1.21273e-07 1.90357e-08 0)
(-1.11004e-07 1.69444e-08 0)
(-1.00392e-07 1.51211e-08 0)
(-8.95084e-08 1.35801e-08 0)
(-7.83284e-08 1.23176e-08 0)
(-6.6947e-08 1.1318e-08 0)
(-5.57645e-08 1.05409e-08 0)
(-4.49548e-08 9.91334e-09 0)
(-3.43782e-08 9.33563e-09 0)
(-2.44179e-08 8.6976e-09 0)
(-1.5591e-08 7.92316e-09 0)
(-8.5881e-09 6.53005e-09 0)
(-3.80234e-09 4.68851e-09 0)
(1.09765e-11 2.18611e-09 0)
(-1.24931e-09 -9.0745e-09 0)
(-3.102e-09 -2.34974e-08 0)
(-9.02431e-09 -3.60497e-08 0)
(-1.77754e-08 -4.59508e-08 0)
(-2.80227e-08 -5.33396e-08 0)
(-3.85841e-08 -5.84202e-08 0)
(-5.00409e-08 -6.13737e-08 0)
(-6.22815e-08 -6.237e-08 0)
(-7.46854e-08 -6.15974e-08 0)
(-8.69741e-08 -5.9246e-08 0)
(-9.91049e-08 -5.55086e-08 0)
(-1.11004e-07 -5.0583e-08 0)
(-1.22558e-07 -4.46689e-08 0)
(-1.33668e-07 -3.79703e-08 0)
(-1.44257e-07 -3.06873e-08 0)
(-1.54275e-07 -2.30134e-08 0)
(-1.63676e-07 -1.51406e-08 0)
(-1.72414e-07 -7.24483e-09 0)
(-1.80446e-07 5.03969e-10 0)
(-1.8774e-07 7.95342e-09 0)
(-1.94265e-07 1.49632e-08 0)
(-1.99994e-07 2.14159e-08 0)
(-2.04929e-07 2.72033e-08 0)
(-2.09072e-07 3.21751e-08 0)
(-2.12358e-07 3.62532e-08 0)
(-2.14693e-07 3.94994e-08 0)
(-2.16119e-07 4.20209e-08 0)
(-2.16767e-07 4.37726e-08 0)
(-2.16565e-07 4.44993e-08 0)
(-2.15394e-07 4.42634e-08 0)
(-2.13301e-07 4.33702e-08 0)
(-2.10426e-07 4.19737e-08 0)
(-2.06762e-07 4.00042e-08 0)
(-2.02284e-07 3.75371e-08 0)
(-1.97005e-07 3.4675e-08 0)
(-1.90944e-07 3.15113e-08 0)
(-1.84129e-07 2.81526e-08 0)
(-1.76591e-07 2.46869e-08 0)
(-1.68362e-07 2.12051e-08 0)
(-1.59478e-07 1.77881e-08 0)
(-1.49983e-07 1.45096e-08 0)
(-1.39917e-07 1.1433e-08 0)
(-1.29323e-07 8.61673e-09 0)
(-1.18276e-07 6.10791e-09 0)
(-1.06887e-07 3.94502e-09 0)
(-9.52326e-08 2.15451e-09 0)
(-8.32873e-08 7.50383e-10 0)
(-7.11508e-08 -2.63475e-10 0)
(-5.92318e-08 -8.97883e-10 0)
(-4.77245e-08 -1.19167e-09 0)
(-3.64994e-08 -1.19545e-09 0)
(-2.5803e-08 -9.52586e-10 0)
(-1.66551e-08 -5.71858e-10 0)
(-9.02778e-09 -5.09975e-11 0)
(-3.94e-09 8.32202e-11 0)
(1.82326e-10 3.41744e-10 0)
(-1.21626e-09 -6.97584e-09 0)
(-3.31369e-09 -1.84298e-08 0)
(-9.5045e-09 -2.84177e-08 0)
(-1.87098e-08 -3.6408e-08 0)
(-2.95449e-08 -4.24413e-08 0)
(-4.0805e-08 -4.65956e-08 0)
(-5.30311e-08 -4.89618e-08 0)
(-6.60875e-08 -4.96466e-08 0)
(-7.93372e-08 -4.87814e-08 0)
(-9.24765e-08 -4.65157e-08 0)
(-1.0544e-07 -4.30079e-08 0)
(-1.18137e-07 -3.84273e-08 0)
(-1.30441e-07 -3.2956e-08 0)
(-1.42242e-07 -2.67764e-08 0)
(-1.53455e-07 -2.00788e-08 0)
(-1.64017e-07 -1.3049e-08 0)
(-1.73878e-07 -5.86565e-09 0)
(-1.8299e-07 1.29981e-09 0)
(-1.91313e-07 8.28247e-09 0)
(-1.98812e-07 1.49311e-08 0)
(-2.05457e-07 2.11187e-08 0)
(-2.11223e-07 2.67448e-08 0)
(-2.16079e-07 3.17808e-08 0)
(-2.20035e-07 3.60373e-08 0)
(-2.23098e-07 3.92148e-08 0)
(-2.25185e-07 4.1403e-08 0)
(-2.26315e-07 4.2955e-08 0)
(-2.26582e-07 4.38383e-08 0)
(-2.25995e-07 4.34299e-08 0)
(-2.24468e-07 4.20439e-08 0)
(-2.2203e-07 4.0468e-08 0)
(-2.18746e-07 3.8446e-08 0)
(-2.14597e-07 3.56898e-08 0)
(-2.09627e-07 3.24217e-08 0)
(-2.0386e-07 2.87707e-08 0)
(-1.97315e-07 2.48487e-08 0)
(-1.90025e-07 2.07538e-08 0)
(-1.82025e-07 1.65875e-08 0)
(-1.73349e-07 1.24384e-08 0)
(-1.64036e-07 8.39409e-09 0)
(-1.54129e-07 4.53156e-09 0)
(-1.43668e-07 9.21814e-10 0)
(-1.32696e-07 -2.37173e-09 0)
(-1.21286e-07 -5.2901e-09 0)
(-1.0955e-07 -7.78598e-09 0)
(-9.75618e-08 -9.81843e-09 0)
(-8.52958e-08 -1.13547e-08 0)
(-7.28484e-08 -1.23694e-08 0)
(-6.06391e-08 -1.28444e-08 0)
(-4.88576e-08 -1.27752e-08 0)
(-3.73442e-08 -1.21728e-08 0)
(-2.65149e-08 -1.10295e-08 0)
(-1.68141e-08 -9.25403e-09 0)
(-9.32331e-09 -7.19055e-09 0)
(-4.2658e-09 -4.51407e-09 0)
(1.07928e-10 -1.6251e-09 0)
(-1.21163e-09 -4.83769e-09 0)
(-3.36571e-09 -1.31912e-08 0)
(-9.64804e-09 -2.05253e-08 0)
(-1.9033e-08 -2.651e-08 0)
(-3.00993e-08 -3.11009e-08 0)
(-4.16346e-08 -3.42615e-08 0)
(-5.41711e-08 -3.59921e-08 0)
(-6.75631e-08 -3.63377e-08 0)
(-8.11623e-08 -3.53723e-08 0)
(-9.46519e-08 -3.31983e-08 0)
(-1.07952e-07 -2.99398e-08 0)
(-1.20964e-07 -2.57384e-08 0)
(-1.33551e-07 -2.07534e-08 0)
(-1.45593e-07 -1.51515e-08 0)
(-1.57002e-07 -9.10296e-09 0)
(-1.67707e-07 -2.78276e-09 0)
(-1.77654e-07 3.64163e-09 0)
(-1.86796e-07 1.00061e-08 0)
(-1.95096e-07 1.61547e-08 0)
(-2.02519e-07 2.19449e-08 0)
(-2.09038e-07 2.72563e-08 0)
(-2.14629e-07 3.19838e-08 0)
(-2.19259e-07 3.60423e-08 0)
(-2.22897e-07 3.9308e-08 0)
(-2.25568e-07 4.15529e-08 0)
(-2.27325e-07 4.26612e-08 0)
(-2.28221e-07 4.32487e-08 0)
(-2.28122e-07 4.34116e-08 0)
(-2.27082e-07 4.2377e-08 0)
(-2.25266e-07 4.02331e-08 0)
(-2.22607e-07 3.76342e-08 0)
(-2.1901e-07 3.45803e-08 0)
(-2.14538e-07 3.09781e-08 0)
(-2.0927e-07 2.69149e-08 0)
(-2.03232e-07 2.24986e-08 0)
(-1.96453e-07 1.78387e-08 0)
(-1.88965e-07 1.30366e-08 0)
(-1.80804e-07 8.19453e-09 0)
(-1.72009e-07 3.40596e-09 0)
(-1.62616e-07 -1.23956e-09 0)
(-1.5267e-07 -5.65731e-09 0)
(-1.42209e-07 -9.77306e-09 0)
(-1.31271e-07 -1.3517e-08 0)
(-1.19927e-07 -1.68228e-08 0)
(-1.08286e-07 -1.9631e-08 0)
(-9.64157e-08 -2.18892e-08 0)
(-8.42854e-08 -2.35462e-08 0)
(-7.19873e-08 -2.45523e-08 0)
(-5.99288e-08 -2.48595e-08 0)
(-4.83114e-08 -2.44273e-08 0)
(-3.69807e-08 -2.32118e-08 0)
(-2.60575e-08 -2.11297e-08 0)
(-1.68895e-08 -1.81611e-08 0)
(-9.19017e-09 -1.41514e-08 0)
(-4.0447e-09 -9.32896e-09 0)
(2.69842e-10 -3.59166e-09 0)
(-1.27885e-09 -2.6665e-09 0)
(-3.26519e-09 -7.93948e-09 0)
(-9.51694e-09 -1.25981e-08 0)
(-1.87587e-08 -1.65704e-08 0)
(-2.97001e-08 -1.97059e-08 0)
(-4.10974e-08 -2.18569e-08 0)
(-5.34919e-08 -2.29386e-08 0)
(-6.67441e-08 -2.29351e-08 0)
(-8.02018e-08 -2.1865e-08 0)
(-9.35452e-08 -1.97863e-08 0)
(-1.0669e-07 -1.67883e-08 0)
(-1.19534e-07 -1.29845e-08 0)
(-1.31937e-07 -8.50963e-09 0)
(-1.43774e-07 -3.51373e-09 0)
(-1.5495e-07 1.84914e-09 0)
(-1.65395e-07 7.42139e-09 0)
(-1.75053e-07 1.30438e-08 0)
(-1.83879e-07 1.85618e-08 0)
(-1.91835e-07 2.38305e-08 0)
(-1.98886e-07 2.87181e-08 0)
(-2.05007e-07 3.31049e-08 0)
(-2.1018e-07 3.68897e-08 0)
(-2.14388e-07 3.99815e-08 0)
(-2.17613e-07 4.22657e-08 0)
(-2.19884e-07 4.36148e-08 0)
(-2.21291e-07 4.40301e-08 0)
(-2.21845e-07 4.36654e-08 0)
(-2.21414e-07 4.25005e-08 0)
(-2.20027e-07 4.05093e-08 0)
(-2.17854e-07 3.77351e-08 0)
(-2.14906e-07 3.43663e-08 0)
(-2.11121e-07 3.04755e-08 0)
(-2.06522e-07 2.60713e-08 0)
(-2.01164e-07 2.12464e-08 0)
(-1.95086e-07 1.61051e-08 0)
(-1.88324e-07 1.07505e-08 0)
(-1.80915e-07 5.2897e-09 0)
(-1.72898e-07 -1.79771e-10 0)
(-1.64311e-07 -5.55885e-09 0)
(-1.5519e-07 -1.07547e-08 0)
(-1.45577e-07 -1.56821e-08 0)
(-1.3551e-07 -2.02599e-08 0)
(-1.2502e-07 -2.44121e-08 0)
(-1.14172e-07 -2.80682e-08 0)
(-1.03069e-07 -3.11579e-08 0)
(-9.17718e-08 -3.36153e-08 0)
(-8.0237e-08 -3.53733e-08 0)
(-6.85437e-08 -3.63606e-08 0)
(-5.71003e-08 -3.65019e-08 0)
(-4.60811e-08 -3.5719e-08 0)
(-3.52649e-08 -3.39156e-08 0)
(-2.50713e-08 -3.09672e-08 0)
(-1.58518e-08 -2.66935e-08 0)
(-8.91332e-09 -2.11461e-08 0)
(-4.25618e-09 -1.38669e-08 0)
(2.15848e-10 -5.53505e-09 0)
(-1.23572e-09 -5.45654e-10 0)
(-3.09179e-09 -2.8468e-09 0)
(-9.05538e-09 -4.90141e-09 0)
(-1.79188e-08 -6.93303e-09 0)
(-2.839e-08 -8.65127e-09 0)
(-3.92397e-08 -9.81679e-09 0)
(-5.10498e-08 -1.02683e-08 0)
(-6.36981e-08 -9.92439e-09 0)
(-7.65367e-08 -8.75462e-09 0)
(-8.92528e-08 -6.77623e-09 0)
(-1.01764e-07 -4.0448e-09 0)
(-1.13971e-07 -6.46696e-10 0)
(-1.25734e-07 3.30589e-09 0)
(-1.36927e-07 7.68425e-09 0)
(-1.47454e-07 1.235e-08 0)
(-1.57245e-07 1.7159e-08 0)
(-1.66247e-07 2.19649e-08 0)
(-1.74417e-07 2.66239e-08 0)
(-1.81716e-07 3.10015e-08 0)
(-1.88116e-07 3.49716e-08 0)
(-1.93598e-07 3.84189e-08 0)
(-1.98143e-07 4.12425e-08 0)
(-2.01747e-07 4.336e-08 0)
(-2.04423e-07 4.46801e-08 0)
(-2.06204e-07 4.5126e-08 0)
(-2.07136e-07 4.46953e-08 0)
(-2.0722e-07 4.34798e-08 0)
(-2.0642e-07 4.14949e-08 0)
(-2.0477e-07 3.86979e-08 0)
(-2.0235e-07 3.51444e-08 0)
(-1.99206e-07 3.09809e-08 0)
(-1.95331e-07 2.62936e-08 0)
(-1.90736e-07 2.11444e-08 0)
(-1.8546e-07 1.56197e-08 0)
(-1.79551e-07 9.82023e-09 0)
(-1.73046e-07 3.84548e-09 0)
(-1.65986e-07 -2.2002e-09 0)
(-1.5841e-07 -8.21789e-09 0)
(-1.50351e-07 -1.41087e-08 0)
(-1.41845e-07 -1.97807e-08 0)
(-1.32934e-07 -2.51474e-08 0)
(-1.23645e-07 -3.01232e-08 0)
(-1.14008e-07 -3.46267e-08 0)
(-1.04078e-07 -3.85814e-08 0)
(-9.39482e-08 -4.19102e-08 0)
(-8.36667e-08 -4.4533e-08 0)
(-7.31776e-08 -4.6369e-08 0)
(-6.25462e-08 -4.73289e-08 0)
(-5.21552e-08 -4.73152e-08 0)
(-4.21684e-08 -4.62173e-08 0)
(-3.23711e-08 -4.38812e-08 0)
(-2.27834e-08 -4.01198e-08 0)
(-1.49109e-08 -3.47814e-08 0)
(-8.17064e-09 -2.74976e-08 0)
(-3.68579e-09 -1.82733e-08 0)
(4.18021e-10 -7.31967e-09 0)
(-1.24585e-09 1.42579e-09 0)
(-2.79799e-09 1.94985e-09 0)
(-8.3618e-09 2.29446e-09 0)
(-1.65345e-08 2.0709e-09 0)
(-2.61886e-08 1.68779e-09 0)
(-3.61144e-08 1.44144e-09 0)
(-4.69241e-08 1.57432e-09 0)
(-5.85272e-08 2.22949e-09 0)
(-7.02952e-08 3.48336e-09 0)
(-8.19275e-08 5.35411e-09 0)
(-9.3352e-08 7.81687e-09 0)
(-1.04476e-07 1.08096e-08 0)
(-1.15165e-07 1.42425e-08 0)
(-1.25295e-07 1.80072e-08 0)
(-1.34774e-07 2.1982e-08 0)
(-1.43534e-07 2.60374e-08 0)
(-1.51527e-07 3.00381e-08 0)
(-1.5871e-07 3.38549e-08 0)
(-1.65052e-07 3.73611e-08 0)
(-1.70531e-07 4.04392e-08 0)
(-1.75131e-07 4.29815e-08 0)
(-1.78846e-07 4.48967e-08 0)
(-1.81681e-07 4.61088e-08 0)
(-1.83655e-07 4.65408e-08 0)
(-1.848e-07 4.61428e-08 0)
(-1.85156e-07 4.49164e-08 0)
(-1.84739e-07 4.29009e-08 0)
(-1.83556e-07 4.01134e-08 0)
(-1.81637e-07 3.65667e-08 0)
(-1.79034e-07 3.23174e-08 0)
(-1.7579e-07 2.74661e-08 0)
(-1.71925e-07 2.21104e-08 0)
(-1.67461e-07 1.63309e-08 0)
(-1.62436e-07 1.02176e-08 0)
(-1.56895e-07 3.86479e-09 0)
(-1.50878e-07 -2.62336e-09 0)
(-1.44422e-07 -9.14838e-09 0)
(-1.37566e-07 -1.56077e-08 0)
(-1.30343e-07 -2.19077e-08 0)
(-1.22786e-07 -2.7957e-08 0)
(-1.14927e-07 -3.36683e-08 0)
(-1.0679e-07 -3.89545e-08 0)
(-9.83932e-08 -4.37329e-08 0)
(-8.97851e-08 -4.79208e-08 0)
(-8.10437e-08 -5.14338e-08 0)
(-7.22036e-08 -5.41814e-08 0)
(-6.3191e-08 -5.60706e-08 0)
(-5.40538e-08 -5.69994e-08 0)
(-4.51635e-08 -5.68493e-08 0)
(-3.66218e-08 -5.54803e-08 0)
(-2.8129e-08 -5.26977e-08 0)
(-2.00932e-08 -4.82691e-08 0)
(-1.26697e-08 -4.18811e-08 0)
(-7.30813e-09 -3.33731e-08 0)
(-3.68948e-09 -2.20983e-08 0)
(2.65009e-10 -9.00891e-09 0)
(-1.18917e-09 3.21588e-09 0)
(-2.44733e-09 6.25348e-09 0)
(-7.38479e-09 8.75113e-09 0)
(-1.46086e-08 1.01316e-08 0)
(-2.31402e-08 1.09408e-08 0)
(-3.17962e-08 1.15188e-08 0)
(-4.12191e-08 1.21716e-08 0)
(-5.13687e-08 1.30994e-08 0)
(-6.16461e-08 1.44183e-08 0)
(-7.17736e-08 1.61767e-08 0)
(-8.16925e-08 1.83754e-08 0)
(-9.13215e-08 2.09764e-08 0)
(-1.00533e-07 2.39102e-08 0)
(-1.09212e-07 2.70857e-08 0)
(-1.17269e-07 3.03952e-08 0)
(-1.24646e-07 3.37256e-08 0)
(-1.31297e-07 3.69574e-08 0)
(-1.37185e-07 3.99719e-08 0)
(-1.42286e-07 4.26511e-08 0)
(-1.46587e-07 4.48902e-08 0)
(-1.50068e-07 4.65857e-08 0)
(-1.52751e-07 4.76564e-08 0)
(-1.54647e-07 4.80568e-08 0)
(-1.55772e-07 4.76985e-08 0)
(-1.56169e-07 4.65426e-08 0)
(-1.55874e-07 4.45907e-08 0)
(-1.54915e-07 4.18636e-08 0)
(-1.53318e-07 3.83903e-08 0)
(-1.51119e-07 3.42017e-08 0)
(-1.48361e-07 2.93602e-08 0)
(-1.45089e-07 2.39492e-08 0)
(-1.41336e-07 1.80612e-08 0)
(-1.37131e-07 1.1783e-08 0)
(-1.32514e-07 5.20944e-09 0)
(-1.27528e-07 -1.56506e-09 0)
(-1.22209e-07 -8.43653e-09 0)
(-1.16596e-07 -1.53103e-08 0)
(-1.10725e-07 -2.20841e-08 0)
(-1.04625e-07 -2.86711e-08 0)
(-9.83235e-08 -3.49776e-08 0)
(-9.18467e-08 -4.09221e-08 0)
(-8.52072e-08 -4.64133e-08 0)
(-7.84173e-08 -5.13711e-08 0)
(-7.15093e-08 -5.57086e-08 0)
(-6.45467e-08 -5.93391e-08 0)
(-5.75459e-08 -6.21583e-08 0)
(-5.04113e-08 -6.40696e-08 0)
(-4.31807e-08 -6.49632e-08 0)
(-3.61852e-08 -6.46974e-08 0)
(-2.94817e-08 -6.31161e-08 0)
(-2.28008e-08 -5.99809e-08 0)
(-1.6023e-08 -5.50002e-08 0)
(-1.07146e-08 -4.79059e-08 0)
(-5.95382e-09 -3.81261e-08 0)
(-2.75354e-09 -2.54658e-08 0)
(4.59007e-10 -1.04515e-08 0)
(-1.20187e-09 4.707e-09 0)
(-1.97416e-09 9.99254e-09 0)
(-6.16898e-09 1.42735e-08 0)
(-1.2171e-08 1.69716e-08 0)
(-1.92774e-08 1.87822e-08 0)
(-2.6351e-08 2.00611e-08 0)
(-3.40466e-08 2.11567e-08 0)
(-4.23781e-08 2.23094e-08 0)
(-5.07929e-08 2.36706e-08 0)
(-5.90406e-08 2.53132e-08 0)
(-6.70792e-08 2.72599e-08 0)
(-7.48417e-08 2.94917e-08 0)
(-8.22143e-08 3.19567e-08 0)
(-8.90912e-08 3.45774e-08 0)
(-9.53943e-08 3.72663e-08 0)
(-1.01068e-07 3.99222e-08 0)
(-1.06073e-07 4.24404e-08 0)
(-1.10384e-07 4.47133e-08 0)
(-1.1398e-07 4.6637e-08 0)
(-1.16879e-07 4.80982e-08 0)
(-1.19003e-07 4.90388e-08 0)
(-1.20486e-07 4.9388e-08 0)
(-1.21282e-07 4.906e-08 0)
(-1.21403e-07 4.8014e-08 0)
(-1.20936e-07 4.62139e-08 0)
(-1.19907e-07 4.36607e-08 0)
(-1.18354e-07 4.03601e-08 0)
(-1.16316e-07 3.63485e-08 0)
(-1.13835e-07 3.1657e-08 0)
(-1.10951e-07 2.63595e-08 0)
(-1.07713e-07 2.05238e-08 0)
(-1.04162e-07 1.42494e-08 0)
(-1.00331e-07 7.61716e-09 0)
(-9.6262e-08 7.35381e-10 0)
(-9.19948e-08 -6.31038e-09 0)
(-8.75671e-08 -1.34122e-08 0)
(-8.30118e-08 -2.04836e-08 0)
(-7.83635e-08 -2.74224e-08 0)
(-7.36466e-08 -3.41519e-08 0)
(-6.88825e-08 -4.05787e-08 0)
(-6.40846e-08 -4.66267e-08 0)
(-5.92565e-08 -5.22016e-08 0)
(-5.44008e-08 -5.72284e-08 0)
(-4.95373e-08 -6.16139e-08 0)
(-4.4708e-08 -6.52777e-08 0)
(-3.99153e-08 -6.81057e-08 0)
(-3.5016e-08 -6.99767e-08 0)
(-3.00596e-08 -7.07912e-08 0)
(-2.53646e-08 -7.04464e-08 0)
(-2.08087e-08 -6.87501e-08 0)
(-1.61603e-08 -6.53665e-08 0)
(-1.17038e-08 -6.00216e-08 0)
(-7.31256e-09 -5.23116e-08 0)
(-4.52149e-09 -4.19365e-08 0)
(-2.5995e-09 -2.79685e-08 0)
(2.6115e-10 -1.16326e-08 0)
(-1.20076e-09 5.94516e-09 0)
(-1.44651e-09 1.30277e-08 0)
(-4.6244e-09 1.86508e-08 0)
(-9.23529e-09 2.23535e-08 0)
(-1.46598e-08 2.49195e-08 0)
(-1.98726e-08 2.67297e-08 0)
(-2.55441e-08 2.81533e-08 0)
(-3.17485e-08 2.94574e-08 0)
(-3.79801e-08 3.08252e-08 0)
(-4.40255e-08 3.23401e-08 0)
(-4.98635e-08 3.40464e-08 0)
(-5.5443e-08 3.59302e-08 0)
(-6.06645e-08 3.79674e-08 0)
(-6.54323e-08 4.00706e-08 0)
(-6.96829e-08 4.21941e-08 0)
(-7.33754e-08 4.42285e-08 0)
(-7.64754e-08 4.61161e-08 0)
(-7.89566e-08 4.77205e-08 0)
(-8.08051e-08 4.90075e-08 0)
(-8.20402e-08 4.98232e-08 0)
(-8.27091e-08 5.01092e-08 0)
(-8.27713e-08 4.98181e-08 0)
(-8.22761e-08 4.89125e-08 0)
(-8.12887e-08 4.73038e-08 0)
(-7.98531e-08 4.50312e-08 0)
(-7.80149e-08 4.20078e-08 0)
(-7.58185e-08 3.83212e-08 0)
(-7.33143e-08 3.39163e-08 0)
(-7.05449e-08 2.89237e-08 0)
(-6.75574e-08 2.332e-08 0)
(-6.44037e-08 1.7272e-08 0)
(-6.1129e-08 1.07745e-08 0)
(-5.77692e-08 4.01308e-09 0)
(-5.43656e-08 -3.01898e-09 0)
(-5.09625e-08 -1.0119e-08 0)
(-4.75904e-08 -1.72976e-08 0)
(-4.42818e-08 -2.43533e-08 0)
(-4.10654e-08 -3.13121e-08 0)
(-3.79623e-08 -3.7986e-08 0)
(-3.498e-08 -4.44037e-08 0)
(-3.21214e-08 -5.03758e-08 0)
(-2.93777e-08 -5.59218e-08 0)
(-2.67399e-08 -6.08618e-08 0)
(-2.42145e-08 -6.52091e-08 0)
(-2.18324e-08 -6.87901e-08 0)
(-1.95885e-08 -7.15895e-08 0)
(-1.73038e-08 -7.34222e-08 0)
(-1.48761e-08 -7.42648e-08 0)
(-1.26321e-08 -7.3819e-08 0)
(-1.06272e-08 -7.20048e-08 0)
(-8.53457e-09 -6.84837e-08 0)
(-5.92404e-09 -6.29857e-08 0)
(-4.42291e-09 -5.51323e-08 0)
(-2.63285e-09 -4.42983e-08 0)
(-1.29154e-09 -2.9681e-08 0)
(3.79387e-10 -1.24387e-08 0)
(-1.22673e-09 6.94584e-09 0)
(-7.61774e-10 1.51244e-08 0)
(-2.88442e-09 2.16838e-08 0)
(-5.90474e-09 2.60465e-08 0)
(-9.39761e-09 2.90353e-08 0)
(-1.25043e-08 3.11717e-08 0)
(-1.59063e-08 3.27747e-08 0)
(-1.972e-08 3.41395e-08 0)
(-2.35035e-08 3.54518e-08 0)
(-2.70826e-08 3.68232e-08 0)
(-3.046e-08 3.82838e-08 0)
(-3.35915e-08 3.98542e-08 0)
(-3.64043e-08 4.14843e-08 0)
(-3.88066e-08 4.31371e-08 0)
(-4.07639e-08 4.47352e-08 0)
(-4.22326e-08 4.62522e-08 0)
(-4.32025e-08 4.75699e-08 0)
(-4.36449e-08 4.86237e-08 0)
(-4.35922e-08 4.93126e-08 0)
(-4.29237e-08 4.96194e-08 0)
(-4.18563e-08 4.9394e-08 0)
(-4.03838e-08 4.86503e-08 0)
(-3.85057e-08 4.72967e-08 0)
(-3.62827e-08 4.53509e-08 0)
(-3.37838e-08 4.27337e-08 0)
(-3.10567e-08 3.94873e-08 0)
(-2.81649e-08 3.55626e-08 0)
(-2.51557e-08 3.10415e-08 0)
(-2.2085e-08 2.59137e-08 0)
(-1.89987e-08 2.03022e-08 0)
(-1.59604e-08 1.42236e-08 0)
(-1.30164e-08 7.81838e-09 0)
(-1.0216e-08 1.09835e-09 0)
(-7.58843e-09 -5.7755e-09 0)
(-5.17358e-09 -1.27821e-08 0)
(-2.99945e-09 -1.97395e-08 0)
(-1.09782e-09 -2.66465e-08 0)
(5.02868e-10 -3.33404e-08 0)
(1.79709e-09 -3.9846e-08 0)
(2.78713e-09 -4.59947e-08 0)
(3.49161e-09 -5.17958e-08 0)
(3.92172e-09 -5.70847e-08 0)
(4.10635e-09 -6.18689e-08 0)
(4.0451e-09 -6.59935e-08 0)
(3.7512e-09 -6.94619e-08 0)
(3.26333e-09 -7.21121e-08 0)
(2.77858e-09 -7.39332e-08 0)
(2.22134e-09 -7.46969e-08 0)
(1.48097e-09 -7.4294e-08 0)
(6.33122e-10 -7.24542e-08 0)
(1.94274e-10 -6.90196e-08 0)
(-1.87118e-10 -6.36232e-08 0)
(-6.4662e-11 -5.59078e-08 0)
(-6.08412e-10 -4.50154e-08 0)
(-8.53033e-10 -3.04386e-08 0)
(1.62851e-10 -1.27688e-08 0)
(-1.18162e-09 7.54811e-09 0)
(3.12538e-11 1.62323e-08 0)
(-9.43276e-10 2.32286e-08 0)
(-2.28003e-09 2.79239e-08 0)
(-3.65144e-09 3.10939e-08 0)
(-4.41054e-09 3.33819e-08 0)
(-5.34646e-09 3.50596e-08 0)
(-6.57589e-09 3.6422e-08 0)
(-7.70356e-09 3.76446e-08 0)
(-8.61369e-09 3.88667e-08 0)
(-9.32869e-09 4.00971e-08 0)
(-9.82799e-09 4.13944e-08 0)
(-1.00204e-08 4.26708e-08 0)
(-9.8321e-09 4.39241e-08 0)
(-9.28359e-09 4.50712e-08 0)
(-8.35335e-09 4.61614e-08 0)
(-6.96922e-09 4.69814e-08 0)
(-5.17446e-09 4.7604e-08 0)
(-2.99619e-09 4.77956e-08 0)
(-4.39368e-10 4.76885e-08 0)
(2.46782e-09 4.70779e-08 0)
(5.66174e-09 4.60655e-08 0)
(9.08549e-09 4.43927e-08 0)
(1.26677e-08 4.22939e-08 0)
(1.63419e-08 3.94733e-08 0)
(2.00379e-08 3.62107e-08 0)
(2.36966e-08 3.21963e-08 0)
(2.72546e-08 2.77864e-08 0)
(3.06627e-08 2.26821e-08 0)
(3.38574e-08 1.72953e-08 0)
(3.67695e-08 1.1333e-08 0)
(3.93249e-08 5.24291e-09 0)
(4.14957e-08 -1.27921e-09 0)
(4.32486e-08 -7.7585e-09 0)
(4.4569e-08 -1.44883e-08 0)
(4.54234e-08 -2.09818e-08 0)
(4.57826e-08 -2.75511e-08 0)
(4.56172e-08 -3.3749e-08 0)
(4.49366e-08 -3.99058e-08 0)
(4.3772e-08 -4.5574e-08 0)
(4.21392e-08 -5.10516e-08 0)
(4.0074e-08 -5.59174e-08 0)
(3.76035e-08 -6.04267e-08 0)
(3.47567e-08 -6.41978e-08 0)
(3.1548e-08 -6.74663e-08 0)
(2.8061e-08 -6.98786e-08 0)
(2.44772e-08 -7.15717e-08 0)
(2.08275e-08 -7.21655e-08 0)
(1.7007e-08 -7.18317e-08 0)
(1.31022e-08 -7.01164e-08 0)
(9.64355e-09 -6.69074e-08 0)
(6.93129e-09 -6.17591e-08 0)
(3.82353e-09 -5.43564e-08 0)
(1.77174e-09 -4.4144e-08 0)
(6.88686e-10 -2.98251e-08 0)
(1.84315e-10 -1.27437e-08 0)
(-1.07214e-09 7.58072e-09 0)
(9.90616e-10 1.60304e-08 0)
(1.21046e-09 2.2972e-08 0)
(1.75025e-09 2.76926e-08 0)
(2.62136e-09 3.10052e-08 0)
(4.33404e-09 3.33852e-08 0)
(5.98375e-09 3.513e-08 0)
(7.45522e-09 3.64704e-08 0)
(9.10703e-09 3.7668e-08 0)
(1.0994e-08 3.87301e-08 0)
(1.30802e-08 3.98114e-08 0)
(1.53592e-08 4.07893e-08 0)
(1.79877e-08 4.18196e-08 0)
(2.09017e-08 4.26861e-08 0)
(2.40549e-08 4.35957e-08 0)
(2.75256e-08 4.41991e-08 0)
(3.13604e-08 4.47623e-08 0)
(3.54791e-08 4.48773e-08 0)
(3.98957e-08 4.48948e-08 0)
(4.45467e-08 4.43068e-08 0)
(4.94193e-08 4.36004e-08 0)
(5.44206e-08 4.21688e-08 0)
(5.94987e-08 4.0593e-08 0)
(6.4533e-08 3.81882e-08 0)
(6.94713e-08 3.56327e-08 0)
(7.42056e-08 3.21676e-08 0)
(7.86964e-08 2.85722e-08 0)
(8.2855e-08 2.40527e-08 0)
(8.66315e-08 1.94829e-08 0)
(8.99396e-08 1.40215e-08 0)
(9.27116e-08 8.63732e-09 0)
(9.48653e-08 2.49988e-09 0)
(9.63684e-08 -3.32409e-09 0)
(9.72052e-08 -9.68645e-09 0)
(9.73626e-08 -1.55082e-08 0)
(9.68188e-08 -2.1719e-08 0)
(9.55334e-08 -2.72816e-08 0)
(9.34922e-08 -3.31425e-08 0)
(9.0718e-08 -3.82807e-08 0)
(8.72675e-08 -4.35966e-08 0)
(8.3153e-08 -4.81475e-08 0)
(7.84525e-08 -5.2766e-08 0)
(7.3185e-08 -5.65198e-08 0)
(6.74015e-08 -6.01367e-08 0)
(6.1117e-08 -6.27958e-08 0)
(5.44849e-08 -6.51302e-08 0)
(4.76727e-08 -6.63703e-08 0)
(4.07894e-08 -6.70308e-08 0)
(3.36717e-08 -6.64623e-08 0)
(2.66046e-08 -6.49343e-08 0)
(2.0183e-08 -6.17866e-08 0)
(1.41796e-08 -5.70587e-08 0)
(9.03282e-09 -5.04189e-08 0)
(4.40703e-09 -4.08046e-08 0)
(1.44843e-09 -2.79156e-08 0)
(1.80526e-10 -1.22594e-08 0)
(-8.14517e-10 6.96733e-09 0)
(2.00906e-09 1.45868e-08 0)
(3.74483e-09 2.06971e-08 0)
(6.35309e-09 2.50087e-08 0)
(9.58469e-09 2.81865e-08 0)
(1.37581e-08 3.04623e-08 0)
(1.79776e-08 3.20916e-08 0)
(2.21916e-08 3.34009e-08 0)
(2.66439e-08 3.44818e-08 0)
(3.13955e-08 3.54644e-08 0)
(3.63366e-08 3.63023e-08 0)
(4.15029e-08 3.71127e-08 0)
(4.68911e-08 3.77881e-08 0)
(5.25373e-08 3.85039e-08 0)
(5.83962e-08 3.90094e-08 0)
(6.45458e-08 3.94553e-08 0)
(7.08926e-08 3.95862e-08 0)
(7.74909e-08 3.96247e-08 0)
(8.42137e-08 3.9226e-08 0)
(9.10963e-08 3.86921e-08 0)
(9.79998e-08 3.76266e-08 0)
(1.04933e-07 3.6421e-08 0)
(1.11704e-07 3.46299e-08 0)
(1.18303e-07 3.26899e-08 0)
(1.24549e-07 3.00661e-08 0)
(1.30425e-07 2.72617e-08 0)
(1.3578e-07 2.37222e-08 0)
(1.40593e-07 2.00329e-08 0)
(1.44716e-07 1.56045e-08 0)
(1.48127e-07 1.10779e-08 0)
(1.50716e-07 5.87481e-09 0)
(1.52482e-07 7.90576e-10 0)
(1.53369e-07 -4.74178e-09 0)
(1.53363e-07 -9.91313e-09 0)
(1.52393e-07 -1.53217e-08 0)
(1.50421e-07 -2.02137e-08 0)
(1.47443e-07 -2.5266e-08 0)
(1.43459e-07 -2.97683e-08 0)
(1.38555e-07 -3.43559e-08 0)
(1.32703e-07 -3.84192e-08 0)
(1.25994e-07 -4.25217e-08 0)
(1.18478e-07 -4.60369e-08 0)
(1.10317e-07 -4.94673e-08 0)
(1.01466e-07 -5.22049e-08 0)
(9.20666e-08 -5.4673e-08 0)
(8.21768e-08 -5.63356e-08 0)
(7.21142e-08 -5.75334e-08 0)
(6.18574e-08 -5.78125e-08 0)
(5.14745e-08 -5.74071e-08 0)
(4.11604e-08 -5.58255e-08 0)
(3.1584e-08 -5.31575e-08 0)
(2.26685e-08 -4.90524e-08 0)
(1.42497e-08 -4.31467e-08 0)
(7.53887e-09 -3.54266e-08 0)
(2.84987e-09 -2.42195e-08 0)
(7.42621e-10 -1.10516e-08 0)
(-1.20272e-09 5.94282e-09 0)
(3.32453e-09 1.19698e-08 0)
(6.35325e-09 1.69947e-08 0)
(1.12768e-08 2.02907e-08 0)
(1.68791e-08 2.29157e-08 0)
(2.34372e-08 2.47217e-08 0)
(3.02782e-08 2.59828e-08 0)
(3.72192e-08 2.69996e-08 0)
(4.44844e-08 2.78656e-08 0)
(5.20359e-08 2.86246e-08 0)
(5.98408e-08 2.92608e-08 0)
(6.7819e-08 2.98407e-08 0)
(7.60491e-08 3.03261e-08 0)
(8.44658e-08 3.07811e-08 0)
(9.31421e-08 3.10862e-08 0)
(1.01965e-07 3.13119e-08 0)
(1.10988e-07 3.13204e-08 0)
(1.20069e-07 3.12205e-08 0)
(1.29247e-07 3.08142e-08 0)
(1.38356e-07 3.02509e-08 0)
(1.47433e-07 2.93131e-08 0)
(1.56304e-07 2.82193e-08 0)
(1.64944e-07 2.67544e-08 0)
(1.73131e-07 2.51477e-08 0)
(1.8084e-07 2.30706e-08 0)
(1.87887e-07 2.07997e-08 0)
(1.94251e-07 1.80244e-08 0)
(1.99753e-07 1.50706e-08 0)
(2.04354e-07 1.16276e-08 0)
(2.07915e-07 8.0382e-09 0)
(2.10432e-07 4.01544e-09 0)
(2.1182e-07 4.21243e-11 0)
(2.12062e-07 -4.19734e-09 0)
(2.11118e-07 -8.25216e-09 0)
(2.08951e-07 -1.24303e-08 0)
(2.05512e-07 -1.62784e-08 0)
(2.0078e-07 -2.01584e-08 0)
(1.94845e-07 -2.36465e-08 0)
(1.87675e-07 -2.71824e-08 0)
(1.79397e-07 -3.03644e-08 0)
(1.70022e-07 -3.35411e-08 0)
(1.59709e-07 -3.62763e-08 0)
(1.48502e-07 -3.89011e-08 0)
(1.36575e-07 -4.10022e-08 0)
(1.23912e-07 -4.28738e-08 0)
(1.10784e-07 -4.41214e-08 0)
(9.73112e-08 -4.50104e-08 0)
(8.37479e-08 -4.52106e-08 0)
(6.9974e-08 -4.48943e-08 0)
(5.64394e-08 -4.36498e-08 0)
(4.35714e-08 -4.15578e-08 0)
(3.15584e-08 -3.84403e-08 0)
(2.03798e-08 -3.40714e-08 0)
(1.07495e-08 -2.78541e-08 0)
(4.29546e-09 -1.93089e-08 0)
(2.03612e-10 -9.19419e-09 0)
(-5.50507e-10 4.08423e-09 0)
(4.87029e-09 7.50713e-09 0)
(9.39935e-09 1.11243e-08 0)
(1.62779e-08 1.33558e-08 0)
(2.42837e-08 1.48996e-08 0)
(3.30988e-08 1.59105e-08 0)
(4.24106e-08 1.66567e-08 0)
(5.2072e-08 1.72858e-08 0)
(6.21039e-08 1.78738e-08 0)
(7.24682e-08 1.83124e-08 0)
(8.30702e-08 1.87324e-08 0)
(9.39106e-08 1.90428e-08 0)
(1.04955e-07 1.93999e-08 0)
(1.16233e-07 1.95934e-08 0)
(1.27669e-07 1.98323e-08 0)
(1.39263e-07 1.98571e-08 0)
(1.50926e-07 1.99596e-08 0)
(1.62631e-07 1.97554e-08 0)
(1.74248e-07 1.96154e-08 0)
(1.85736e-07 1.9058e-08 0)
(1.96955e-07 1.85308e-08 0)
(2.07866e-07 1.76031e-08 0)
(2.18327e-07 1.69779e-08 0)
(2.2825e-07 1.58615e-08 0)
(2.3746e-07 1.48649e-08 0)
(2.45879e-07 1.32363e-08 0)
(2.53331e-07 1.17554e-08 0)
(2.59724e-07 9.58552e-09 0)
(2.64922e-07 7.70894e-09 0)
(2.68868e-07 5.28639e-09 0)
(2.71351e-07 3.10769e-09 0)
(2.72405e-07 3.18964e-10 0)
(2.71957e-07 -2.18514e-09 0)
(2.69991e-07 -5.22962e-09 0)
(2.6648e-07 -7.68003e-09 0)
(2.61407e-07 -1.04729e-08 0)
(2.54833e-07 -1.26427e-08 0)
(2.46773e-07 -1.51652e-08 0)
(2.37384e-07 -1.71369e-08 0)
(2.26675e-07 -1.94841e-08 0)
(2.14675e-07 -2.12571e-08 0)
(2.0148e-07 -2.32755e-08 0)
(1.87306e-07 -2.46833e-08 0)
(1.72202e-07 -2.62358e-08 0)
(1.56339e-07 -2.72045e-08 0)
(1.39845e-07 -2.81966e-08 0)
(1.23016e-07 -2.85615e-08 0)
(1.05977e-07 -2.88586e-08 0)
(8.89069e-08 -2.85984e-08 0)
(7.20982e-08 -2.80662e-08 0)
(5.59882e-08 -2.6689e-08 0)
(4.08525e-08 -2.46015e-08 0)
(2.68787e-08 -2.16986e-08 0)
(1.52006e-08 -1.80911e-08 0)
(6.75355e-09 -1.26107e-08 0)
(5.81238e-10 -6.29339e-09 0)
(7.21237e-10 1.42588e-09 0)
(4.86127e-09 3.93613e-09 0)
(1.18572e-08 5.24315e-09 0)
(2.07456e-08 5.8326e-09 0)
(3.07844e-08 6.76495e-09 0)
(4.1997e-08 7.39327e-09 0)
(5.38104e-08 7.71419e-09 0)
(6.60386e-08 7.93285e-09 0)
(7.86838e-08 8.13955e-09 0)
(9.16919e-08 8.32001e-09 0)
(1.05007e-07 8.481e-09 0)
(1.18572e-07 8.60099e-09 0)
(1.32362e-07 8.71901e-09 0)
(1.46344e-07 8.82802e-09 0)
(1.605e-07 8.92751e-09 0)
(1.74756e-07 8.94906e-09 0)
(1.89044e-07 8.91345e-09 0)
(2.03269e-07 8.80601e-09 0)
(2.17354e-07 8.66565e-09 0)
(2.31191e-07 8.47401e-09 0)
(2.44647e-07 8.18406e-09 0)
(2.57523e-07 7.63633e-09 0)
(2.69781e-07 7.05121e-09 0)
(2.81377e-07 6.50113e-09 0)
(2.92168e-07 5.8648e-09 0)
(3.01965e-07 5.11681e-09 0)
(3.10643e-07 4.29224e-09 0)
(3.17955e-07 3.36356e-09 0)
(3.23753e-07 2.2643e-09 0)
(3.28069e-07 9.98071e-10 0)
(3.3062e-07 -8.45998e-11 0)
(3.31421e-07 -8.62817e-10 0)
(3.30445e-07 -1.60863e-09 0)
(3.2755e-07 -2.60931e-09 0)
(3.22731e-07 -3.71673e-09 0)
(3.16056e-07 -4.7616e-09 0)
(3.07676e-07 -5.66138e-09 0)
(2.97699e-07 -6.43696e-09 0)
(2.8616e-07 -7.45734e-09 0)
(2.73053e-07 -8.6645e-09 0)
(2.58411e-07 -9.6047e-09 0)
(2.42454e-07 -1.03433e-08 0)
(2.25305e-07 -1.10244e-08 0)
(2.07103e-07 -1.15901e-08 0)
(1.88002e-07 -1.2035e-08 0)
(1.68238e-07 -1.23022e-08 0)
(1.4805e-07 -1.24625e-08 0)
(1.27658e-07 -1.25022e-08 0)
(1.07171e-07 -1.23565e-08 0)
(8.6984e-08 -1.17911e-08 0)
(6.77757e-08 -1.10979e-08 0)
(4.97483e-08 -1.07442e-08 0)
(3.30123e-08 -9.87278e-09 0)
(1.81721e-08 -7.93332e-09 0)
(7.62753e-09 -4.79992e-09 0)
(1.30038e-09 -2.22709e-09 0)
)
;

boundaryField
{
    top
    {
        type            slip;
    }
    bottom
    {
        type            slip;
    }
    rotatingWall
    {
        type            rotatingWallVelocity;
        origin          (0 0 0);
        axis            (0 1 0);
        omega           constant 1140;
        value           uniform (0 0 0);
    }
    wall
    {
        type            rotatingWallVelocity;
        origin          (0 0 0);
        axis            (0 1 0);
        omega           constant 0;
        value           uniform (0 -0 -0);
    }
    frontAndBack
    {
        type            empty;
    }
}


// ************************************************************************* //
