/*--------------------------------*- C++ -*----------------------------------*\
| =========                 |                                                 |
| \\      /  F ield         | OpenFOAM: The Open Source CFD Toolbox           |
|  \\    /   O peration     | Version:  5.0                                   |
|   \\  /    A nd           | Web:      www.OpenFOAM.org                      |
|    \\/     M anipulation  |                                                 |
\*---------------------------------------------------------------------------*/
FoamFile
{
    version     2.0;
    format      ascii;
    class       volVectorField;
    location    "166";
    object      U;
}
// * * * * * * * * * * * * * * * * * * * * * * * * * * * * * * * * * * * * * //

dimensions      [0 1 -1 0 0 0 0];

internalField   nonuniform List<vector> 
1568
(
(9.26699e-13 -5.03334e-13 0)
(-1.83095e-12 7.09977e-12 0)
(1.0084e-11 -1.51552e-11 0)
(3.60945e-11 -1.34954e-11 0)
(5.07206e-11 -7.3468e-12 0)
(7.02723e-11 -1.32737e-11 0)
(9.65106e-11 -1.43121e-11 0)
(1.21795e-10 -1.36081e-11 0)
(1.47424e-10 -1.43571e-11 0)
(1.74678e-10 -1.49515e-11 0)
(2.02253e-10 -1.49586e-11 0)
(2.29525e-10 -1.47491e-11 0)
(2.5646e-10 -1.43829e-11 0)
(2.82769e-10 -1.39278e-11 0)
(3.08111e-10 -1.34247e-11 0)
(3.32262e-10 -1.27725e-11 0)
(3.5495e-10 -1.19904e-11 0)
(3.76017e-10 -1.11899e-11 0)
(3.95297e-10 -1.02492e-11 0)
(4.12643e-10 -9.21813e-12 0)
(4.27901e-10 -8.04639e-12 0)
(4.41015e-10 -6.83852e-12 0)
(4.51786e-10 -5.12135e-12 0)
(4.60281e-10 -3.53627e-12 0)
(4.66565e-10 -2.11671e-12 0)
(4.70607e-10 -9.84504e-13 0)
(4.72206e-10 -3.74824e-14 0)
(4.71358e-10 6.10945e-13 0)
(4.67949e-10 1.74912e-12 0)
(4.6224e-10 2.7195e-12 0)
(4.54509e-10 4.13808e-12 0)
(4.44904e-10 5.53608e-12 0)
(4.33315e-10 6.93236e-12 0)
(4.1988e-10 7.89174e-12 0)
(4.04763e-10 8.94405e-12 0)
(3.88102e-10 9.62759e-12 0)
(3.69974e-10 1.05095e-11 0)
(3.50477e-10 1.10787e-11 0)
(3.29875e-10 1.17554e-11 0)
(3.08197e-10 1.21793e-11 0)
(2.85619e-10 1.26131e-11 0)
(2.62408e-10 1.27702e-11 0)
(2.38775e-10 1.29967e-11 0)
(2.14836e-10 1.30605e-11 0)
(1.90877e-10 1.30942e-11 0)
(1.67132e-10 1.28943e-11 0)
(1.43861e-10 1.26458e-11 0)
(1.21254e-10 1.21689e-11 0)
(9.95692e-11 1.16084e-11 0)
(7.91643e-11 1.08227e-11 0)
(6.0142e-11 9.98362e-12 0)
(4.27386e-11 8.96909e-12 0)
(2.86642e-11 7.365e-12 0)
(1.53121e-11 7.6516e-12 0)
(5.33684e-12 3.67069e-12 0)
(9.24833e-13 1.54241e-12 0)
(1.10165e-11 -9.40706e-12 0)
(6.01969e-13 -1.93886e-11 0)
(2.03787e-11 -2.1867e-11 0)
(2.40235e-11 -2.40293e-11 0)
(4.65677e-11 -3.26381e-11 0)
(6.57176e-11 -3.5061e-11 0)
(8.68366e-11 -3.69416e-11 0)
(1.11066e-10 -3.8901e-11 0)
(1.3528e-10 -4.03072e-11 0)
(1.60091e-10 -4.10283e-11 0)
(1.85364e-10 -4.10645e-11 0)
(2.10839e-10 -4.07787e-11 0)
(2.35875e-10 -4.00907e-11 0)
(2.60194e-10 -3.89109e-11 0)
(2.83716e-10 -3.72341e-11 0)
(3.06072e-10 -3.52768e-11 0)
(3.27126e-10 -3.2935e-11 0)
(3.467e-10 -3.03306e-11 0)
(3.64637e-10 -2.74384e-11 0)
(3.80753e-10 -2.44456e-11 0)
(3.94979e-10 -2.12264e-11 0)
(4.07177e-10 -1.79064e-11 0)
(4.17395e-10 -1.45613e-11 0)
(4.25543e-10 -1.14763e-11 0)
(4.31601e-10 -8.13178e-12 0)
(4.35415e-10 -4.58203e-12 0)
(4.36934e-10 -6.65617e-13 0)
(4.36144e-10 3.21387e-12 0)
(4.33175e-10 6.95936e-12 0)
(4.28116e-10 1.03202e-11 0)
(4.20995e-10 1.33978e-11 0)
(4.12071e-10 1.62253e-11 0)
(4.01542e-10 1.90295e-11 0)
(3.89361e-10 2.16514e-11 0)
(3.75501e-10 2.41987e-11 0)
(3.60062e-10 2.64767e-11 0)
(3.43272e-10 2.86044e-11 0)
(3.25316e-10 3.03827e-11 0)
(3.06138e-10 3.19902e-11 0)
(2.86094e-10 3.32798e-11 0)
(2.65238e-10 3.43729e-11 0)
(2.43603e-10 3.5121e-11 0)
(2.2148e-10 3.56663e-11 0)
(1.99233e-10 3.57852e-11 0)
(1.7693e-10 3.56572e-11 0)
(1.54851e-10 3.51793e-11 0)
(1.33121e-10 3.43894e-11 0)
(1.12066e-10 3.32133e-11 0)
(9.1996e-11 3.16821e-11 0)
(7.29295e-11 2.9647e-11 0)
(5.51531e-11 2.74475e-11 0)
(3.94951e-11 2.41044e-11 0)
(2.48538e-11 2.04734e-11 0)
(1.43322e-11 1.62294e-11 0)
(5.81977e-12 1.07943e-11 0)
(4.65512e-13 4.76123e-12 0)
(-4.98602e-13 -1.4875e-11 0)
(3.22282e-13 -1.88833e-11 0)
(1.06289e-11 -3.97665e-11 0)
(2.91173e-11 -4.49836e-11 0)
(3.95961e-11 -5.1261e-11 0)
(5.7241e-11 -5.80759e-11 0)
(7.89578e-11 -6.11032e-11 0)
(1.00368e-10 -6.4087e-11 0)
(1.22068e-10 -6.64452e-11 0)
(1.45391e-10 -6.76324e-11 0)
(1.68971e-10 -6.7747e-11 0)
(1.92099e-10 -6.71535e-11 0)
(2.15054e-10 -6.59018e-11 0)
(2.37581e-10 -6.39438e-11 0)
(2.59213e-10 -6.13912e-11 0)
(2.79851e-10 -5.82301e-11 0)
(2.99319e-10 -5.45194e-11 0)
(3.17426e-10 -5.03602e-11 0)
(3.34001e-10 -4.57573e-11 0)
(3.48955e-10 -4.08127e-11 0)
(3.62159e-10 -3.5542e-11 0)
(3.73581e-10 -3.00809e-11 0)
(3.83113e-10 -2.44274e-11 0)
(3.90699e-10 -1.88183e-11 0)
(3.96214e-10 -1.30491e-11 0)
(3.99699e-10 -7.23935e-12 0)
(4.01174e-10 -1.24484e-12 0)
(4.0068e-10 4.60392e-12 0)
(3.98166e-10 1.04888e-11 0)
(3.93731e-10 1.59927e-11 0)
(3.87493e-10 2.14951e-11 0)
(3.79502e-10 2.66514e-11 0)
(3.69789e-10 3.17365e-11 0)
(3.58471e-10 3.62624e-11 0)
(3.45682e-10 4.0573e-11 0)
(3.31537e-10 4.4264e-11 0)
(3.16089e-10 4.77672e-11 0)
(2.99451e-10 5.06444e-11 0)
(2.81857e-10 5.32029e-11 0)
(2.63296e-10 5.51927e-11 0)
(2.4394e-10 5.68287e-11 0)
(2.24055e-10 5.79348e-11 0)
(2.03753e-10 5.87502e-11 0)
(1.83142e-10 5.90368e-11 0)
(1.62546e-10 5.89169e-11 0)
(1.42074e-10 5.82157e-11 0)
(1.2199e-10 5.69745e-11 0)
(1.02489e-10 5.50347e-11 0)
(8.37737e-11 5.25404e-11 0)
(6.64196e-11 4.91892e-11 0)
(4.98112e-11 4.50981e-11 0)
(3.49206e-11 4.03547e-11 0)
(2.33472e-11 3.39653e-11 0)
(1.17687e-11 2.66622e-11 0)
(3.76801e-12 1.76917e-11 0)
(1.95553e-13 7.22059e-12 0)
(-3.72309e-12 -1.03874e-11 0)
(5.39484e-12 -3.53592e-11 0)
(1.12456e-11 -4.42699e-11 0)
(2.19352e-11 -5.96245e-11 0)
(3.53246e-11 -6.92965e-11 0)
(5.13966e-11 -7.56558e-11 0)
(7.06278e-11 -8.07251e-11 0)
(8.97158e-11 -8.53195e-11 0)
(1.09798e-10 -8.82454e-11 0)
(1.31018e-10 -8.95739e-11 0)
(1.5237e-10 -9.00114e-11 0)
(1.73649e-10 -8.93221e-11 0)
(1.94654e-10 -8.76208e-11 0)
(2.15098e-10 -8.50479e-11 0)
(2.34924e-10 -8.16454e-11 0)
(2.53858e-10 -7.74018e-11 0)
(2.71681e-10 -7.2531e-11 0)
(2.88303e-10 -6.69647e-11 0)
(3.03595e-10 -6.09085e-11 0)
(3.17378e-10 -5.43235e-11 0)
(3.29569e-10 -4.73954e-11 0)
(3.4008e-10 -4.00865e-11 0)
(3.48857e-10 -3.26645e-11 0)
(3.55798e-10 -2.50294e-11 0)
(3.60888e-10 -1.73979e-11 0)
(3.6414e-10 -9.53637e-12 0)
(3.65587e-10 -1.7455e-12 0)
(3.65263e-10 6.08311e-12 0)
(3.63211e-10 1.36301e-11 0)
(3.59454e-10 2.11014e-11 0)
(3.53895e-10 2.82007e-11 0)
(3.46603e-10 3.51314e-11 0)
(3.37759e-10 4.1563e-11 0)
(3.27436e-10 4.77096e-11 0)
(3.15665e-10 5.32535e-11 0)
(3.0261e-10 5.84237e-11 0)
(2.88438e-10 6.29054e-11 0)
(2.73178e-10 6.7004e-11 0)
(2.56938e-10 7.04015e-11 0)
(2.39952e-10 7.32767e-11 0)
(2.2233e-10 7.54937e-11 0)
(2.04112e-10 7.72585e-11 0)
(1.85502e-10 7.83048e-11 0)
(1.66715e-10 7.88581e-11 0)
(1.47851e-10 7.86568e-11 0)
(1.29099e-10 7.78004e-11 0)
(1.10584e-10 7.61181e-11 0)
(9.27328e-11 7.36233e-11 0)
(7.57106e-11 7.01629e-11 0)
(5.95156e-11 6.58256e-11 0)
(4.4844e-11 6.02891e-11 0)
(3.14462e-11 5.36939e-11 0)
(1.89562e-11 4.53022e-11 0)
(1.0741e-11 3.55522e-11 0)
(4.06291e-12 2.3173e-11 0)
(4.00062e-13 9.30837e-12 0)
(1.94439e-12 -1.274e-11 0)
(2.59509e-12 -3.61928e-11 0)
(1.07697e-11 -5.59213e-11 0)
(1.95977e-11 -6.99617e-11 0)
(3.12102e-11 -8.20046e-11 0)
(4.60815e-11 -9.01357e-11 0)
(6.2598e-11 -9.70367e-11 0)
(7.93577e-11 -1.02647e-10 0)
(9.76348e-11 -1.06153e-10 0)
(1.16906e-10 -1.08027e-10 0)
(1.36144e-10 -1.08575e-10 0)
(1.55253e-10 -1.07854e-10 0)
(1.74168e-10 -1.05909e-10 0)
(1.92744e-10 -1.02793e-10 0)
(2.10712e-10 -9.8555e-11 0)
(2.27836e-10 -9.34532e-11 0)
(2.4403e-10 -8.74397e-11 0)
(2.59143e-10 -8.07077e-11 0)
(2.72997e-10 -7.3297e-11 0)
(2.85542e-10 -6.54121e-11 0)
(2.96664e-10 -5.70193e-11 0)
(3.06255e-10 -4.8322e-11 0)
(3.1425e-10 -3.93028e-11 0)
(3.20577e-10 -3.01546e-11 0)
(3.25219e-10 -2.07759e-11 0)
(3.28224e-10 -1.13865e-11 0)
(3.29597e-10 -1.92269e-12 0)
(3.2939e-10 7.37332e-12 0)
(3.27618e-10 1.65183e-11 0)
(3.2429e-10 2.52689e-11 0)
(3.19411e-10 3.36983e-11 0)
(3.12943e-10 4.17182e-11 0)
(3.04946e-10 4.93934e-11 0)
(2.9556e-10 5.65514e-11 0)
(2.8492e-10 6.32619e-11 0)
(2.73126e-10 6.94362e-11 0)
(2.60279e-10 7.50814e-11 0)
(2.46466e-10 8.00374e-11 0)
(2.31765e-10 8.44244e-11 0)
(2.16325e-10 8.80969e-11 0)
(2.00323e-10 9.10858e-11 0)
(1.83873e-10 9.32794e-11 0)
(1.67083e-10 9.48031e-11 0)
(1.50043e-10 9.54465e-11 0)
(1.32929e-10 9.52767e-11 0)
(1.15926e-10 9.41791e-11 0)
(9.92051e-11 9.21527e-11 0)
(8.29753e-11 8.91115e-11 0)
(6.75199e-11 8.50177e-11 0)
(5.32575e-11 7.96102e-11 0)
(3.96517e-11 7.28462e-11 0)
(2.73048e-11 6.47202e-11 0)
(1.81942e-11 5.48656e-11 0)
(8.58293e-12 4.25715e-11 0)
(2.49563e-12 2.78082e-11 0)
(-2.59638e-13 1.08476e-11 0)
(5.26556e-13 -1.64447e-11 0)
(2.84397e-12 -4.06668e-11 0)
(8.95906e-12 -6.27062e-11 0)
(1.74296e-11 -7.99616e-11 0)
(2.79603e-11 -9.36076e-11 0)
(4.08905e-11 -1.04003e-10 0)
(5.47349e-11 -1.12847e-10 0)
(6.95733e-11 -1.19367e-10 0)
(8.59583e-11 -1.23387e-10 0)
(1.02918e-10 -1.25738e-10 0)
(1.19882e-10 -1.26561e-10 0)
(1.36926e-10 -1.25803e-10 0)
(1.53883e-10 -1.23505e-10 0)
(1.70497e-10 -1.19836e-10 0)
(1.86541e-10 -1.14976e-10 0)
(2.01874e-10 -1.08989e-10 0)
(2.16369e-10 -1.01994e-10 0)
(2.29879e-10 -9.41486e-11 0)
(2.42283e-10 -8.55618e-11 0)
(2.53497e-10 -7.63239e-11 0)
(2.63448e-10 -6.65959e-11 0)
(2.72037e-10 -5.64495e-11 0)
(2.79208e-10 -4.59892e-11 0)
(2.84924e-10 -3.52773e-11 0)
(2.89139e-10 -2.43972e-11 0)
(2.91868e-10 -1.34183e-11 0)
(2.93162e-10 -2.47771e-12 0)
(2.93022e-10 8.35849e-12 0)
(2.91462e-10 1.89286e-11 0)
(2.88504e-10 2.91913e-11 0)
(2.84139e-10 3.90111e-11 0)
(2.78388e-10 4.83785e-11 0)
(2.71331e-10 5.72631e-11 0)
(2.63039e-10 6.56813e-11 0)
(2.53606e-10 7.35366e-11 0)
(2.43115e-10 8.07987e-11 0)
(2.31638e-10 8.73857e-11 0)
(2.19292e-10 9.32604e-11 0)
(2.06172e-10 9.83778e-11 0)
(1.924e-10 1.02745e-10 0)
(1.78099e-10 1.06285e-10 0)
(1.6338e-10 1.08964e-10 0)
(1.48326e-10 1.10704e-10 0)
(1.33075e-10 1.11484e-10 0)
(1.17807e-10 1.11265e-10 0)
(1.02628e-10 1.10013e-10 0)
(8.7687e-11 1.07617e-10 0)
(7.33715e-11 1.0403e-10 0)
(5.9679e-11 9.92042e-11 0)
(4.66182e-11 9.28699e-11 0)
(3.51683e-11 8.48412e-11 0)
(2.47999e-11 7.52294e-11 0)
(1.45071e-11 6.34393e-11 0)
(8.08151e-12 4.8966e-11 0)
(3.32083e-12 3.23036e-11 0)
(1.97884e-13 1.21087e-11 0)
(-6.83571e-13 -1.67245e-11 0)
(3.3279e-12 -4.46777e-11 0)
(8.07732e-12 -6.82472e-11 0)
(1.54181e-11 -8.80336e-11 0)
(2.44882e-11 -1.04042e-10 0)
(3.51657e-11 -1.16894e-10 0)
(4.69053e-11 -1.27141e-10 0)
(6.01275e-11 -1.34463e-10 0)
(7.4475e-11 -1.39272e-10 0)
(8.91072e-11 -1.42177e-10 0)
(1.03898e-10 -1.43135e-10 0)
(1.18872e-10 -1.42233e-10 0)
(1.3377e-10 -1.39654e-10 0)
(1.4834e-10 -1.35571e-10 0)
(1.6245e-10 -1.30121e-10 0)
(1.75956e-10 -1.23412e-10 0)
(1.88711e-10 -1.15593e-10 0)
(2.00595e-10 -1.06784e-10 0)
(2.11521e-10 -9.71232e-11 0)
(2.21404e-10 -8.67235e-11 0)
(2.30158e-10 -7.5721e-11 0)
(2.37737e-10 -6.42334e-11 0)
(2.44083e-10 -5.23583e-11 0)
(2.49139e-10 -4.02103e-11 0)
(2.52884e-10 -2.78969e-11 0)
(2.55325e-10 -1.54937e-11 0)
(2.56487e-10 -3.12329e-12 0)
(2.56396e-10 9.09594e-12 0)
(2.55071e-10 2.10696e-11 0)
(2.52508e-10 3.26906e-11 0)
(2.48701e-10 4.38912e-11 0)
(2.43684e-10 5.46115e-11 0)
(2.37516e-10 6.47927e-11 0)
(2.30252e-10 7.43748e-11 0)
(2.21961e-10 8.33185e-11 0)
(2.12732e-10 9.15373e-11 0)
(2.02636e-10 9.90082e-11 0)
(1.91772e-10 1.0569e-10 0)
(1.80237e-10 1.11535e-10 0)
(1.68123e-10 1.16492e-10 0)
(1.55544e-10 1.20515e-10 0)
(1.42594e-10 1.23556e-10 0)
(1.2937e-10 1.25561e-10 0)
(1.15985e-10 1.2649e-10 0)
(1.02585e-10 1.26276e-10 0)
(8.92748e-11 1.24852e-10 0)
(7.62064e-11 1.22131e-10 0)
(6.36503e-11 1.1803e-10 0)
(5.16738e-11 1.12411e-10 0)
(4.05728e-11 1.05169e-10 0)
(3.02158e-11 9.60888e-11 0)
(2.08321e-11 8.48188e-11 0)
(1.38341e-11 7.13758e-11 0)
(6.64145e-12 5.53872e-11 0)
(1.68413e-12 3.56396e-11 0)
(2.38383e-13 1.35876e-11 0)
(-1.91004e-13 -1.73907e-11 0)
(2.98201e-12 -4.74582e-11 0)
(6.88188e-12 -7.31203e-11 0)
(1.2721e-11 -9.50901e-11 0)
(2.03244e-11 -1.13176e-10 0)
(2.94708e-11 -1.27615e-10 0)
(3.96029e-11 -1.38678e-10 0)
(5.09259e-11 -1.46797e-10 0)
(6.30583e-11 -1.52409e-10 0)
(7.54941e-11 -1.5573e-10 0)
(8.82013e-11 -1.56845e-10 0)
(1.01054e-10 -1.55918e-10 0)
(1.13827e-10 -1.53148e-10 0)
(1.2634e-10 -1.48713e-10 0)
(1.38463e-10 -1.42761e-10 0)
(1.50074e-10 -1.35442e-10 0)
(1.61061e-10 -1.26898e-10 0)
(1.7131e-10 -1.17262e-10 0)
(1.80731e-10 -1.06678e-10 0)
(1.89257e-10 -9.52898e-11 0)
(1.9682e-10 -8.32236e-11 0)
(2.03368e-10 -7.05975e-11 0)
(2.08849e-10 -5.75707e-11 0)
(2.13216e-10 -4.4241e-11 0)
(2.16463e-10 -3.07284e-11 0)
(2.18594e-10 -1.71378e-11 0)
(2.19619e-10 -3.59013e-12 0)
(2.19558e-10 9.8068e-12 0)
(2.18421e-10 2.29308e-11 0)
(2.16225e-10 3.56755e-11 0)
(2.12976e-10 4.79581e-11 0)
(2.08673e-10 5.97162e-11 0)
(2.0337e-10 7.08875e-11 0)
(1.97131e-10 8.14003e-11 0)
(1.90001e-10 9.11993e-11 0)
(1.82054e-10 1.00246e-10 0)
(1.73382e-10 1.08474e-10 0)
(1.64051e-10 1.15848e-10 0)
(1.54122e-10 1.22301e-10 0)
(1.43695e-10 1.27788e-10 0)
(1.32872e-10 1.32247e-10 0)
(1.21735e-10 1.35631e-10 0)
(1.10358e-10 1.37872e-10 0)
(9.8846e-11 1.38902e-10 0)
(8.73375e-11 1.38661e-10 0)
(7.59105e-11 1.37076e-10 0)
(6.46929e-11 1.34049e-10 0)
(5.40196e-11 1.29473e-10 0)
(4.38718e-11 1.23253e-10 0)
(3.41908e-11 1.15192e-10 0)
(2.57298e-11 1.05029e-10 0)
(1.82179e-11 9.28077e-11 0)
(1.06621e-11 7.79067e-11 0)
(5.69336e-12 5.97308e-11 0)
(2.28774e-12 3.90617e-11 0)
(1.57536e-14 1.46164e-11 0)
(-8.52249e-14 -1.88302e-11 0)
(2.37034e-12 -5.05279e-11 0)
(5.56603e-12 -7.82597e-11 0)
(1.01408e-11 -1.0171e-10 0)
(1.65458e-11 -1.20974e-10 0)
(2.42782e-11 -1.36371e-10 0)
(3.26278e-11 -1.48359e-10 0)
(4.18679e-11 -1.57351e-10 0)
(5.18721e-11 -1.636e-10 0)
(6.21692e-11 -1.67234e-10 0)
(7.27104e-11 -1.68502e-10 0)
(8.34349e-11 -1.6759e-10 0)
(9.40954e-11 -1.64679e-10 0)
(1.04525e-10 -1.59953e-10 0)
(1.14649e-10 -1.53584e-10 0)
(1.24358e-10 -1.45724e-10 0)
(1.33549e-10 -1.3654e-10 0)
(1.42127e-10 -1.26187e-10 0)
(1.5001e-10 -1.14817e-10 0)
(1.57149e-10 -1.02565e-10 0)
(1.63494e-10 -8.95911e-11 0)
(1.68976e-10 -7.60302e-11 0)
(1.7356e-10 -6.20194e-11 0)
(1.77228e-10 -4.76874e-11 0)
(1.79953e-10 -3.31601e-11 0)
(1.81739e-10 -1.85649e-11 0)
(1.82603e-10 -4.01739e-12 0)
(1.82559e-10 1.03648e-11 0)
(1.8161e-10 2.44701e-11 0)
(1.79766e-10 3.81981e-11 0)
(1.77038e-10 5.14356e-11 0)
(1.7345e-10 6.41015e-11 0)
(1.69026e-10 7.61388e-11 0)
(1.63801e-10 8.7471e-11 0)
(1.57849e-10 9.80393e-11 0)
(1.51224e-10 1.07791e-10 0)
(1.43974e-10 1.16669e-10 0)
(1.3617e-10 1.24598e-10 0)
(1.27875e-10 1.31537e-10 0)
(1.19161e-10 1.37431e-10 0)
(1.10118e-10 1.42221e-10 0)
(1.00812e-10 1.45841e-10 0)
(9.13016e-11 1.48227e-10 0)
(8.16884e-11 1.49309e-10 0)
(7.21031e-11 1.4902e-10 0)
(6.26004e-11 1.47276e-10 0)
(5.32915e-11 1.43977e-10 0)
(4.44501e-11 1.39018e-10 0)
(3.6057e-11 1.32229e-10 0)
(2.82485e-11 1.23439e-10 0)
(2.1148e-11 1.12533e-10 0)
(1.46406e-11 9.90007e-11 0)
(9.52039e-12 8.28533e-11 0)
(4.63056e-12 6.40375e-11 0)
(1.31525e-12 4.1028e-11 0)
(-2.0073e-14 1.54407e-11 0)
(-3.70301e-13 -1.98631e-11 0)
(1.90267e-12 -5.29673e-11 0)
(4.28125e-12 -8.21891e-11 0)
(7.95513e-12 -1.06742e-10 0)
(1.31134e-11 -1.27078e-10 0)
(1.92284e-11 -1.43482e-10 0)
(2.56908e-11 -1.56439e-10 0)
(3.29411e-11 -1.6617e-10 0)
(4.09102e-11 -1.72872e-10 0)
(4.91258e-11 -1.76817e-10 0)
(5.75267e-11 -1.78238e-10 0)
(6.60839e-11 -1.77314e-10 0)
(7.46099e-11 -1.74296e-10 0)
(8.29635e-11 -1.6934e-10 0)
(9.108e-11 -1.62631e-10 0)
(9.88683e-11 -1.54339e-10 0)
(1.0624e-10 -1.44639e-10 0)
(1.1312e-10 -1.33702e-10 0)
(1.19462e-10 -1.21682e-10 0)
(1.25202e-10 -1.08731e-10 0)
(1.30287e-10 -9.50041e-11 0)
(1.34695e-10 -8.06665e-11 0)
(1.38386e-10 -6.58376e-11 0)
(1.41322e-10 -5.06758e-11 0)
(1.435e-10 -3.53051e-11 0)
(1.44928e-10 -1.98516e-11 0)
(1.45619e-10 -4.43574e-12 0)
(1.45584e-10 1.0814e-11 0)
(1.44832e-10 2.57701e-11 0)
(1.43354e-10 4.03233e-11 0)
(1.41152e-10 5.43662e-11 0)
(1.38252e-10 6.78201e-11 0)
(1.34686e-10 8.05933e-11 0)
(1.30487e-10 9.26272e-11 0)
(1.25699e-10 1.03853e-10 0)
(1.20369e-10 1.14196e-10 0)
(1.14539e-10 1.23595e-10 0)
(1.08266e-10 1.31998e-10 0)
(1.01604e-10 1.39344e-10 0)
(9.46128e-11 1.45578e-10 0)
(8.73581e-11 1.50634e-10 0)
(7.98965e-11 1.54447e-10 0)
(7.22794e-11 1.56953e-10 0)
(6.45932e-11 1.58082e-10 0)
(5.69472e-11 1.57751e-10 0)
(4.93763e-11 1.55872e-10 0)
(4.1981e-11 1.52336e-10 0)
(3.50228e-11 1.47017e-10 0)
(2.84193e-11 1.39775e-10 0)
(2.21689e-11 1.30384e-10 0)
(1.66942e-11 1.18613e-10 0)
(1.18614e-11 1.04463e-10 0)
(7.14326e-12 8.73197e-11 0)
(3.64761e-12 6.66975e-11 0)
(1.40326e-12 4.33784e-11 0)
(-8.84601e-15 1.60527e-11 0)
(-4.09683e-13 -2.03541e-11 0)
(1.54411e-12 -5.46419e-11 0)
(3.23323e-12 -8.48295e-11 0)
(5.82209e-12 -1.10392e-10 0)
(9.63938e-12 -1.31693e-10 0)
(1.41862e-11 -1.48983e-10 0)
(1.88579e-11 -1.62631e-10 0)
(2.42529e-11 -1.72871e-10 0)
(3.02333e-11 -1.79938e-10 0)
(3.63257e-11 -1.84132e-10 0)
(4.2605e-11 -1.85686e-10 0)
(4.90266e-11 -1.84808e-10 0)
(5.54097e-11 -1.81706e-10 0)
(6.16813e-11 -1.76581e-10 0)
(6.77832e-11 -1.69617e-10 0)
(7.36467e-11 -1.61008e-10 0)
(7.9194e-11 -1.50914e-10 0)
(8.43744e-11 -1.39527e-10 0)
(8.91461e-11 -1.26997e-10 0)
(9.34744e-11 -1.13515e-10 0)
(9.73087e-11 -9.92107e-11 0)
(1.00623e-10 -8.42627e-11 0)
(1.03393e-10 -6.88104e-11 0)
(1.05599e-10 -5.30015e-11 0)
(1.07241e-10 -3.69594e-11 0)
(1.08323e-10 -2.08298e-11 0)
(1.0885e-10 -4.73019e-12 0)
(1.08813e-10 1.11903e-11 0)
(1.08216e-10 2.6807e-11 0)
(1.07069e-10 4.19905e-11 0)
(1.05387e-10 5.66492e-11 0)
(1.03183e-10 7.06832e-11 0)
(1.00475e-10 8.40216e-11 0)
(9.72899e-11 9.65828e-11 0)
(9.36615e-11 1.08298e-10 0)
(8.96216e-11 1.19101e-10 0)
(8.52127e-11 1.28914e-10 0)
(8.04784e-11 1.37688e-10 0)
(7.54553e-11 1.4536e-10 0)
(7.01858e-11 1.51863e-10 0)
(6.47232e-11 1.57133e-10 0)
(5.91164e-11 1.61106e-10 0)
(5.34013e-11 1.63714e-10 0)
(4.76444e-11 1.64879e-10 0)
(4.1944e-11 1.64512e-10 0)
(3.63105e-11 1.62516e-10 0)
(3.08186e-11 1.58788e-10 0)
(2.57032e-11 1.5318e-10 0)
(2.08445e-11 1.45522e-10 0)
(1.62893e-11 1.35681e-10 0)
(1.23882e-11 1.23426e-10 0)
(8.6512e-12 1.08385e-10 0)
(5.38689e-12 9.0492e-11 0)
(2.82783e-12 6.96747e-11 0)
(8.37078e-13 4.4497e-11 0)
(5.94653e-14 1.66743e-11 0)
(-4.14829e-13 -2.07138e-11 0)
(1.17931e-12 -5.58117e-11 0)
(2.14216e-12 -8.67333e-11 0)
(3.7067e-12 -1.13053e-10 0)
(6.24758e-12 -1.34982e-10 0)
(9.27664e-12 -1.52844e-10 0)
(1.22471e-11 -1.66931e-10 0)
(1.5778e-11 -1.77512e-10 0)
(1.97782e-11 -1.84881e-10 0)
(2.38189e-11 -1.89274e-10 0)
(2.7969e-11 -1.90931e-10 0)
(3.22327e-11 -1.90099e-10 0)
(3.65158e-11 -1.8695e-10 0)
(4.07153e-11 -1.81716e-10 0)
(4.48007e-11 -1.74582e-10 0)
(4.87366e-11 -1.65738e-10 0)
(5.24655e-11 -1.55373e-10 0)
(5.59462e-11 -1.43661e-10 0)
(5.91513e-11 -1.30781e-10 0)
(6.2054e-11 -1.16892e-10 0)
(6.46268e-11 -1.02187e-10 0)
(6.68466e-11 -8.67979e-11 0)
(6.87065e-11 -7.08993e-11 0)
(7.01875e-11 -5.46189e-11 0)
(7.12831e-11 -3.81042e-11 0)
(7.20016e-11 -2.14788e-11 0)
(7.23409e-11 -4.89687e-12 0)
(7.22904e-11 1.15016e-11 0)
(7.18592e-11 2.75666e-11 0)
(7.10519e-11 4.31863e-11 0)
(6.98736e-11 5.82713e-11 0)
(6.83458e-11 7.27263e-11 0)
(6.64899e-11 8.64638e-11 0)
(6.43152e-11 9.94064e-11 0)
(6.18492e-11 1.11471e-10 0)
(5.91032e-11 1.2259e-10 0)
(5.61101e-11 1.32702e-10 0)
(5.29118e-11 1.41737e-10 0)
(4.95206e-11 1.49628e-10 0)
(4.59678e-11 1.56312e-10 0)
(4.22992e-11 1.61723e-10 0)
(3.85479e-11 1.65798e-10 0)
(3.47309e-11 1.68462e-10 0)
(3.08962e-11 1.69638e-10 0)
(2.71365e-11 1.69226e-10 0)
(2.3422e-11 1.6713e-10 0)
(1.98219e-11 1.63234e-10 0)
(1.65228e-11 1.574e-10 0)
(1.34519e-11 1.4948e-10 0)
(1.05427e-11 1.39266e-10 0)
(7.98202e-12 1.26546e-10 0)
(5.80143e-12 1.11222e-10 0)
(3.77369e-12 9.28013e-11 0)
(1.62694e-12 7.08246e-11 0)
(4.61561e-13 4.58251e-11 0)
(-1.48315e-13 1.68629e-11 0)
(-3.80395e-13 -2.09387e-11 0)
(7.61538e-13 -5.64997e-11 0)
(1.12346e-12 -8.78927e-11 0)
(1.66506e-12 -1.14597e-10 0)
(2.9742e-12 -1.36892e-10 0)
(4.52688e-12 -1.55075e-10 0)
(5.82715e-12 -1.69445e-10 0)
(7.52207e-12 -1.80265e-10 0)
(9.55072e-12 -1.87818e-10 0)
(1.15459e-11 -1.92354e-10 0)
(1.36375e-11 -1.94098e-10 0)
(1.57318e-11 -1.93286e-10 0)
(1.79374e-11 -1.90131e-10 0)
(2.00733e-11 -1.84835e-10 0)
(2.2171e-11 -1.77606e-10 0)
(2.41939e-11 -1.68623e-10 0)
(2.61058e-11 -1.58092e-10 0)
(2.78898e-11 -1.46183e-10 0)
(2.95401e-11 -1.33086e-10 0)
(3.1026e-11 -1.18964e-10 0)
(3.23343e-11 -1.04002e-10 0)
(3.34644e-11 -8.83518e-11 0)
(3.44032e-11 -7.21788e-11 0)
(3.51559e-11 -5.56137e-11 0)
(3.57243e-11 -3.87963e-11 0)
(3.60969e-11 -2.1856e-11 0)
(3.62503e-11 -4.96775e-12 0)
(3.6166e-11 1.17246e-11 0)
(3.58573e-11 2.8074e-11 0)
(3.5372e-11 4.39668e-11 0)
(3.47176e-11 5.93107e-11 0)
(3.38838e-11 7.40242e-11 0)
(3.28767e-11 8.80095e-11 0)
(3.17015e-11 1.01181e-10 0)
(3.03725e-11 1.13466e-10 0)
(2.89147e-11 1.24772e-10 0)
(2.73388e-11 1.35062e-10 0)
(2.56562e-11 1.44243e-10 0)
(2.38841e-11 1.52257e-10 0)
(2.2041e-11 1.59039e-10 0)
(2.01556e-11 1.64526e-10 0)
(1.82457e-11 1.68644e-10 0)
(1.63147e-11 1.71325e-10 0)
(1.43764e-11 1.72481e-10 0)
(1.25694e-11 1.72025e-10 0)
(1.07351e-11 1.69856e-10 0)
(9.00303e-12 1.65845e-10 0)
(7.54268e-12 1.59855e-10 0)
(6.15554e-12 1.51716e-10 0)
(4.82272e-12 1.41297e-10 0)
(4.00451e-12 1.28399e-10 0)
(2.93369e-12 1.12559e-10 0)
(1.56071e-12 9.38552e-11 0)
(1.11052e-12 7.20396e-11 0)
(3.02591e-13 4.59941e-11 0)
(1.09601e-13 1.70498e-11 0)
(-3.70656e-13 -2.09726e-11 0)
(3.55288e-13 -5.66805e-11 0)
(9.96436e-14 -8.81855e-11 0)
(-2.77117e-13 -1.14989e-10 0)
(-1.92404e-13 -1.37409e-10 0)
(-9.66114e-14 -1.55718e-10 0)
(-4.50692e-13 -1.70208e-10 0)
(-5.64552e-13 -1.8115e-10 0)
(-4.7045e-13 -1.88802e-10 0)
(-4.96482e-13 -1.9341e-10 0)
(-5.05587e-13 -1.95194e-10 0)
(-4.18765e-13 -1.94408e-10 0)
(-3.02517e-13 -1.91276e-10 0)
(-2.01131e-13 -1.85967e-10 0)
(-8.45634e-14 -1.78705e-10 0)
(4.29144e-14 -1.69688e-10 0)
(1.60386e-13 -1.59098e-10 0)
(2.6694e-13 -1.47115e-10 0)
(3.63489e-13 -1.33925e-10 0)
(4.41743e-13 -1.19713e-10 0)
(4.98407e-13 -1.04637e-10 0)
(5.39443e-13 -8.88747e-11 0)
(5.821e-13 -7.25691e-11 0)
(6.32254e-13 -5.58723e-11 0)
(6.80808e-13 -3.89332e-11 0)
(6.93126e-13 -2.19095e-11 0)
(6.40493e-13 -4.94923e-12 0)
(5.24824e-13 1.18079e-11 0)
(3.66659e-13 2.82469e-11 0)
(2.03319e-13 4.42626e-11 0)
(4.7827e-14 5.97288e-11 0)
(-1.09876e-13 7.45482e-11 0)
(-2.80124e-13 8.86289e-11 0)
(-4.57132e-13 1.01889e-10 0)
(-6.48399e-13 1.14247e-10 0)
(-8.36454e-13 1.25638e-10 0)
(-1.01714e-12 1.35973e-10 0)
(-1.19769e-12 1.45201e-10 0)
(-1.36344e-12 1.53248e-10 0)
(-1.514e-12 1.60053e-10 0)
(-1.63604e-12 1.6555e-10 0)
(-1.7216e-12 1.69668e-10 0)
(-1.78887e-12 1.72334e-10 0)
(-1.82639e-12 1.73457e-10 0)
(-1.78835e-12 1.7296e-10 0)
(-1.70536e-12 1.70738e-10 0)
(-1.5968e-12 1.66657e-10 0)
(-1.32089e-12 1.60578e-10 0)
(-9.50734e-13 1.52352e-10 0)
(-5.86178e-13 1.41822e-10 0)
(-3.73309e-13 1.28746e-10 0)
(9.17523e-15 1.12988e-10 0)
(5.89292e-13 9.42163e-11 0)
(-2.13e-13 7.18079e-11 0)
(-4.44654e-13 4.62534e-11 0)
(-1.20652e-13 1.69592e-11 0)
(-3.69108e-13 -2.08749e-11 0)
(1.58753e-14 -5.63005e-11 0)
(-8.02991e-13 -8.76374e-11 0)
(-2.1659e-12 -1.14281e-10 0)
(-3.28952e-12 -1.36579e-10 0)
(-4.61884e-12 -1.54814e-10 0)
(-6.59871e-12 -1.69251e-10 0)
(-8.4966e-12 -1.80171e-10 0)
(-1.0299e-11 -1.87818e-10 0)
(-1.23e-11 -1.92429e-10 0)
(-1.43716e-11 -1.9424e-10 0)
(-1.62609e-11 -1.9348e-10 0)
(-1.82173e-11 -1.90369e-10 0)
(-2.01135e-11 -1.85107e-10 0)
(-2.19489e-11 -1.7789e-10 0)
(-2.36919e-11 -1.68921e-10 0)
(-2.53363e-11 -1.58379e-10 0)
(-2.68763e-11 -1.46447e-10 0)
(-2.83035e-11 -1.33306e-10 0)
(-2.96062e-11 -1.19137e-10 0)
(-3.07768e-11 -1.04096e-10 0)
(-3.1794e-11 -8.83509e-11 0)
(-3.26406e-11 -7.20674e-11 0)
(-3.33178e-11 -5.54235e-11 0)
(-3.38342e-11 -3.85663e-11 0)
(-3.42086e-11 -2.16712e-11 0)
(-3.44582e-11 -4.84466e-12 0)
(-3.45845e-11 1.17943e-11 0)
(-3.45583e-11 2.81464e-11 0)
(-3.43651e-11 4.40858e-11 0)
(-3.40136e-11 5.95068e-11 0)
(-3.35061e-11 7.42797e-11 0)
(-3.28489e-11 8.83173e-11 0)
(-3.20542e-11 1.01528e-10 0)
(-3.11192e-11 1.1383e-10 0)
(-3.00562e-11 1.2516e-10 0)
(-2.88696e-11 1.35437e-10 0)
(-2.75606e-11 1.44604e-10 0)
(-2.61461e-11 1.52595e-10 0)
(-2.46272e-11 1.59341e-10 0)
(-2.30076e-11 1.64788e-10 0)
(-2.12975e-11 1.6886e-10 0)
(-1.95298e-11 1.71478e-10 0)
(-1.76924e-11 1.72562e-10 0)
(-1.58428e-11 1.72029e-10 0)
(-1.38963e-11 1.69766e-10 0)
(-1.19863e-11 1.65662e-10 0)
(-9.92846e-12 1.59571e-10 0)
(-7.94448e-12 1.5134e-10 0)
(-6.15471e-12 1.4084e-10 0)
(-4.08531e-12 1.27855e-10 0)
(-2.59115e-12 1.12054e-10 0)
(-2.04058e-12 9.33593e-11 0)
(-4.81404e-13 7.14067e-11 0)
(-1.89126e-13 4.55886e-11 0)
(1.4624e-13 1.68227e-11 0)
(-4.78291e-13 -2.04979e-11 0)
(-2.66246e-13 -5.54911e-11 0)
(-1.79618e-12 -8.62914e-11 0)
(-4.00358e-12 -1.12483e-10 0)
(-6.31622e-12 -1.34443e-10 0)
(-9.05645e-12 -1.52394e-10 0)
(-1.26315e-11 -1.66605e-10 0)
(-1.62781e-11 -1.77361e-10 0)
(-1.99358e-11 -1.84894e-10 0)
(-2.38741e-11 -1.89441e-10 0)
(-2.79062e-11 -1.91245e-10 0)
(-3.18588e-11 -1.90507e-10 0)
(-3.58004e-11 -1.87439e-10 0)
(-3.96699e-11 -1.82261e-10 0)
(-4.3413e-11 -1.7516e-10 0)
(-4.69862e-11 -1.66322e-10 0)
(-5.03622e-11 -1.55935e-10 0)
(-5.35215e-11 -1.4418e-10 0)
(-5.64399e-11 -1.31236e-10 0)
(-5.90861e-11 -1.17265e-10 0)
(-6.14391e-11 -1.02443e-10 0)
(-6.34929e-11 -8.69251e-11 0)
(-6.5237e-11 -7.08837e-11 0)
(-6.66479e-11 -5.44774e-11 0)
(-6.77362e-11 -3.78789e-11 0)
(-6.85043e-11 -2.12237e-11 0)
(-6.8937e-11 -4.64795e-12 0)
(-6.90406e-11 1.1756e-11 0)
(-6.88205e-11 2.78753e-11 0)
(-6.82677e-11 4.35912e-11 0)
(-6.73971e-11 5.87769e-11 0)
(-6.62265e-11 7.33293e-11 0)
(-6.47558e-11 8.71391e-11 0)
(-6.30019e-11 1.00142e-10 0)
(-6.09726e-11 1.12248e-10 0)
(-5.86784e-11 1.23384e-10 0)
(-5.61381e-11 1.33486e-10 0)
(-5.33722e-11 1.42486e-10 0)
(-5.04031e-11 1.50319e-10 0)
(-4.72427e-11 1.56937e-10 0)
(-4.39107e-11 1.62259e-10 0)
(-4.04431e-11 1.66232e-10 0)
(-3.68805e-11 1.6877e-10 0)
(-3.32386e-11 1.69804e-10 0)
(-2.95272e-11 1.69232e-10 0)
(-2.57944e-11 1.66964e-10 0)
(-2.21161e-11 1.62881e-10 0)
(-1.84069e-11 1.56856e-10 0)
(-1.4732e-11 1.48742e-10 0)
(-1.12686e-11 1.38362e-10 0)
(-8.39524e-12 1.25523e-10 0)
(-5.52349e-12 1.10133e-10 0)
(-2.47817e-12 9.15559e-11 0)
(-1.88006e-12 6.97558e-11 0)
(-1.28648e-12 4.49568e-11 0)
(-3.77166e-14 1.65048e-11 0)
(-3.36323e-13 -1.9979e-11 0)
(-6.02751e-13 -5.41339e-11 0)
(-2.63034e-12 -8.41515e-11 0)
(-5.82909e-12 -1.09648e-10 0)
(-9.32731e-12 -1.31017e-10 0)
(-1.34221e-11 -1.48474e-10 0)
(-1.85647e-11 -1.62294e-10 0)
(-2.39312e-11 -1.72754e-10 0)
(-2.94098e-11 -1.80077e-10 0)
(-3.52547e-11 -1.84502e-10 0)
(-4.12336e-11 -1.8625e-10 0)
(-4.71661e-11 -1.85527e-10 0)
(-5.30604e-11 -1.82537e-10 0)
(-5.88612e-11 -1.77486e-10 0)
(-6.44736e-11 -1.70561e-10 0)
(-6.98342e-11 -1.61945e-10 0)
(-7.4908e-11 -1.51818e-10 0)
(-7.96544e-11 -1.40361e-10 0)
(-8.40251e-11 -1.2774e-10 0)
(-8.79917e-11 -1.14125e-10 0)
(-9.15265e-11 -9.96804e-11 0)
(-9.45969e-11 -8.45745e-11 0)
(-9.71864e-11 -6.89519e-11 0)
(-9.92958e-11 -5.29773e-11 0)
(-1.00915e-10 -3.67968e-11 0)
(-1.02035e-10 -2.05408e-11 0)
(-1.02642e-10 -4.33472e-12 0)
(-1.0273e-10 1.16859e-11 0)
(-1.02315e-10 2.74084e-11 0)
(-1.01418e-10 4.27118e-11 0)
(-1.00056e-10 5.74925e-11 0)
(-9.8241e-11 7.16478e-11 0)
(-9.5967e-11 8.50936e-11 0)
(-9.32547e-11 9.77371e-11 0)
(-9.01404e-11 1.09511e-10 0)
(-8.66387e-11 1.2033e-10 0)
(-8.27752e-11 1.3014e-10 0)
(-7.85817e-11 1.38869e-10 0)
(-7.4082e-11 1.46466e-10 0)
(-6.9316e-11 1.52866e-10 0)
(-6.43182e-11 1.58007e-10 0)
(-5.91244e-11 1.61823e-10 0)
(-5.38044e-11 1.64254e-10 0)
(-4.83918e-11 1.65215e-10 0)
(-4.28907e-11 1.64618e-10 0)
(-3.74023e-11 1.62373e-10 0)
(-3.20093e-11 1.58373e-10 0)
(-2.65796e-11 1.52486e-10 0)
(-2.13976e-11 1.44556e-10 0)
(-1.66402e-11 1.34446e-10 0)
(-1.17681e-11 1.21973e-10 0)
(-7.8343e-12 1.06798e-10 0)
(-5.3701e-12 8.88359e-11 0)
(-2.04354e-12 6.80534e-11 0)
(-8.19313e-13 4.34901e-11 0)
(2.56634e-13 1.61186e-11 0)
(-4.37504e-13 -1.9346e-11 0)
(-8.79384e-13 -5.21751e-11 0)
(-3.59452e-12 -8.12022e-11 0)
(-7.61937e-12 -1.05744e-10 0)
(-1.22699e-11 -1.26265e-10 0)
(-1.77356e-11 -1.43056e-10 0)
(-2.44279e-11 -1.56327e-10 0)
(-3.14838e-11 -1.66362e-10 0)
(-3.87543e-11 -1.73388e-10 0)
(-4.64632e-11 -1.77626e-10 0)
(-5.43497e-11 -1.79286e-10 0)
(-6.22116e-11 -1.78576e-10 0)
(-7.00212e-11 -1.75688e-10 0)
(-7.76994e-11 -1.70815e-10 0)
(-8.51335e-11 -1.64132e-10 0)
(-9.22407e-11 -1.55823e-10 0)
(-9.89667e-11 -1.4606e-10 0)
(-1.05253e-10 -1.35016e-10 0)
(-1.11045e-10 -1.2285e-10 0)
(-1.16295e-10 -1.09735e-10 0)
(-1.20966e-10 -9.58133e-11 0)
(-1.25027e-10 -8.12529e-11 0)
(-1.28459e-10 -6.61938e-11 0)
(-1.3124e-10 -5.08053e-11 0)
(-1.33351e-10 -3.52023e-11 0)
(-1.34782e-10 -1.95428e-11 0)
(-1.35534e-10 -3.92579e-12 0)
(-1.35617e-10 1.15005e-11 0)
(-1.3504e-10 2.66417e-11 0)
(-1.33807e-10 4.13634e-11 0)
(-1.31938e-10 5.55962e-11 0)
(-1.29459e-10 6.92142e-11 0)
(-1.26387e-10 8.21623e-11 0)
(-1.22748e-10 9.43104e-11 0)
(-1.18574e-10 1.05625e-10 0)
(-1.13888e-10 1.16004e-10 0)
(-1.08725e-10 1.25419e-10 0)
(-1.03131e-10 1.33774e-10 0)
(-9.71448e-11 1.41049e-10 0)
(-9.08161e-11 1.4715e-10 0)
(-8.41879e-11 1.52059e-10 0)
(-7.73168e-11 1.55677e-10 0)
(-7.0282e-11 1.57973e-10 0)
(-6.31399e-11 1.5884e-10 0)
(-5.59073e-11 1.58237e-10 0)
(-4.86977e-11 1.56039e-10 0)
(-4.16188e-11 1.52173e-10 0)
(-3.46439e-11 1.46477e-10 0)
(-2.78491e-11 1.38861e-10 0)
(-2.14393e-11 1.29112e-10 0)
(-1.5982e-11 1.17067e-10 0)
(-1.07162e-11 1.02606e-10 0)
(-5.45052e-12 8.53333e-11 0)
(-3.63144e-12 6.50341e-11 0)
(-2.02776e-12 4.19457e-11 0)
(-1.49252e-13 1.54273e-11 0)
(-3.12617e-13 -1.84839e-11 0)
(-1.28712e-12 -4.98132e-11 0)
(-4.39604e-12 -7.7414e-11 0)
(-9.36605e-12 -1.00766e-10 0)
(-1.52222e-11 -1.20257e-10 0)
(-2.20478e-11 -1.36191e-10 0)
(-3.02464e-11 -1.48761e-10 0)
(-3.89682e-11 -1.58251e-10 0)
(-4.79964e-11 -1.64897e-10 0)
(-5.75283e-11 -1.68889e-10 0)
(-6.72814e-11 -1.70444e-10 0)
(-7.70234e-11 -1.69737e-10 0)
(-8.66977e-11 -1.66979e-10 0)
(-9.62033e-11 -1.62314e-10 0)
(-1.05406e-10 -1.55957e-10 0)
(-1.14211e-10 -1.48028e-10 0)
(-1.22544e-10 -1.38746e-10 0)
(-1.30328e-10 -1.28211e-10 0)
(-1.37497e-10 -1.16656e-10 0)
(-1.4399e-10 -1.04151e-10 0)
(-1.49762e-10 -9.09354e-11 0)
(-1.5477e-10 -7.70578e-11 0)
(-1.58995e-10 -6.27662e-11 0)
(-1.62414e-10 -4.80832e-11 0)
(-1.65008e-10 -3.32639e-11 0)
(-1.6676e-10 -1.83157e-11 0)
(-1.67658e-10 -3.49706e-12 0)
(-1.67707e-10 1.12222e-11 0)
(-1.66927e-10 2.55853e-11 0)
(-1.65337e-10 3.96416e-11 0)
(-1.6297e-10 5.31348e-11 0)
(-1.59848e-10 6.6129e-11 0)
(-1.55997e-10 7.83718e-11 0)
(-1.51445e-10 8.99486e-11 0)
(-1.46227e-10 1.00624e-10 0)
(-1.40381e-10 1.10505e-10 0)
(-1.33956e-10 1.1936e-10 0)
(-1.27e-10 1.27302e-10 0)
(-1.19564e-10 1.3411e-10 0)
(-1.11707e-10 1.39901e-10 0)
(-1.03493e-10 1.44462e-10 0)
(-9.49924e-11 1.47893e-10 0)
(-8.63004e-11 1.49982e-10 0)
(-7.74775e-11 1.508e-10 0)
(-6.85552e-11 1.5015e-10 0)
(-5.96866e-11 1.48069e-10 0)
(-5.1e-11 1.44337e-10 0)
(-4.23847e-11 1.38956e-10 0)
(-3.41795e-11 1.3167e-10 0)
(-2.66374e-11 1.22446e-10 0)
(-1.91232e-11 1.1106e-10 0)
(-1.29252e-11 9.71266e-11 0)
(-8.74525e-12 8.07578e-11 0)
(-3.60338e-12 6.19335e-11 0)
(-1.25825e-12 3.95323e-11 0)
(2.19442e-13 1.46369e-11 0)
(-3.56809e-13 -1.74835e-11 0)
(-1.65954e-12 -4.69634e-11 0)
(-5.33839e-12 -7.2867e-11 0)
(-1.11907e-11 -9.47427e-11 0)
(-1.81983e-11 -1.12972e-10 0)
(-2.63646e-11 -1.27898e-10 0)
(-3.60578e-11 -1.39629e-10 0)
(-4.64211e-11 -1.48478e-10 0)
(-5.71749e-11 -1.54658e-10 0)
(-6.84906e-11 -1.58377e-10 0)
(-8.00561e-11 -1.5979e-10 0)
(-9.16276e-11 -1.59119e-10 0)
(-1.0311e-10 -1.56493e-10 0)
(-1.14395e-10 -1.52121e-10 0)
(-1.25317e-10 -1.46104e-10 0)
(-1.35766e-10 -1.38679e-10 0)
(-1.45645e-10 -1.29927e-10 0)
(-1.54886e-10 -1.20082e-10 0)
(-1.63384e-10 -1.09188e-10 0)
(-1.71082e-10 -9.74986e-11 0)
(-1.77911e-10 -8.50478e-11 0)
(-1.83842e-10 -7.20866e-11 0)
(-1.88824e-10 -5.86299e-11 0)
(-1.92843e-10 -4.4916e-11 0)
(-1.95867e-10 -3.09543e-11 0)
(-1.97896e-10 -1.69817e-11 0)
(-1.98905e-10 -2.9928e-12 0)
(-1.98917e-10 1.07657e-11 0)
(-1.97941e-10 2.43162e-11 0)
(-1.96002e-10 3.74337e-11 0)
(-1.9313e-10 5.01588e-11 0)
(-1.89373e-10 6.22744e-11 0)
(-1.84752e-10 7.38193e-11 0)
(-1.79306e-10 8.45921e-11 0)
(-1.73071e-10 9.46397e-11 0)
(-1.66096e-10 1.0378e-10 0)
(-1.58438e-10 1.1209e-10 0)
(-1.50156e-10 1.19402e-10 0)
(-1.41313e-10 1.25784e-10 0)
(-1.31975e-10 1.31069e-10 0)
(-1.22224e-10 1.35331e-10 0)
(-1.12136e-10 1.38418e-10 0)
(-1.01836e-10 1.40383e-10 0)
(-9.1383e-11 1.41072e-10 0)
(-8.08414e-11 1.4049e-10 0)
(-7.03585e-11 1.38476e-10 0)
(-6.00859e-11 1.35007e-10 0)
(-5.00392e-11 1.2991e-10 0)
(-4.03326e-11 1.23143e-10 0)
(-3.11403e-11 1.1451e-10 0)
(-2.33861e-11 1.03742e-10 0)
(-1.59803e-11 9.09035e-11 0)
(-8.39046e-12 7.57024e-11 0)
(-5.30138e-12 5.75311e-11 0)
(-2.83493e-12 3.72361e-11 0)
(-9.91331e-14 1.36181e-11 0)
(-2.5255e-13 -1.62762e-11 0)
(-2.11822e-12 -4.36655e-11 0)
(-6.26851e-12 -6.75015e-11 0)
(-1.30186e-11 -8.77422e-11 0)
(-2.12696e-11 -1.0444e-10 0)
(-3.07888e-11 -1.18142e-10 0)
(-4.19177e-11 -1.28923e-10 0)
(-5.38857e-11 -1.37023e-10 0)
(-6.63392e-11 -1.4266e-10 0)
(-7.9385e-11 -1.46053e-10 0)
(-9.2724e-11 -1.47324e-10 0)
(-1.06066e-10 -1.46687e-10 0)
(-1.19308e-10 -1.4422e-10 0)
(-1.32287e-10 -1.40181e-10 0)
(-1.4487e-10 -1.34591e-10 0)
(-1.56914e-10 -1.27756e-10 0)
(-1.68314e-10 -1.19632e-10 0)
(-1.78936e-10 -1.10573e-10 0)
(-1.88715e-10 -1.00474e-10 0)
(-1.97563e-10 -8.97318e-11 0)
(-2.05421e-10 -7.81828e-11 0)
(-2.12221e-10 -6.62843e-11 0)
(-2.17927e-10 -5.37859e-11 0)
(-2.22507e-10 -4.12154e-11 0)
(-2.25946e-10 -2.8239e-11 0)
(-2.28215e-10 -1.54462e-11 0)
(-2.29323e-10 -2.43897e-12 0)
(-2.29272e-10 1.01361e-11 0)
(-2.28079e-10 2.27486e-11 0)
(-2.25768e-10 3.47245e-11 0)
(-2.22389e-10 4.6587e-11 0)
(-2.1799e-10 5.76319e-11 0)
(-2.12611e-10 6.84125e-11 0)
(-2.06295e-10 7.8181e-11 0)
(-1.99088e-10 8.75515e-11 0)
(-1.91023e-10 9.57864e-11 0)
(-1.82165e-10 1.03536e-10 0)
(-1.72596e-10 1.10067e-10 0)
(-1.62389e-10 1.16013e-10 0)
(-1.51625e-10 1.2067e-10 0)
(-1.40374e-10 1.24664e-10 0)
(-1.28745e-10 1.27326e-10 0)
(-1.16856e-10 1.29224e-10 0)
(-1.04829e-10 1.29715e-10 0)
(-9.27161e-11 1.29269e-10 0)
(-8.071e-11 1.27297e-10 0)
(-6.89572e-11 1.24204e-10 0)
(-5.7371e-11 1.19433e-10 0)
(-4.63161e-11 1.13299e-10 0)
(-3.62724e-11 1.0524e-10 0)
(-2.63454e-11 9.55761e-11 0)
(-1.78493e-11 8.36662e-11 0)
(-1.21692e-11 6.94941e-11 0)
(-5.20607e-12 5.3199e-11 0)
(-1.7164e-12 3.42819e-11 0)
(3.08891e-13 1.25999e-11 0)
(-1.57546e-13 -1.50064e-11 0)
(-2.45685e-12 -4.00347e-11 0)
(-7.29498e-12 -6.17022e-11 0)
(-1.49927e-11 -8.00155e-11 0)
(-2.43227e-11 -9.51018e-11 0)
(-3.52686e-11 -1.07314e-10 0)
(-4.78683e-11 -1.17002e-10 0)
(-6.13855e-11 -1.24211e-10 0)
(-7.54978e-11 -1.29271e-10 0)
(-9.02554e-11 -1.32229e-10 0)
(-1.05312e-10 -1.33404e-10 0)
(-1.20352e-10 -1.32716e-10 0)
(-1.35292e-10 -1.3058e-10 0)
(-1.49936e-10 -1.26796e-10 0)
(-1.64139e-10 -1.21895e-10 0)
(-1.77697e-10 -1.1554e-10 0)
(-1.90537e-10 -1.08392e-10 0)
(-2.02509e-10 -9.99606e-11 0)
(-2.1353e-10 -9.10674e-11 0)
(-2.23469e-10 -8.10691e-11 0)
(-2.32309e-10 -7.0919e-11 0)
(-2.39925e-10 -5.98158e-11 0)
(-2.46333e-10 -4.88483e-11 0)
(-2.51434e-10 -3.70795e-11 0)
(-2.55258e-10 -2.57057e-11 0)
(-2.57745e-10 -1.36739e-11 0)
(-2.58933e-10 -2.29676e-12 0)
(-2.58788e-10 9.5809e-12 0)
(-2.57366e-10 2.05542e-11 0)
(-2.54663e-10 3.18991e-11 0)
(-2.50766e-10 4.21545e-11 0)
(-2.45715e-10 5.26505e-11 0)
(-2.39604e-10 6.18655e-11 0)
(-2.32436e-10 7.11926e-11 0)
(-2.24262e-10 7.91084e-11 0)
(-2.15124e-10 8.70708e-11 0)
(-2.05102e-10 9.35377e-11 0)
(-1.94295e-10 9.99524e-11 0)
(-1.82765e-10 1.04813e-10 0)
(-1.70608e-10 1.09514e-10 0)
(-1.57891e-10 1.1265e-10 0)
(-1.4477e-10 1.15531e-10 0)
(-1.3136e-10 1.16815e-10 0)
(-1.17834e-10 1.17654e-10 0)
(-1.04214e-10 1.16856e-10 0)
(-9.07212e-11 1.15419e-10 0)
(-7.74847e-11 1.12279e-10 0)
(-6.46123e-11 1.08262e-10 0)
(-5.22214e-11 1.02424e-10 0)
(-4.04805e-11 9.54923e-11 0)
(-3.03874e-11 8.6561e-11 0)
(-2.11816e-11 7.58702e-11 0)
(-1.155e-11 6.34432e-11 0)
(-6.67272e-12 4.8564e-11 0)
(-3.37046e-12 3.1227e-11 0)
(2.24964e-13 1.16937e-11 0)
(-1.85904e-13 -1.37178e-11 0)
(-2.8819e-12 -3.58945e-11 0)
(-8.37773e-12 -5.52656e-11 0)
(-1.70695e-11 -7.13019e-11 0)
(-2.75537e-11 -8.46393e-11 0)
(-3.98121e-11 -9.5286e-11 0)
(-5.38786e-11 -1.03663e-10 0)
(-6.89551e-11 -1.09968e-10 0)
(-8.4674e-11 -1.14313e-10 0)
(-1.01114e-10 -1.16911e-10 0)
(-1.17826e-10 -1.17838e-10 0)
(-1.34585e-10 -1.17295e-10 0)
(-1.5114e-10 -1.15321e-10 0)
(-1.67417e-10 -1.12101e-10 0)
(-1.83116e-10 -1.0766e-10 0)
(-1.98196e-10 -1.02203e-10 0)
(-2.12375e-10 -9.57466e-11 0)
(-2.25657e-10 -8.84919e-11 0)
(-2.37806e-10 -8.04393e-11 0)
(-2.4885e-10 -7.18367e-11 0)
(-2.58561e-10 -6.26351e-11 0)
(-2.67002e-10 -5.30851e-11 0)
(-2.73995e-10 -4.3132e-11 0)
(-2.79618e-10 -3.29878e-11 0)
(-2.83733e-10 -2.26306e-11 0)
(-2.86431e-10 -1.22304e-11 0)
(-2.8762e-10 -1.8259e-12 0)
(-2.87405e-10 8.42545e-12 0)
(-2.85708e-10 1.84785e-11 0)
(-2.82634e-10 2.82105e-11 0)
(-2.78208e-10 3.76005e-11 0)
(-2.72565e-10 4.65479e-11 0)
(-2.65702e-10 5.49902e-11 0)
(-2.57693e-10 6.28722e-11 0)
(-2.48543e-10 7.01507e-11 0)
(-2.38331e-10 7.68288e-11 0)
(-2.27162e-10 8.28524e-11 0)
(-2.15105e-10 8.82404e-11 0)
(-2.02307e-10 9.28236e-11 0)
(-1.88773e-10 9.6724e-11 0)
(-1.74682e-10 9.97954e-11 0)
(-1.60099e-10 1.02112e-10 0)
(-1.45314e-10 1.03509e-10 0)
(-1.30316e-10 1.04047e-10 0)
(-1.15322e-10 1.03542e-10 0)
(-1.00406e-10 1.02076e-10 0)
(-8.58941e-11 9.94324e-11 0)
(-7.15799e-11 9.57352e-11 0)
(-5.79257e-11 9.07798e-11 0)
(-4.53657e-11 8.45223e-11 0)
(-3.34801e-11 7.66746e-11 0)
(-2.26351e-11 6.78127e-11 0)
(-1.51466e-11 5.64274e-11 0)
(-6.91824e-12 4.33169e-11 0)
(-1.93985e-12 2.83085e-11 0)
(1.89206e-13 1.06679e-11 0)
(-4.36157e-13 -1.21195e-11 0)
(-3.1482e-12 -3.13029e-11 0)
(-9.62675e-12 -4.7833e-11 0)
(-1.93054e-11 -6.11728e-11 0)
(-3.09801e-11 -7.22159e-11 0)
(-4.44688e-11 -8.10483e-11 0)
(-6.00275e-11 -8.7942e-11 0)
(-7.66207e-11 -9.31918e-11 0)
(-9.39384e-11 -9.67286e-11 0)
(-1.1198e-10 -9.89382e-11 0)
(-1.30365e-10 -9.95892e-11 0)
(-1.48716e-10 -9.92045e-11 0)
(-1.66903e-10 -9.73632e-11 0)
(-1.84693e-10 -9.48001e-11 0)
(-2.01928e-10 -9.08242e-11 0)
(-2.18369e-10 -8.64457e-11 0)
(-2.33915e-10 -8.06742e-11 0)
(-2.48376e-10 -7.48513e-11 0)
(-2.61698e-10 -6.76507e-11 0)
(-2.73686e-10 -6.07466e-11 0)
(-2.84314e-10 -5.24729e-11 0)
(-2.93449e-10 -4.48443e-11 0)
(-3.01064e-10 -3.58537e-11 0)
(-3.07095e-10 -2.78564e-11 0)
(-3.11526e-10 -1.84396e-11 0)
(-3.14345e-10 -1.02777e-11 0)
(-3.15574e-10 -7.30553e-13 0)
(-3.15194e-10 7.20177e-12 0)
(-3.13255e-10 1.64121e-11 0)
(-3.09765e-10 2.36987e-11 0)
(-3.04821e-10 3.22321e-11 0)
(-2.9853e-10 3.86927e-11 0)
(-2.90957e-10 4.64779e-11 0)
(-2.82111e-10 5.2171e-11 0)
(-2.72008e-10 5.92203e-11 0)
(-2.60727e-10 6.4032e-11 0)
(-2.48361e-10 7.00925e-11 0)
(-2.35149e-10 7.38123e-11 0)
(-2.21074e-10 7.86816e-11 0)
(-2.06232e-10 8.12926e-11 0)
(-1.90759e-10 8.48333e-11 0)
(-1.74851e-10 8.60218e-11 0)
(-1.58651e-10 8.79533e-11 0)
(-1.42364e-10 8.76788e-11 0)
(-1.26002e-10 8.79225e-11 0)
(-1.09831e-10 8.60473e-11 0)
(-9.39432e-11 8.44574e-11 0)
(-7.84354e-11 8.0853e-11 0)
(-6.35899e-11 7.71639e-11 0)
(-4.96477e-11 7.15681e-11 0)
(-3.69668e-11 6.56769e-11 0)
(-2.59743e-11 5.76105e-11 0)
(-1.50832e-11 4.84105e-11 0)
(-8.06127e-12 3.80918e-11 0)
(-3.27399e-12 2.43293e-11 0)
(-3.41874e-13 9.33543e-12 0)
(-4.36449e-15 -1.0297e-11 0)
(-3.82258e-12 -2.59774e-11 0)
(-1.06613e-11 -3.92222e-11 0)
(-2.12298e-11 -4.98022e-11 0)
(-3.42223e-11 -5.82139e-11 0)
(-4.91006e-11 -6.51165e-11 0)
(-6.61655e-11 -7.05415e-11 0)
(-8.43022e-11 -7.44386e-11 0)
(-1.03235e-10 -7.7315e-11 0)
(-1.2287e-10 -7.88594e-11 0)
(-1.42872e-10 -7.95351e-11 0)
(-1.62804e-10 -7.89319e-11 0)
(-1.82597e-10 -7.77547e-11 0)
(-2.01877e-10 -7.53158e-11 0)
(-2.20592e-10 -7.25732e-11 0)
(-2.38374e-10 -6.85454e-11 0)
(-2.55245e-10 -6.45147e-11 0)
(-2.7085e-10 -5.91628e-11 0)
(-2.85266e-10 -5.41336e-11 0)
(-2.98167e-10 -4.7721e-11 0)
(-3.09657e-10 -4.19889e-11 0)
(-3.19451e-10 -3.48432e-11 0)
(-3.2772e-10 -2.87199e-11 0)
(-3.3414e-10 -2.1153e-11 0)
(-3.3889e-10 -1.48558e-11 0)
(-3.418e-10 -7.0227e-12 0)
(-3.43077e-10 -7.37657e-13 0)
(-3.42582e-10 6.96374e-12 0)
(-3.40479e-10 1.26988e-11 0)
(-3.36653e-10 1.97399e-11 0)
(-3.31291e-10 2.46445e-11 0)
(-3.24313e-10 3.10684e-11 0)
(-3.15825e-10 3.54605e-11 0)
(-3.05866e-10 4.15124e-11 0)
(-2.94645e-10 4.55067e-11 0)
(-2.82232e-10 5.10687e-11 0)
(-2.68753e-10 5.44208e-11 0)
(-2.54301e-10 5.91486e-11 0)
(-2.38863e-10 6.17767e-11 0)
(-2.22771e-10 6.54848e-11 0)
(-2.061e-10 6.70167e-11 0)
(-1.89026e-10 6.94299e-11 0)
(-1.7152e-10 6.96971e-11 0)
(-1.53956e-10 7.0677e-11 0)
(-1.36252e-10 6.97585e-11 0)
(-1.18811e-10 6.93348e-11 0)
(-1.01629e-10 6.71618e-11 0)
(-8.49787e-11 6.51956e-11 0)
(-6.88393e-11 6.16601e-11 0)
(-5.39506e-11 5.80439e-11 0)
(-3.99297e-11 5.27754e-11 0)
(-2.7668e-11 4.70013e-11 0)
(-1.7514e-11 4.00738e-11 0)
(-8.63821e-12 3.05969e-11 0)
(-3.00025e-12 2.07622e-11 0)
(3.14102e-13 7.72098e-12 0)
(-7.77554e-13 -7.75403e-12 0)
(-4.24541e-12 -1.96966e-11 0)
(-1.21297e-11 -2.8931e-11 0)
(-2.34905e-11 -3.69863e-11 0)
(-3.76244e-11 -4.30273e-11 0)
(-5.40462e-11 -4.81743e-11 0)
(-7.23792e-11 -5.21868e-11 0)
(-9.20919e-11 -5.51273e-11 0)
(-1.12611e-10 -5.71925e-11 0)
(-1.33878e-10 -5.84056e-11 0)
(-1.55393e-10 -5.88078e-11 0)
(-1.76991e-10 -5.84677e-11 0)
(-1.98235e-10 -5.7467e-11 0)
(-2.19111e-10 -5.58075e-11 0)
(-2.39142e-10 -5.35991e-11 0)
(-2.58385e-10 -5.08095e-11 0)
(-2.7637e-10 -4.75949e-11 0)
(-2.93247e-10 -4.38594e-11 0)
(-3.08549e-10 -3.98454e-11 0)
(-3.22491e-10 -3.54027e-11 0)
(-3.34647e-10 -3.08181e-11 0)
(-3.45253e-10 -2.58949e-11 0)
(-3.53919e-10 -2.09938e-11 0)
(-3.60898e-10 -1.5821e-11 0)
(-3.65833e-10 -1.07607e-11 0)
(-3.69008e-10 -5.37383e-12 0)
(-3.70197e-10 -2.13297e-13 0)
(-3.69696e-10 5.0461e-12 0)
(-3.67312e-10 9.79736e-12 0)
(-3.63221e-10 1.4481e-11 0)
(-3.57211e-10 1.86436e-11 0)
(-3.49471e-10 2.29158e-11 0)
(-3.40015e-10 2.67577e-11 0)
(-3.29039e-10 3.07699e-11 0)
(-3.16655e-10 3.42706e-11 0)
(-3.03034e-10 3.78383e-11 0)
(-2.88337e-10 4.07704e-11 0)
(-2.72526e-10 4.37805e-11 0)
(-2.5601e-10 4.60395e-11 0)
(-2.3869e-10 4.83388e-11 0)
(-2.20855e-10 4.97842e-11 0)
(-2.02483e-10 5.11243e-11 0)
(-1.83929e-10 5.16115e-11 0)
(-1.64994e-10 5.20201e-11 0)
(-1.46171e-10 5.15896e-11 0)
(-1.27369e-10 5.1028e-11 0)
(-1.09127e-10 4.96112e-11 0)
(-9.10831e-11 4.80248e-11 0)
(-7.39824e-11 4.55075e-11 0)
(-5.78464e-11 4.26652e-11 0)
(-4.33671e-11 3.89964e-11 0)
(-2.99989e-11 3.45498e-11 0)
(-1.8602e-11 2.92653e-11 0)
(-9.9733e-12 2.3059e-11 0)
(-3.94514e-12 1.52634e-11 0)
(-6.60627e-13 5.81365e-12 0)
(8.36766e-15 -4.64964e-12 0)
(-5.52507e-12 -1.16589e-11 0)
(-1.3751e-11 -1.76858e-11 0)
(-2.65033e-11 -2.23577e-11 0)
(-4.16384e-11 -2.64299e-11 0)
(-5.94382e-11 -2.98554e-11 0)
(-7.92046e-11 -3.25118e-11 0)
(-1.00274e-10 -3.44819e-11 0)
(-1.2231e-10 -3.57396e-11 0)
(-1.45037e-10 -3.66201e-11 0)
(-1.68148e-10 -3.68111e-11 0)
(-1.91212e-10 -3.67287e-11 0)
(-2.14053e-10 -3.5935e-11 0)
(-2.36294e-10 -3.50699e-11 0)
(-2.5782e-10 -3.34647e-11 0)
(-2.78287e-10 -3.19625e-11 0)
(-2.9761e-10 -2.96156e-11 0)
(-3.15498e-10 -2.76196e-11 0)
(-3.31942e-10 -2.4701e-11 0)
(-3.46658e-10 -2.23909e-11 0)
(-3.59681e-10 -1.90817e-11 0)
(-3.70804e-10 -1.6599e-11 0)
(-3.80084e-10 -1.2954e-11 0)
(-3.87366e-10 -1.05133e-11 0)
(-3.92727e-10 -6.87231e-12 0)
(-3.95978e-10 -4.24713e-12 0)
(-3.97182e-10 -4.58363e-14 0)
(-3.96319e-10 2.80938e-12 0)
(-3.93545e-10 6.88087e-12 0)
(-3.88812e-10 9.07342e-12 0)
(-3.82301e-10 1.26849e-11 0)
(-3.73837e-10 1.47405e-11 0)
(-3.63492e-10 1.83139e-11 0)
(-3.51497e-10 2.00288e-11 0)
(-3.38121e-10 2.311e-11 0)
(-3.23488e-10 2.42667e-11 0)
(-3.07637e-10 2.68363e-11 0)
(-2.90794e-10 2.75771e-11 0)
(-2.72887e-10 2.96211e-11 0)
(-2.54338e-10 2.98909e-11 0)
(-2.35316e-10 3.1358e-11 0)
(-2.15849e-10 3.12397e-11 0)
(-1.95882e-10 3.22706e-11 0)
(-1.75821e-10 3.17595e-11 0)
(-1.55673e-10 3.2145e-11 0)
(-1.35809e-10 3.11234e-11 0)
(-1.16259e-10 3.07972e-11 0)
(-9.73619e-11 2.92012e-11 0)
(-7.91703e-11 2.80152e-11 0)
(-6.21291e-11 2.57145e-11 0)
(-4.64651e-11 2.34674e-11 0)
(-3.25811e-11 2.05531e-11 0)
(-2.08299e-11 1.73994e-11 0)
(-1.07739e-11 1.35189e-11 0)
(-4.61036e-12 8.84654e-12 0)
(2.46388e-13 3.4291e-12 0)
(-7.00663e-13 -1.62682e-12 0)
(-6.21731e-12 -4.07678e-12 0)
(-1.57175e-11 -5.62185e-12 0)
(-2.92641e-11 -7.85924e-12 0)
(-4.59951e-11 -9.01789e-12 0)
(-6.49111e-11 -1.0107e-11 0)
(-8.58492e-11 -1.09301e-11 0)
(-1.08295e-10 -1.15662e-11 0)
(-1.31852e-10 -1.20828e-11 0)
(-1.56167e-10 -1.23573e-11 0)
(-1.80784e-10 -1.24e-11 0)
(-2.05399e-10 -1.23185e-11 0)
(-2.29729e-10 -1.21072e-11 0)
(-2.5351e-10 -1.17201e-11 0)
(-2.76399e-10 -1.11939e-11 0)
(-2.9824e-10 -1.05738e-11 0)
(-3.18778e-10 -9.88954e-12 0)
(-3.37869e-10 -9.07333e-12 0)
(-3.5529e-10 -8.23285e-12 0)
(-3.70972e-10 -7.25999e-12 0)
(-3.84751e-10 -6.28756e-12 0)
(-3.96576e-10 -5.17422e-12 0)
(-4.06234e-10 -3.96269e-12 0)
(-4.13761e-10 -2.51897e-12 0)
(-4.19255e-10 -1.3375e-12 0)
(-4.22708e-10 -3.14149e-13 0)
(-4.23873e-10 2.60475e-13 0)
(-4.22864e-10 8.80869e-13 0)
(-4.19579e-10 1.61927e-12 0)
(-4.14161e-10 2.86687e-12 0)
(-4.06849e-10 4.07189e-12 0)
(-3.97583e-10 5.13766e-12 0)
(-3.86525e-10 5.8548e-12 0)
(-3.73825e-10 6.70758e-12 0)
(-3.59527e-10 7.33701e-12 0)
(-3.43808e-10 8.10166e-12 0)
(-3.26831e-10 8.61788e-12 0)
(-3.08722e-10 9.22238e-12 0)
(-2.89772e-10 9.51826e-12 0)
(-2.70037e-10 1.00022e-11 0)
(-2.49637e-10 1.02429e-11 0)
(-2.28701e-10 1.05473e-11 0)
(-2.07527e-10 1.05049e-11 0)
(-1.86214e-10 1.0628e-11 0)
(-1.64924e-10 1.04712e-11 0)
(-1.43854e-10 1.03593e-11 0)
(-1.23282e-10 9.9986e-12 0)
(-1.03247e-10 9.78537e-12 0)
(-8.41165e-11 9.13272e-12 0)
(-6.62943e-11 8.46861e-12 0)
(-4.99508e-11 7.84844e-12 0)
(-3.51148e-11 6.92735e-12 0)
(-2.22144e-11 5.75504e-12 0)
(-1.22465e-11 3.89326e-12 0)
(-4.97543e-12 3.4631e-12 0)
(-5.35732e-13 1.26068e-12 0)
)
;

boundaryField
{
    top
    {
        type            slip;
    }
    bottom
    {
        type            slip;
    }
    rotatingWall
    {
        type            rotatingWallVelocity;
        origin          (0 0 0);
        axis            (0 1 0);
        omega           constant 1140;
        value           uniform (0 0 0);
    }
    wall
    {
        type            rotatingWallVelocity;
        origin          (0 0 0);
        axis            (0 1 0);
        omega           constant 0;
        value           uniform (0 -0 -0);
    }
    frontAndBack
    {
        type            empty;
    }
}


// ************************************************************************* //
