/*--------------------------------*- C++ -*----------------------------------*\
| =========                 |                                                 |
| \\      /  F ield         | OpenFOAM: The Open Source CFD Toolbox           |
|  \\    /   O peration     | Version:  5.0                                   |
|   \\  /    A nd           | Web:      www.OpenFOAM.org                      |
|    \\/     M anipulation  |                                                 |
\*---------------------------------------------------------------------------*/
FoamFile
{
    version     2.0;
    format      ascii;
    class       volVectorField;
    location    "23";
    object      U;
}
// * * * * * * * * * * * * * * * * * * * * * * * * * * * * * * * * * * * * * //

dimensions      [0 1 -1 0 0 0 0];

internalField   nonuniform List<vector> 
1568
(
(-2.54878e-08 -2.91142e-08 0)
(6.31891e-08 1.44706e-07 0)
(3.95743e-07 -5.20784e-08 0)
(8.48561e-07 -2.27995e-07 0)
(1.22955e-06 -2.89079e-07 0)
(1.61301e-06 -3.04526e-07 0)
(2.03769e-06 -3.03434e-07 0)
(2.47864e-06 -2.90599e-07 0)
(2.91365e-06 -2.67105e-07 0)
(3.32596e-06 -2.36479e-07 0)
(3.70088e-06 -2.00854e-07 0)
(4.03022e-06 -1.56572e-07 0)
(4.30907e-06 -1.05539e-07 0)
(4.52739e-06 -7.13833e-08 0)
(4.6794e-06 -5.43909e-08 0)
(4.77459e-06 -4.24434e-08 0)
(4.8272e-06 -3.71812e-08 0)
(4.84469e-06 -3.49581e-08 0)
(4.83914e-06 -2.86444e-08 0)
(4.81869e-06 -2.13865e-08 0)
(4.78686e-06 -1.47683e-08 0)
(4.74853e-06 -9.38668e-09 0)
(4.70712e-06 -4.64379e-09 0)
(4.66318e-06 -9.45561e-10 0)
(4.6154e-06 3.30877e-09 0)
(4.56282e-06 8.1557e-09 0)
(4.5054e-06 1.50224e-08 0)
(4.44489e-06 2.25937e-08 0)
(4.38266e-06 3.08194e-08 0)
(4.31776e-06 3.696e-08 0)
(4.24604e-06 4.30497e-08 0)
(4.16591e-06 4.92707e-08 0)
(4.07828e-06 5.66139e-08 0)
(3.98308e-06 6.35727e-08 0)
(3.87952e-06 7.16921e-08 0)
(3.76736e-06 7.95241e-08 0)
(3.64627e-06 8.78779e-08 0)
(3.51568e-06 9.53856e-08 0)
(3.37544e-06 1.03832e-07 0)
(3.22535e-06 1.155e-07 0)
(3.06358e-06 1.29576e-07 0)
(2.8888e-06 1.4049e-07 0)
(2.70157e-06 1.50762e-07 0)
(2.5017e-06 1.59937e-07 0)
(2.28996e-06 1.68618e-07 0)
(2.06799e-06 1.76227e-07 0)
(1.83769e-06 1.83086e-07 0)
(1.5999e-06 1.87819e-07 0)
(1.35514e-06 1.88616e-07 0)
(1.10689e-06 1.83769e-07 0)
(8.65385e-07 1.77816e-07 0)
(6.42598e-07 1.76861e-07 0)
(4.4352e-07 1.74751e-07 0)
(2.53226e-07 1.60125e-07 0)
(1.00887e-07 1.06144e-07 0)
(1.42672e-08 2.91655e-08 0)
(2.28437e-07 -1.90036e-07 0)
(1.59531e-08 -5.34815e-07 0)
(3.40365e-07 -6.79844e-07 0)
(5.73955e-07 -5.6871e-07 0)
(9.46112e-07 -5.47974e-07 0)
(1.32354e-06 -5.87266e-07 0)
(1.70123e-06 -6.13739e-07 0)
(2.07609e-06 -6.17181e-07 0)
(2.43357e-06 -5.9765e-07 0)
(2.76257e-06 -5.55838e-07 0)
(3.05581e-06 -4.97251e-07 0)
(3.30879e-06 -4.30603e-07 0)
(3.51831e-06 -3.57945e-07 0)
(3.68419e-06 -2.73071e-07 0)
(3.81063e-06 -1.82996e-07 0)
(3.90219e-06 -1.06361e-07 0)
(3.9633e-06 -4.48067e-08 0)
(3.99706e-06 2.53445e-09 0)
(4.01063e-06 3.29782e-08 0)
(4.00598e-06 5.32897e-08 0)
(3.98535e-06 6.65865e-08 0)
(3.95615e-06 7.33842e-08 0)
(3.92159e-06 7.69596e-08 0)
(3.88216e-06 8.11245e-08 0)
(3.83856e-06 8.63904e-08 0)
(3.79128e-06 9.1916e-08 0)
(3.74058e-06 9.55238e-08 0)
(3.68591e-06 9.69317e-08 0)
(3.62711e-06 9.80112e-08 0)
(3.56445e-06 1.03478e-07 0)
(3.49779e-06 1.12323e-07 0)
(3.42707e-06 1.22242e-07 0)
(3.35184e-06 1.3154e-07 0)
(3.27123e-06 1.41863e-07 0)
(3.18441e-06 1.5231e-07 0)
(3.09079e-06 1.63267e-07 0)
(2.98996e-06 1.74667e-07 0)
(2.88168e-06 1.87015e-07 0)
(2.76501e-06 1.99118e-07 0)
(2.63977e-06 2.11799e-07 0)
(2.50537e-06 2.26444e-07 0)
(2.36085e-06 2.42283e-07 0)
(2.20595e-06 2.58688e-07 0)
(2.04129e-06 2.75199e-07 0)
(1.86694e-06 2.90102e-07 0)
(1.68386e-06 3.03014e-07 0)
(1.49351e-06 3.13728e-07 0)
(1.29789e-06 3.22999e-07 0)
(1.09915e-06 3.29897e-07 0)
(9.00413e-07 3.30081e-07 0)
(7.04869e-07 3.16955e-07 0)
(5.20476e-07 2.88852e-07 0)
(3.48074e-07 2.50655e-07 0)
(1.91885e-07 2.13984e-07 0)
(1.16171e-07 1.55869e-07 0)
(-3.37564e-08 8.49882e-08 0)
(1.58147e-07 -3.43469e-07 0)
(1.92095e-08 -5.0967e-07 0)
(1.84578e-07 -8.25469e-07 0)
(4.09745e-07 -9.25339e-07 0)
(7.05119e-07 -9.78672e-07 0)
(1.00169e-06 -1.00882e-06 0)
(1.29708e-06 -1.01091e-06 0)
(1.5895e-06 -9.83378e-07 0)
(1.8672e-06 -9.26022e-07 0)
(2.12252e-06 -8.42514e-07 0)
(2.35135e-06 -7.38809e-07 0)
(2.55126e-06 -6.22489e-07 0)
(2.72089e-06 -5.00709e-07 0)
(2.86014e-06 -3.81157e-07 0)
(2.97066e-06 -2.70766e-07 0)
(3.05461e-06 -1.75552e-07 0)
(3.11365e-06 -9.74784e-08 0)
(3.14974e-06 -3.5963e-08 0)
(3.16597e-06 1.12534e-08 0)
(3.16602e-06 4.73946e-08 0)
(3.15159e-06 7.27735e-08 0)
(3.12714e-06 8.87973e-08 0)
(3.09511e-06 9.99374e-08 0)
(3.05723e-06 1.09077e-07 0)
(3.01519e-06 1.18234e-07 0)
(2.97032e-06 1.27067e-07 0)
(2.9231e-06 1.35934e-07 0)
(2.87343e-06 1.44166e-07 0)
(2.82103e-06 1.53138e-07 0)
(2.76601e-06 1.63215e-07 0)
(2.70861e-06 1.75791e-07 0)
(2.64897e-06 1.89695e-07 0)
(2.58698e-06 2.05206e-07 0)
(2.52205e-06 2.21428e-07 0)
(2.45327e-06 2.39049e-07 0)
(2.37984e-06 2.57252e-07 0)
(2.30117e-06 2.76926e-07 0)
(2.21667e-06 2.97292e-07 0)
(2.12598e-06 3.19066e-07 0)
(2.02833e-06 3.42145e-07 0)
(1.9233e-06 3.67266e-07 0)
(1.81061e-06 3.93109e-07 0)
(1.69022e-06 4.19605e-07 0)
(1.56217e-06 4.45533e-07 0)
(1.42687e-06 4.70254e-07 0)
(1.28487e-06 4.92407e-07 0)
(1.13744e-06 5.111e-07 0)
(9.85524e-07 5.24536e-07 0)
(8.30092e-07 5.30588e-07 0)
(6.74552e-07 5.26119e-07 0)
(5.24665e-07 5.09872e-07 0)
(3.83199e-07 4.81199e-07 0)
(2.56396e-07 4.35892e-07 0)
(1.34601e-07 3.64431e-07 0)
(7.66107e-08 2.55547e-07 0)
(-3.64236e-08 1.20793e-07 0)
(4.89112e-08 -3.53755e-07 0)
(-5.34406e-09 -6.63998e-07 0)
(1.42061e-07 -9.81539e-07 0)
(3.02411e-07 -1.13883e-06 0)
(5.09433e-07 -1.23064e-06 0)
(7.14277e-07 -1.27813e-06 0)
(9.25354e-07 -1.28141e-06 0)
(1.13842e-06 -1.24422e-06 0)
(1.3426e-06 -1.17095e-06 0)
(1.5307e-06 -1.06642e-06 0)
(1.70002e-06 -9.38376e-07 0)
(1.84973e-06 -7.9534e-07 0)
(1.97883e-06 -6.46551e-07 0)
(2.08675e-06 -5.00637e-07 0)
(2.17413e-06 -3.65121e-07 0)
(2.24151e-06 -2.45644e-07 0)
(2.28931e-06 -1.45173e-07 0)
(2.31852e-06 -6.35928e-08 0)
(2.33099e-06 5.48358e-10 0)
(2.32935e-06 5.02048e-08 0)
(2.31603e-06 8.68642e-08 0)
(2.2932e-06 1.13045e-07 0)
(2.2627e-06 1.31826e-07 0)
(2.2264e-06 1.46683e-07 0)
(2.18641e-06 1.59211e-07 0)
(2.14434e-06 1.70833e-07 0)
(2.10103e-06 1.81621e-07 0)
(2.0567e-06 1.92432e-07 0)
(2.01148e-06 2.0354e-07 0)
(1.96547e-06 2.16377e-07 0)
(1.91864e-06 2.31066e-07 0)
(1.87113e-06 2.48031e-07 0)
(1.82315e-06 2.66479e-07 0)
(1.77422e-06 2.8655e-07 0)
(1.72341e-06 3.07563e-07 0)
(1.67007e-06 3.30065e-07 0)
(1.61369e-06 3.53714e-07 0)
(1.55365e-06 3.79234e-07 0)
(1.48935e-06 4.06218e-07 0)
(1.42046e-06 4.35213e-07 0)
(1.34653e-06 4.65961e-07 0)
(1.26712e-06 4.98357e-07 0)
(1.18223e-06 5.31281e-07 0)
(1.09202e-06 5.64103e-07 0)
(9.96449e-07 5.95137e-07 0)
(8.96089e-07 6.23161e-07 0)
(7.91696e-07 6.46295e-07 0)
(6.83609e-07 6.62673e-07 0)
(5.7215e-07 6.69602e-07 0)
(4.60949e-07 6.64503e-07 0)
(3.54168e-07 6.44528e-07 0)
(2.58081e-07 6.06601e-07 0)
(1.69514e-07 5.44113e-07 0)
(8.88968e-08 4.48002e-07 0)
(5.17585e-08 3.1088e-07 0)
(-2.36501e-08 1.4818e-07 0)
(8.22006e-09 -3.20719e-07 0)
(4.99725e-09 -7.04083e-07 0)
(9.37961e-08 -1.04883e-06 0)
(1.98285e-07 -1.25845e-06 0)
(3.20778e-07 -1.39543e-06 0)
(4.493e-07 -1.46535e-06 0)
(5.85471e-07 -1.47427e-06 0)
(7.26289e-07 -1.43194e-06 0)
(8.61915e-07 -1.34769e-06 0)
(9.87512e-07 -1.22887e-06 0)
(1.1008e-06 -1.08409e-06 0)
(1.20116e-06 -9.2329e-07 0)
(1.28802e-06 -7.56471e-07 0)
(1.36112e-06 -5.92781e-07 0)
(1.42036e-06 -4.39676e-07 0)
(1.46555e-06 -3.03031e-07 0)
(1.49663e-06 -1.85736e-07 0)
(1.5139e-06 -8.85519e-08 0)
(1.51828e-06 -1.01641e-08 0)
(1.51153e-06 5.13886e-08 0)
(1.49538e-06 9.83353e-08 0)
(1.47135e-06 1.32995e-07 0)
(1.44089e-06 1.58729e-07 0)
(1.40574e-06 1.78356e-07 0)
(1.36785e-06 1.94414e-07 0)
(1.32894e-06 2.08124e-07 0)
(1.28996e-06 2.20696e-07 0)
(1.25143e-06 2.32679e-07 0)
(1.21369e-06 2.45086e-07 0)
(1.17696e-06 2.58451e-07 0)
(1.14128e-06 2.73625e-07 0)
(1.10661e-06 2.90735e-07 0)
(1.07297e-06 3.09977e-07 0)
(1.04004e-06 3.30937e-07 0)
(1.0073e-06 3.53849e-07 0)
(9.74258e-07 3.78701e-07 0)
(9.40419e-07 4.05869e-07 0)
(9.05098e-07 4.35259e-07 0)
(8.6775e-07 4.67212e-07 0)
(8.27983e-07 5.01482e-07 0)
(7.85429e-07 5.38016e-07 0)
(7.39723e-07 5.76083e-07 0)
(6.9069e-07 6.1509e-07 0)
(6.38091e-07 6.53514e-07 0)
(5.8188e-07 6.89941e-07 0)
(5.22496e-07 7.22519e-07 0)
(4.60558e-07 7.49474e-07 0)
(3.95817e-07 7.68123e-07 0)
(3.27613e-07 7.75562e-07 0)
(2.60413e-07 7.6997e-07 0)
(1.97004e-07 7.48121e-07 0)
(1.40976e-07 7.03931e-07 0)
(9.30808e-08 6.2948e-07 0)
(4.45509e-08 5.15663e-07 0)
(2.34074e-08 3.5149e-07 0)
(-1.8312e-08 1.64968e-07 0)
(-1.04271e-08 -3.0229e-07 0)
(1.04188e-08 -7.29464e-07 0)
(4.3477e-08 -1.08293e-06 0)
(9.07536e-08 -1.32516e-06 0)
(1.44102e-07 -1.48495e-06 0)
(2.09392e-07 -1.56646e-06 0)
(2.7637e-07 -1.57957e-06 0)
(3.52822e-07 -1.53651e-06 0)
(4.24804e-07 -1.44669e-06 0)
(4.91421e-07 -1.3201e-06 0)
(5.51094e-07 -1.16652e-06 0)
(6.03546e-07 -9.96245e-07 0)
(6.48458e-07 -8.193e-07 0)
(6.85526e-07 -6.44775e-07 0)
(7.14379e-07 -4.80362e-07 0)
(7.34505e-07 -3.31734e-07 0)
(7.45532e-07 -2.02331e-07 0)
(7.47375e-07 -9.33572e-08 0)
(7.40418e-07 -4.29445e-09 0)
(7.25551e-07 6.65272e-08 0)
(7.03891e-07 1.21069e-07 0)
(6.76538e-07 1.61975e-07 0)
(6.44731e-07 1.92175e-07 0)
(6.09952e-07 2.14727e-07 0)
(5.73864e-07 2.32012e-07 0)
(5.37973e-07 2.45886e-07 0)
(5.03343e-07 2.57528e-07 0)
(4.70602e-07 2.68147e-07 0)
(4.40244e-07 2.78557e-07 0)
(4.12617e-07 2.89716e-07 0)
(3.87815e-07 3.02127e-07 0)
(3.65844e-07 3.16423e-07 0)
(3.46728e-07 3.32834e-07 0)
(3.30245e-07 3.51767e-07 0)
(3.15971e-07 3.73339e-07 0)
(3.03473e-07 3.97905e-07 0)
(2.92227e-07 4.25451e-07 0)
(2.81653e-07 4.56154e-07 0)
(2.71186e-07 4.89958e-07 0)
(2.60412e-07 5.26808e-07 0)
(2.48905e-07 5.66182e-07 0)
(2.36256e-07 6.07464e-07 0)
(2.22108e-07 6.49538e-07 0)
(2.06136e-07 6.91089e-07 0)
(1.88225e-07 7.30424e-07 0)
(1.68838e-07 7.65819e-07 0)
(1.48429e-07 7.95232e-07 0)
(1.2685e-07 8.16536e-07 0)
(1.00341e-07 8.26757e-07 0)
(7.33146e-08 8.21009e-07 0)
(5.14213e-08 7.9615e-07 0)
(3.7626e-08 7.47272e-07 0)
(2.199e-08 6.6693e-07 0)
(5.18733e-09 5.43022e-07 0)
(4.18023e-09 3.68593e-07 0)
(-1.56276e-08 1.68786e-07 0)
(-1.82768e-08 -2.97717e-07 0)
(6.47607e-10 -7.35146e-07 0)
(-6.46872e-09 -1.09488e-06 0)
(-8.27844e-09 -1.34933e-06 0)
(-1.28872e-08 -1.51668e-06 0)
(-8.4461e-09 -1.60212e-06 0)
(4.58438e-09 -1.6177e-06 0)
(1.9466e-08 -1.57508e-06 0)
(3.25857e-08 -1.48332e-06 0)
(4.38699e-08 -1.3539e-06 0)
(5.27696e-08 -1.19691e-06 0)
(5.93479e-08 -1.02271e-06 0)
(6.34809e-08 -8.4124e-07 0)
(6.48605e-08 -6.61492e-07 0)
(6.29336e-08 -4.91015e-07 0)
(5.70014e-08 -3.35535e-07 0)
(4.64715e-08 -1.98692e-07 0)
(3.10068e-08 -8.21806e-08 0)
(1.0582e-08 1.39733e-08 0)
(-1.44404e-08 9.09119e-08 0)
(-4.34373e-08 1.5054e-07 0)
(-7.55661e-08 1.95291e-07 0)
(-1.0983e-07 2.28036e-07 0)
(-1.45041e-07 2.51588e-07 0)
(-1.7987e-07 2.68475e-07 0)
(-2.13035e-07 2.80678e-07 0)
(-2.43523e-07 2.89794e-07 0)
(-2.70588e-07 2.97127e-07 0)
(-2.93657e-07 3.03888e-07 0)
(-3.12362e-07 3.10998e-07 0)
(-3.26563e-07 3.19257e-07 0)
(-3.36146e-07 3.29277e-07 0)
(-3.41004e-07 3.41664e-07 0)
(-3.41305e-07 3.56843e-07 0)
(-3.37454e-07 3.75262e-07 0)
(-3.29911e-07 3.97141e-07 0)
(-3.19184e-07 4.22676e-07 0)
(-3.0581e-07 4.51909e-07 0)
(-2.90303e-07 4.84848e-07 0)
(-2.73159e-07 5.21237e-07 0)
(-2.54851e-07 5.60598e-07 0)
(-2.3585e-07 6.0213e-07 0)
(-2.16589e-07 6.44776e-07 0)
(-1.97531e-07 6.87128e-07 0)
(-1.7887e-07 7.27565e-07 0)
(-1.60387e-07 7.64214e-07 0)
(-1.41985e-07 7.94972e-07 0)
(-1.25653e-07 8.17624e-07 0)
(-1.10126e-07 8.2887e-07 0)
(-9.49014e-08 8.23402e-07 0)
(-7.53893e-08 7.97119e-07 0)
(-5.55138e-08 7.46704e-07 0)
(-3.73303e-08 6.63847e-07 0)
(-2.7991e-08 5.40393e-07 0)
(-1.29331e-08 3.6382e-07 0)
(-1.47941e-08 1.61867e-07 0)
(-2.25158e-08 -2.92125e-07 0)
(-1.32471e-08 -7.20003e-07 0)
(-5.19249e-08 -1.07456e-06 0)
(-9.44894e-08 -1.32913e-06 0)
(-1.47332e-07 -1.49595e-06 0)
(-1.96241e-07 -1.58302e-06 0)
(-2.32214e-07 -1.60004e-06 0)
(-2.74034e-07 -1.55762e-06 0)
(-3.13725e-07 -1.4668e-06 0)
(-3.53064e-07 -1.33814e-06 0)
(-3.90973e-07 -1.18181e-06 0)
(-4.27159e-07 -1.008e-06 0)
(-4.6156e-07 -8.26429e-07 0)
(-4.94436e-07 -6.45926e-07 0)
(-5.2638e-07 -4.73947e-07 0)
(-5.58155e-07 -3.16148e-07 0)
(-5.90448e-07 -1.76319e-07 0)
(-6.2382e-07 -5.64323e-08 0)
(-6.58564e-07 4.30614e-08 0)
(-6.94665e-07 1.22971e-07 0)
(-7.31828e-07 1.84934e-07 0)
(-7.69498e-07 2.31243e-07 0)
(-8.06907e-07 2.64462e-07 0)
(-8.43142e-07 2.87313e-07 0)
(-8.77145e-07 3.0226e-07 0)
(-9.07874e-07 3.11474e-07 0)
(-9.34407e-07 3.16715e-07 0)
(-9.55985e-07 3.19566e-07 0)
(-9.72023e-07 3.21337e-07 0)
(-9.8215e-07 3.23161e-07 0)
(-9.86143e-07 3.25938e-07 0)
(-9.83882e-07 3.30478e-07 0)
(-9.75209e-07 3.3749e-07 0)
(-9.60226e-07 3.47543e-07 0)
(-9.39324e-07 3.61065e-07 0)
(-9.12969e-07 3.78457e-07 0)
(-8.8163e-07 3.99937e-07 0)
(-8.45801e-07 4.25662e-07 0)
(-8.06017e-07 4.55555e-07 0)
(-7.62786e-07 4.89385e-07 0)
(-7.1663e-07 5.26622e-07 0)
(-6.68066e-07 5.66509e-07 0)
(-6.17616e-07 6.07938e-07 0)
(-5.65793e-07 6.49533e-07 0)
(-5.12898e-07 6.89643e-07 0)
(-4.58858e-07 7.26347e-07 0)
(-4.039e-07 7.57385e-07 0)
(-3.49819e-07 7.79837e-07 0)
(-2.97311e-07 7.90033e-07 0)
(-2.46517e-07 7.85369e-07 0)
(-1.91099e-07 7.61005e-07 0)
(-1.36346e-07 7.11663e-07 0)
(-9.01329e-08 6.3198e-07 0)
(-5.61652e-08 5.12172e-07 0)
(-2.18248e-08 3.45167e-07 0)
(-1.53364e-08 1.4812e-07 0)
(-2.48301e-08 -2.7714e-07 0)
(-3.01618e-08 -6.8232e-07 0)
(-9.12242e-08 -1.02232e-06 0)
(-1.66508e-07 -1.26801e-06 0)
(-2.59516e-07 -1.4293e-06 0)
(-3.50559e-07 -1.51468e-06 0)
(-4.37352e-07 -1.53185e-06 0)
(-5.25506e-07 -1.49077e-06 0)
(-6.12453e-07 -1.40268e-06 0)
(-6.96767e-07 -1.27729e-06 0)
(-7.76821e-07 -1.1247e-06 0)
(-8.51802e-07 -9.54778e-07 0)
(-9.215e-07 -7.76893e-07 0)
(-9.86148e-07 -5.99589e-07 0)
(-1.04625e-06 -4.30081e-07 0)
(-1.10251e-06 -2.73941e-07 0)
(-1.15569e-06 -1.35014e-07 0)
(-1.20646e-06 -1.54954e-08 0)
(-1.2553e-06 8.39126e-08 0)
(-1.30243e-06 1.63704e-07 0)
(-1.34781e-06 2.25258e-07 0)
(-1.39114e-06 2.70604e-07 0)
(-1.43189e-06 3.02149e-07 0)
(-1.46936e-06 3.22417e-07 0)
(-1.50277e-06 3.33848e-07 0)
(-1.53126e-06 3.38614e-07 0)
(-1.55406e-06 3.38648e-07 0)
(-1.57043e-06 3.35644e-07 0)
(-1.57984e-06 3.31117e-07 0)
(-1.58195e-06 3.26297e-07 0)
(-1.57645e-06 3.22217e-07 0)
(-1.56317e-06 3.19808e-07 0)
(-1.54205e-06 3.19925e-07 0)
(-1.51314e-06 3.23211e-07 0)
(-1.47676e-06 3.3024e-07 0)
(-1.43332e-06 3.41483e-07 0)
(-1.38327e-06 3.57297e-07 0)
(-1.3271e-06 3.77826e-07 0)
(-1.26535e-06 4.03045e-07 0)
(-1.19854e-06 4.32694e-07 0)
(-1.1272e-06 4.66282e-07 0)
(-1.0519e-06 5.03031e-07 0)
(-9.73251e-07 5.41867e-07 0)
(-8.91837e-07 5.81396e-07 0)
(-8.08058e-07 6.19951e-07 0)
(-7.22005e-07 6.55568e-07 0)
(-6.34184e-07 6.85938e-07 0)
(-5.46655e-07 7.08314e-07 0)
(-4.61487e-07 7.19599e-07 0)
(-3.77381e-07 7.16053e-07 0)
(-2.90887e-07 6.93659e-07 0)
(-2.07162e-07 6.48512e-07 0)
(-1.3415e-07 5.7414e-07 0)
(-7.98177e-08 4.65633e-07 0)
(-2.84625e-08 3.11783e-07 0)
(-1.66274e-08 1.31796e-07 0)
(-2.58413e-08 -2.53144e-07 0)
(-4.29078e-08 -6.24519e-07 0)
(-1.23303e-07 -9.42418e-07 0)
(-2.24764e-07 -1.17224e-06 0)
(-3.50935e-07 -1.3236e-06 0)
(-4.78804e-07 -1.40366e-06 0)
(-6.06064e-07 -1.41976e-06 0)
(-7.34523e-07 -1.3806e-06 0)
(-8.61885e-07 -1.29615e-06 0)
(-9.851e-07 -1.1759e-06 0)
(-1.10185e-06 -1.02948e-06 0)
(-1.2109e-06 -8.66254e-07 0)
(-1.31186e-06 -6.95226e-07 0)
(-1.40481e-06 -5.24461e-07 0)
(-1.49017e-06 -3.60851e-07 0)
(-1.56858e-06 -2.09801e-07 0)
(-1.64078e-06 -7.51625e-08 0)
(-1.70751e-06 4.07407e-08 0)
(-1.76933e-06 1.36978e-07 0)
(-1.82667e-06 2.13779e-07 0)
(-1.87969e-06 2.72274e-07 0)
(-1.92825e-06 3.14241e-07 0)
(-1.97205e-06 3.41928e-07 0)
(-2.01063e-06 3.5772e-07 0)
(-2.04342e-06 3.63959e-07 0)
(-2.06981e-06 3.62783e-07 0)
(-2.08908e-06 3.56124e-07 0)
(-2.10059e-06 3.45857e-07 0)
(-2.10386e-06 3.33676e-07 0)
(-2.09862e-06 3.20926e-07 0)
(-2.08462e-06 3.08621e-07 0)
(-2.06158e-06 2.97847e-07 0)
(-2.02941e-06 2.89534e-07 0)
(-1.9882e-06 2.84561e-07 0)
(-1.93822e-06 2.83637e-07 0)
(-1.8798e-06 2.87339e-07 0)
(-1.81341e-06 2.96051e-07 0)
(-1.73954e-06 3.09983e-07 0)
(-1.6587e-06 3.29115e-07 0)
(-1.57141e-06 3.5322e-07 0)
(-1.47823e-06 3.81801e-07 0)
(-1.37977e-06 4.14108e-07 0)
(-1.27669e-06 4.49079e-07 0)
(-1.16968e-06 4.85352e-07 0)
(-1.05922e-06 5.21283e-07 0)
(-9.4558e-07 5.54937e-07 0)
(-8.29484e-07 5.84093e-07 0)
(-7.13344e-07 6.06179e-07 0)
(-5.99815e-07 6.18285e-07 0)
(-4.87672e-07 6.17096e-07 0)
(-3.74548e-07 5.9907e-07 0)
(-2.65691e-07 5.60183e-07 0)
(-1.71119e-07 4.96341e-07 0)
(-9.90231e-08 4.00338e-07 0)
(-3.4233e-08 2.6756e-07 0)
(-1.70763e-08 1.12761e-07 0)
(-2.64418e-08 -2.24023e-07 0)
(-5.20472e-08 -5.5214e-07 0)
(-1.46132e-07 -8.39261e-07 0)
(-2.69304e-07 -1.048e-06 0)
(-4.21992e-07 -1.18529e-06 0)
(-5.79802e-07 -1.25741e-06 0)
(-7.39352e-07 -1.27091e-06 0)
(-9.00883e-07 -1.23337e-06 0)
(-1.06134e-06 -1.15336e-06 0)
(-1.21673e-06 -1.03968e-06 0)
(-1.36406e-06 -9.01299e-07 0)
(-1.50172e-06 -7.47081e-07 0)
(-1.6291e-06 -5.85428e-07 0)
(-1.74606e-06 -4.23918e-07 0)
(-1.85292e-06 -2.69055e-07 0)
(-1.95023e-06 -1.26031e-07 0)
(-2.03873e-06 1.40261e-09 0)
(-2.11915e-06 1.10835e-07 0)
(-2.19214e-06 2.01188e-07 0)
(-2.25821e-06 2.72432e-07 0)
(-2.31768e-06 3.25486e-07 0)
(-2.37058e-06 3.61902e-07 0)
(-2.41675e-06 3.83744e-07 0)
(-2.45596e-06 3.93288e-07 0)
(-2.48793e-06 3.92794e-07 0)
(-2.51224e-06 3.84255e-07 0)
(-2.52823e-06 3.69542e-07 0)
(-2.53521e-06 3.50679e-07 0)
(-2.53284e-06 3.29693e-07 0)
(-2.52111e-06 3.07947e-07 0)
(-2.49976e-06 2.86332e-07 0)
(-2.4684e-06 2.65924e-07 0)
(-2.42685e-06 2.4798e-07 0)
(-2.37523e-06 2.33557e-07 0)
(-2.3138e-06 2.2352e-07 0)
(-2.24291e-06 2.18501e-07 0)
(-2.16298e-06 2.18932e-07 0)
(-2.07449e-06 2.25044e-07 0)
(-1.97795e-06 2.36873e-07 0)
(-1.87385e-06 2.54201e-07 0)
(-1.76277e-06 2.76577e-07 0)
(-1.64533e-06 3.03268e-07 0)
(-1.52227e-06 3.33267e-07 0)
(-1.39431e-06 3.65263e-07 0)
(-1.26206e-06 3.97684e-07 0)
(-1.12589e-06 4.28704e-07 0)
(-9.8675e-07 4.56262e-07 0)
(-8.47333e-07 4.7801e-07 0)
(-7.10668e-07 4.91338e-07 0)
(-5.75858e-07 4.93379e-07 0)
(-4.41171e-07 4.81017e-07 0)
(-3.12134e-07 4.51307e-07 0)
(-2.00293e-07 3.99743e-07 0)
(-1.13672e-07 3.22923e-07 0)
(-4.0342e-08 2.13599e-07 0)
(-1.63749e-08 9.12963e-08 0)
(-2.64439e-08 -1.89914e-07 0)
(-5.82913e-08 -4.7149e-07 0)
(-1.61992e-07 -7.19642e-07 0)
(-3.01085e-07 -9.01746e-07 0)
(-4.73553e-07 -1.02141e-06 0)
(-6.54068e-07 -1.08337e-06 0)
(-8.38121e-07 -1.09297e-06 0)
(-1.02498e-06 -1.05652e-06 0)
(-1.21087e-06 -9.81318e-07 0)
(-1.39114e-06 -8.75195e-07 0)
(-1.56235e-06 -7.46308e-07 0)
(-1.72254e-06 -6.02841e-07 0)
(-1.87075e-06 -4.5251e-07 0)
(-2.00673e-06 -3.02394e-07 0)
(-2.13065e-06 -1.58568e-07 0)
(-2.24295e-06 -2.5943e-08 0)
(-2.34431e-06 9.18357e-08 0)
(-2.43548e-06 1.92394e-07 0)
(-2.51713e-06 2.74518e-07 0)
(-2.58988e-06 3.38039e-07 0)
(-2.65414e-06 3.83594e-07 0)
(-2.71004e-06 4.1257e-07 0)
(-2.75755e-06 4.26817e-07 0)
(-2.79665e-06 4.28605e-07 0)
(-2.82738e-06 4.20097e-07 0)
(-2.84958e-06 4.03087e-07 0)
(-2.86251e-06 3.79099e-07 0)
(-2.86525e-06 3.50448e-07 0)
(-2.85774e-06 3.19807e-07 0)
(-2.84043e-06 2.88457e-07 0)
(-2.81308e-06 2.56705e-07 0)
(-2.77497e-06 2.25775e-07 0)
(-2.72585e-06 1.97306e-07 0)
(-2.66594e-06 1.72599e-07 0)
(-2.59553e-06 1.5258e-07 0)
(-2.51499e-06 1.3794e-07 0)
(-2.4247e-06 1.29159e-07 0)
(-2.3251e-06 1.26514e-07 0)
(-2.21667e-06 1.30062e-07 0)
(-2.09989e-06 1.39644e-07 0)
(-1.97531e-06 1.54841e-07 0)
(-1.84359e-06 1.74978e-07 0)
(-1.70549e-06 1.99111e-07 0)
(-1.5618e-06 2.2602e-07 0)
(-1.41317e-06 2.54242e-07 0)
(-1.26008e-06 2.82115e-07 0)
(-1.10362e-06 3.07763e-07 0)
(-9.46733e-07 3.29145e-07 0)
(-7.92736e-07 3.4401e-07 0)
(-6.41081e-07 3.49943e-07 0)
(-4.89983e-07 3.44606e-07 0)
(-3.46375e-07 3.25412e-07 0)
(-2.21076e-07 2.90106e-07 0)
(-1.24736e-07 2.33588e-07 0)
(-4.70306e-08 1.55243e-07 0)
(-1.56768e-08 6.64222e-08 0)
(-2.60465e-08 -1.52529e-07 0)
(-6.26442e-08 -3.84323e-07 0)
(-1.71869e-07 -5.8873e-07 0)
(-3.21373e-07 -7.40085e-07 0)
(-5.06838e-07 -8.39344e-07 0)
(-7.02622e-07 -8.89323e-07 0)
(-9.03326e-07 -8.93873e-07 0)
(-1.10756e-06 -8.57943e-07 0)
(-1.31103e-06 -7.87592e-07 0)
(-1.50864e-06 -6.89617e-07 0)
(-1.69659e-06 -5.71239e-07 0)
(-1.87263e-06 -4.39765e-07 0)
(-2.03559e-06 -3.02237e-07 0)
(-2.18505e-06 -1.65143e-07 0)
(-2.321e-06 -3.41108e-08 0)
(-2.4438e-06 8.62707e-08 0)
(-2.55406e-06 1.92523e-07 0)
(-2.65247e-06 2.82327e-07 0)
(-2.73977e-06 3.54402e-07 0)
(-2.81665e-06 4.08427e-07 0)
(-2.88361e-06 4.44865e-07 0)
(-2.94087e-06 4.64838e-07 0)
(-2.98841e-06 4.69972e-07 0)
(-3.0263e-06 4.62472e-07 0)
(-3.05513e-06 4.44701e-07 0)
(-3.07523e-06 4.18541e-07 0)
(-3.08547e-06 3.85044e-07 0)
(-3.08411e-06 3.46411e-07 0)
(-3.0717e-06 3.05543e-07 0)
(-3.04986e-06 2.6395e-07 0)
(-3.018e-06 2.214e-07 0)
(-2.97478e-06 1.79245e-07 0)
(-2.92003e-06 1.39711e-07 0)
(-2.85415e-06 1.04218e-07 0)
(-2.77751e-06 7.37149e-08 0)
(-2.69041e-06 4.88902e-08 0)
(-2.59321e-06 3.03153e-08 0)
(-2.48631e-06 1.82912e-08 0)
(-2.37013e-06 1.29365e-08 0)
(-2.24514e-06 1.41232e-08 0)
(-2.11186e-06 2.14902e-08 0)
(-1.97093e-06 3.4417e-08 0)
(-1.82313e-06 5.20474e-08 0)
(-1.66929e-06 7.32782e-08 0)
(-1.5101e-06 9.6805e-08 0)
(-1.34608e-06 1.21146e-07 0)
(-1.17844e-06 1.44678e-07 0)
(-1.01027e-06 1.6566e-07 0)
(-8.45123e-07 1.82266e-07 0)
(-6.82484e-07 1.92655e-07 0)
(-5.21235e-07 1.95078e-07 0)
(-3.67281e-07 1.88169e-07 0)
(-2.35165e-07 1.697e-07 0)
(-1.3169e-07 1.38477e-07 0)
(-5.01478e-08 9.16483e-08 0)
(-1.4283e-08 3.93285e-08 0)
(-2.57386e-08 -1.14016e-07 0)
(-6.40566e-08 -2.93842e-07 0)
(-1.76379e-07 -4.51682e-07 0)
(-3.30811e-07 -5.69549e-07 0)
(-5.22843e-07 -6.46436e-07 0)
(-7.26571e-07 -6.83054e-07 0)
(-9.36127e-07 -6.81626e-07 0)
(-1.14975e-06 -6.45723e-07 0)
(-1.36289e-06 -5.80139e-07 0)
(-1.57013e-06 -4.90573e-07 0)
(-1.76746e-06 -3.83249e-07 0)
(-1.9524e-06 -2.64584e-07 0)
(-2.12365e-06 -1.40874e-07 0)
(-2.28061e-06 -1.79462e-08 0)
(-2.42315e-06 9.90472e-08 0)
(-2.55152e-06 2.0586e-07 0)
(-2.66624e-06 2.99242e-07 0)
(-2.76799e-06 3.76948e-07 0)
(-2.85754e-06 4.37667e-07 0)
(-2.93563e-06 4.80966e-07 0)
(-3.00286e-06 5.07176e-07 0)
(-3.0597e-06 5.17245e-07 0)
(-3.10601e-06 5.12887e-07 0)
(-3.14153e-06 4.96785e-07 0)
(-3.16728e-06 4.70976e-07 0)
(-3.18428e-06 4.35225e-07 0)
(-3.19147e-06 3.88111e-07 0)
(-3.18679e-06 3.34389e-07 0)
(-3.17104e-06 2.8367e-07 0)
(-3.14596e-06 2.34489e-07 0)
(-3.11055e-06 1.81661e-07 0)
(-3.06357e-06 1.28108e-07 0)
(-3.00516e-06 7.74343e-08 0)
(-2.93583e-06 3.11009e-08 0)
(-2.8559e-06 -1.00093e-08 0)
(-2.76557e-06 -4.51414e-08 0)
(-2.66511e-06 -7.37313e-08 0)
(-2.55492e-06 -9.53733e-08 0)
(-2.43536e-06 -1.09921e-07 0)
(-2.30686e-06 -1.17434e-07 0)
(-2.16991e-06 -1.18228e-07 0)
(-2.02512e-06 -1.12849e-07 0)
(-1.87326e-06 -1.02066e-07 0)
(-1.71513e-06 -8.68394e-08 0)
(-1.55143e-06 -6.83148e-08 0)
(-1.38273e-06 -4.7757e-08 0)
(-1.21027e-06 -2.65133e-08 0)
(-1.03726e-06 -5.98302e-09 0)
(-8.67296e-07 1.24683e-08 0)
(-7.001e-07 2.75774e-08 0)
(-5.33893e-07 3.84128e-08 0)
(-3.76651e-07 4.4156e-08 0)
(-2.39671e-07 4.47181e-08 0)
(-1.35034e-07 3.79168e-08 0)
(-5.16792e-08 2.59265e-08 0)
(-1.48877e-08 1.11831e-08 0)
(-2.59053e-08 -7.55055e-08 0)
(-6.33132e-08 -2.02473e-07 0)
(-1.75671e-07 -3.12794e-07 0)
(-3.30026e-07 -3.96123e-07 0)
(-5.22471e-07 -4.49682e-07 0)
(-7.27043e-07 -4.72164e-07 0)
(-9.37847e-07 -4.64168e-07 0)
(-1.15304e-06 -4.279e-07 0)
(-1.36798e-06 -3.66907e-07 0)
(-1.57717e-06 -2.85754e-07 0)
(-1.77645e-06 -1.89666e-07 0)
(-1.96325e-06 -8.41614e-08 0)
(-2.13612e-06 2.52425e-08 0)
(-2.29438e-06 1.33358e-07 0)
(-2.43779e-06 2.35572e-07 0)
(-2.56651e-06 3.28007e-07 0)
(-2.68097e-06 4.07652e-07 0)
(-2.78187e-06 4.72365e-07 0)
(-2.86995e-06 5.20852e-07 0)
(-2.94596e-06 5.52613e-07 0)
(-3.01057e-06 5.67823e-07 0)
(-3.06435e-06 5.6699e-07 0)
(-3.1075e-06 5.50157e-07 0)
(-3.14049e-06 5.20768e-07 0)
(-3.16376e-06 4.84943e-07 0)
(-3.17671e-06 4.42405e-07 0)
(-3.17931e-06 3.8859e-07 0)
(-3.17233e-06 3.2694e-07 0)
(-3.15507e-06 2.67041e-07 0)
(-3.12654e-06 2.07062e-07 0)
(-3.08754e-06 1.41721e-07 0)
(-3.0385e-06 7.53542e-08 0)
(-2.97901e-06 1.32242e-08 0)
(-2.90913e-06 -4.38011e-08 0)
(-2.82904e-06 -9.52952e-08 0)
(-2.7389e-06 -1.40561e-07 0)
(-2.63899e-06 -1.78997e-07 0)
(-2.52963e-06 -2.10162e-07 0)
(-2.41117e-06 -2.33844e-07 0)
(-2.28398e-06 -2.50051e-07 0)
(-2.14852e-06 -2.59016e-07 0)
(-2.00535e-06 -2.61214e-07 0)
(-1.85516e-06 -2.57322e-07 0)
(-1.69874e-06 -2.48174e-07 0)
(-1.53676e-06 -2.34743e-07 0)
(-1.36974e-06 -2.18073e-07 0)
(-1.19896e-06 -1.99224e-07 0)
(-1.0276e-06 -1.79211e-07 0)
(-8.59294e-07 -1.58936e-07 0)
(-6.93485e-07 -1.39029e-07 0)
(-5.29119e-07 -1.19797e-07 0)
(-3.71877e-07 -1.00877e-07 0)
(-2.38363e-07 -8.23594e-08 0)
(-1.33893e-07 -6.27649e-08 0)
(-4.91677e-08 -4.15591e-08 0)
(-1.42535e-08 -1.62696e-08 0)
(-2.67449e-08 -3.78147e-08 0)
(-5.97423e-08 -1.12327e-07 0)
(-1.7037e-07 -1.75957e-07 0)
(-3.19577e-07 -2.25332e-07 0)
(-5.06567e-07 -2.55703e-07 0)
(-7.05219e-07 -2.63953e-07 0)
(-9.09969e-07 -2.49181e-07 0)
(-1.11917e-06 -2.12305e-07 0)
(-1.32829e-06 -1.55665e-07 0)
(-1.53188e-06 -8.27363e-08 0)
(-1.72579e-06 2.24905e-09 0)
(-1.90741e-06 9.46479e-08 0)
(-2.07526e-06 1.89717e-07 0)
(-2.22859e-06 2.829e-07 0)
(-2.36708e-06 3.70102e-07 0)
(-2.49082e-06 4.47848e-07 0)
(-2.60022e-06 5.13374e-07 0)
(-2.69593e-06 5.64677e-07 0)
(-2.77871e-06 6.0052e-07 0)
(-2.84928e-06 6.20387e-07 0)
(-2.90837e-06 6.24392e-07 0)
(-2.95664e-06 6.13168e-07 0)
(-2.99487e-06 5.87928e-07 0)
(-3.02381e-06 5.51339e-07 0)
(-3.0431e-06 5.05089e-07 0)
(-3.05174e-06 4.49108e-07 0)
(-3.05036e-06 3.83905e-07 0)
(-3.04047e-06 3.12773e-07 0)
(-3.02135e-06 2.40326e-07 0)
(-2.99129e-06 1.67882e-07 0)
(-2.95088e-06 9.42814e-08 0)
(-2.90141e-06 2.04266e-08 0)
(-2.84287e-06 -5.08482e-08 0)
(-2.77494e-06 -1.17663e-07 0)
(-2.69764e-06 -1.78915e-07 0)
(-2.61107e-06 -2.33765e-07 0)
(-2.51545e-06 -2.81534e-07 0)
(-2.41106e-06 -3.21767e-07 0)
(-2.29819e-06 -3.54186e-07 0)
(-2.17714e-06 -3.78736e-07 0)
(-2.0483e-06 -3.95589e-07 0)
(-1.91218e-06 -4.05123e-07 0)
(-1.76941e-06 -4.07913e-07 0)
(-1.62069e-06 -4.04693e-07 0)
(-1.46662e-06 -3.96262e-07 0)
(-1.30765e-06 -3.83432e-07 0)
(-1.14498e-06 -3.6697e-07 0)
(-9.81737e-07 -3.47532e-07 0)
(-8.21396e-07 -3.25544e-07 0)
(-6.63494e-07 -3.01091e-07 0)
(-5.05791e-07 -2.73669e-07 0)
(-3.56684e-07 -2.42438e-07 0)
(-2.27041e-07 -2.05556e-07 0)
(-1.29034e-07 -1.62043e-07 0)
(-4.97866e-08 -1.06771e-07 0)
(-1.40164e-08 -4.30315e-08 0)
(-2.73698e-08 -2.2821e-09 0)
(-5.49314e-08 -2.58223e-08 0)
(-1.60439e-07 -4.53204e-08 0)
(-3.00096e-07 -6.27021e-08 0)
(-4.76013e-07 -7.09185e-08 0)
(-6.62327e-07 -6.5426e-08 0)
(-8.54132e-07 -4.40499e-08 0)
(-1.05017e-06 -6.49459e-09 0)
(-1.24619e-06 4.60144e-08 0)
(-1.43696e-06 1.11035e-07 0)
(-1.61842e-06 1.85273e-07 0)
(-1.78805e-06 2.64926e-07 0)
(-1.94439e-06 3.45985e-07 0)
(-2.08667e-06 4.24526e-07 0)
(-2.21454e-06 4.96946e-07 0)
(-2.32805e-06 5.60165e-07 0)
(-2.42759e-06 6.11707e-07 0)
(-2.51381e-06 6.49731e-07 0)
(-2.58745e-06 6.7308e-07 0)
(-2.64929e-06 6.81234e-07 0)
(-2.70016e-06 6.7426e-07 0)
(-2.74082e-06 6.52739e-07 0)
(-2.7721e-06 6.17797e-07 0)
(-2.79445e-06 5.71345e-07 0)
(-2.80762e-06 5.15172e-07 0)
(-2.81139e-06 4.50025e-07 0)
(-2.80645e-06 3.76706e-07 0)
(-2.79367e-06 2.9769e-07 0)
(-2.77266e-06 2.16279e-07 0)
(-2.74245e-06 1.33851e-07 0)
(-2.70311e-06 5.05966e-08 0)
(-2.65545e-06 -3.21222e-08 0)
(-2.59983e-06 -1.12128e-07 0)
(-2.53616e-06 -1.87743e-07 0)
(-2.46443e-06 -2.57738e-07 0)
(-2.38468e-06 -3.21201e-07 0)
(-2.29702e-06 -3.77407e-07 0)
(-2.20166e-06 -4.25861e-07 0)
(-2.09877e-06 -4.66239e-07 0)
(-1.98858e-06 -4.98446e-07 0)
(-1.87141e-06 -5.22583e-07 0)
(-1.74765e-06 -5.38941e-07 0)
(-1.61788e-06 -5.47982e-07 0)
(-1.48269e-06 -5.50329e-07 0)
(-1.34255e-06 -5.46636e-07 0)
(-1.1978e-06 -5.37473e-07 0)
(-1.0495e-06 -5.23326e-07 0)
(-9.00623e-07 -5.04519e-07 0)
(-7.54537e-07 -4.81057e-07 0)
(-6.10161e-07 -4.52453e-07 0)
(-4.66077e-07 -4.17621e-07 0)
(-3.27267e-07 -3.74691e-07 0)
(-2.1088e-07 -3.21632e-07 0)
(-1.19636e-07 -2.54064e-07 0)
(-4.53177e-08 -1.68551e-07 0)
(-1.19436e-08 -6.85749e-08 0)
(-2.83699e-08 2.99671e-08 0)
(-4.8496e-08 5.46028e-08 0)
(-1.46493e-07 7.4966e-08 0)
(-2.71939e-07 8.65797e-08 0)
(-4.31453e-07 9.87158e-08 0)
(-5.99581e-07 1.16884e-07 0)
(-7.72121e-07 1.44341e-07 0)
(-9.48369e-07 1.82451e-07 0)
(-1.12453e-06 2.30998e-07 0)
(-1.29569e-06 2.88487e-07 0)
(-1.45806e-06 3.52493e-07 0)
(-1.60925e-06 4.19997e-07 0)
(-1.74789e-06 4.87688e-07 0)
(-1.87326e-06 5.52232e-07 0)
(-1.98502e-06 6.10485e-07 0)
(-2.08323e-06 6.59779e-07 0)
(-2.16823e-06 6.97937e-07 0)
(-2.24071e-06 7.23322e-07 0)
(-2.30142e-06 7.34846e-07 0)
(-2.35119e-06 7.32013e-07 0)
(-2.39091e-06 7.14882e-07 0)
(-2.42141e-06 6.84002e-07 0)
(-2.44346e-06 6.40368e-07 0)
(-2.45752e-06 5.85477e-07 0)
(-2.46368e-06 5.20743e-07 0)
(-2.46206e-06 4.47233e-07 0)
(-2.4532e-06 3.66215e-07 0)
(-2.43763e-06 2.79811e-07 0)
(-2.41519e-06 1.90449e-07 0)
(-2.38544e-06 9.97697e-08 0)
(-2.34839e-06 8.75073e-09 0)
(-2.30452e-06 -8.12483e-08 0)
(-2.25412e-06 -1.68489e-07 0)
(-2.19726e-06 -2.51378e-07 0)
(-2.13394e-06 -3.28671e-07 0)
(-2.06419e-06 -3.99362e-07 0)
(-1.98803e-06 -4.62727e-07 0)
(-1.90557e-06 -5.18191e-07 0)
(-1.81689e-06 -5.65433e-07 0)
(-1.72211e-06 -6.0429e-07 0)
(-1.62141e-06 -6.34816e-07 0)
(-1.51512e-06 -6.57199e-07 0)
(-1.40366e-06 -6.71818e-07 0)
(-1.28754e-06 -6.7916e-07 0)
(-1.16704e-06 -6.79786e-07 0)
(-1.04233e-06 -6.74002e-07 0)
(-9.14318e-07 -6.6205e-07 0)
(-7.85792e-07 -6.43955e-07 0)
(-6.59731e-07 -6.19353e-07 0)
(-5.35026e-07 -5.87231e-07 0)
(-4.08627e-07 -5.45869e-07 0)
(-2.88646e-07 -4.92956e-07 0)
(-1.8414e-07 -4.24761e-07 0)
(-1.06542e-07 -3.37411e-07 0)
(-4.21899e-08 -2.23403e-07 0)
(-1.20032e-08 -9.21828e-08 0)
(-2.90747e-08 5.926e-08 0)
(-4.19587e-08 1.27649e-07 0)
(-1.27791e-07 1.81548e-07 0)
(-2.35191e-07 2.18079e-07 0)
(-3.73628e-07 2.47999e-07 0)
(-5.18336e-07 2.77211e-07 0)
(-6.65923e-07 3.09826e-07 0)
(-8.16399e-07 3.48127e-07 0)
(-9.66552e-07 3.92791e-07 0)
(-1.11195e-06 4.4316e-07 0)
(-1.24913e-06 4.97579e-07 0)
(-1.37592e-06 5.53749e-07 0)
(-1.49112e-06 6.09e-07 0)
(-1.59411e-06 6.60528e-07 0)
(-1.68462e-06 7.05586e-07 0)
(-1.76281e-06 7.41961e-07 0)
(-1.82875e-06 7.67749e-07 0)
(-1.88346e-06 7.81493e-07 0)
(-1.92756e-06 7.82258e-07 0)
(-1.96199e-06 7.69558e-07 0)
(-1.98768e-06 7.43467e-07 0)
(-2.00553e-06 7.04454e-07 0)
(-2.01633e-06 6.53356e-07 0)
(-2.02061e-06 5.91361e-07 0)
(-2.0187e-06 5.19704e-07 0)
(-2.01091e-06 4.396e-07 0)
(-1.99771e-06 3.52459e-07 0)
(-1.97944e-06 2.60164e-07 0)
(-1.95614e-06 1.64732e-07 0)
(-1.92763e-06 6.78582e-08 0)
(-1.894e-06 -2.91045e-08 0)
(-1.85552e-06 -1.24728e-07 0)
(-1.81239e-06 -2.17462e-07 0)
(-1.76472e-06 -3.05835e-07 0)
(-1.71254e-06 -3.88635e-07 0)
(-1.65582e-06 -4.64858e-07 0)
(-1.59453e-06 -5.33765e-07 0)
(-1.52864e-06 -5.94759e-07 0)
(-1.45814e-06 -6.47492e-07 0)
(-1.38301e-06 -6.91746e-07 0)
(-1.30331e-06 -7.27529e-07 0)
(-1.2192e-06 -7.54937e-07 0)
(-1.13101e-06 -7.74231e-07 0)
(-1.03904e-06 -7.85823e-07 0)
(-9.43457e-07 -7.90205e-07 0)
(-8.44198e-07 -7.87423e-07 0)
(-7.41942e-07 -7.7749e-07 0)
(-6.39228e-07 -7.60254e-07 0)
(-5.3872e-07 -7.34966e-07 0)
(-4.38451e-07 -7.00153e-07 0)
(-3.36304e-07 -6.53666e-07 0)
(-2.35958e-07 -5.92458e-07 0)
(-1.53759e-07 -5.12731e-07 0)
(-8.9396e-08 -4.07666e-07 0)
(-3.24478e-08 -2.71124e-07 0)
(-1.08747e-08 -1.12192e-07 0)
(-3.04479e-08 8.59196e-08 0)
(-3.31741e-08 1.88871e-07 0)
(-1.03571e-07 2.70788e-07 0)
(-1.90193e-07 3.28147e-07 0)
(-3.03458e-07 3.72533e-07 0)
(-4.20212e-07 4.10496e-07 0)
(-5.37874e-07 4.46953e-07 0)
(-6.57293e-07 4.84851e-07 0)
(-7.76001e-07 5.25618e-07 0)
(-8.90158e-07 5.69275e-07 0)
(-9.96705e-07 6.14852e-07 0)
(-1.09377e-06 6.60646e-07 0)
(-1.18035e-06 7.04578e-07 0)
(-1.256e-06 7.44323e-07 0)
(-1.32042e-06 7.77492e-07 0)
(-1.37457e-06 8.01861e-07 0)
(-1.41714e-06 8.16571e-07 0)
(-1.4505e-06 8.20417e-07 0)
(-1.47442e-06 8.11917e-07 0)
(-1.49039e-06 7.90842e-07 0)
(-1.49932e-06 7.57359e-07 0)
(-1.50219e-06 7.11826e-07 0)
(-1.49982e-06 6.54955e-07 0)
(-1.49288e-06 5.87686e-07 0)
(-1.48183e-06 5.11145e-07 0)
(-1.46712e-06 4.26512e-07 0)
(-1.44915e-06 3.35236e-07 0)
(-1.42826e-06 2.39011e-07 0)
(-1.40454e-06 1.3968e-07 0)
(-1.37801e-06 3.89412e-08 0)
(-1.34882e-06 -6.1704e-08 0)
(-1.31716e-06 -1.60811e-07 0)
(-1.28315e-06 -2.56911e-07 0)
(-1.24689e-06 -3.4866e-07 0)
(-1.20837e-06 -4.3487e-07 0)
(-1.16752e-06 -5.14635e-07 0)
(-1.12421e-06 -5.87172e-07 0)
(-1.07829e-06 -6.51951e-07 0)
(-1.02961e-06 -7.08528e-07 0)
(-9.7802e-07 -7.56704e-07 0)
(-9.23412e-07 -7.96366e-07 0)
(-8.65795e-07 -8.27614e-07 0)
(-8.05381e-07 -8.50532e-07 0)
(-7.42021e-07 -8.65309e-07 0)
(-6.76018e-07 -8.72687e-07 0)
(-6.07121e-07 -8.72512e-07 0)
(-5.35524e-07 -8.64487e-07 0)
(-4.63566e-07 -8.48351e-07 0)
(-3.93326e-07 -8.22987e-07 0)
(-3.22737e-07 -7.86645e-07 0)
(-2.47815e-07 -7.36712e-07 0)
(-1.75801e-07 -6.69867e-07 0)
(-1.12858e-07 -5.81148e-07 0)
(-6.9106e-08 -4.64364e-07 0)
(-2.67308e-08 -3.09474e-07 0)
(-1.2115e-08 -1.28147e-07 0)
(-3.11863e-08 1.07992e-07 0)
(-2.15442e-08 2.35098e-07 0)
(-7.51365e-08 3.39892e-07 0)
(-1.38408e-07 4.13572e-07 0)
(-2.22798e-07 4.68451e-07 0)
(-3.07347e-07 5.12468e-07 0)
(-3.90615e-07 5.51113e-07 0)
(-4.74429e-07 5.87832e-07 0)
(-5.57046e-07 6.24574e-07 0)
(-6.35273e-07 6.61924e-07 0)
(-7.06541e-07 6.9943e-07 0)
(-7.69322e-07 7.35883e-07 0)
(-8.22835e-07 7.69701e-07 0)
(-8.66723e-07 7.98965e-07 0)
(-9.00408e-07 8.22032e-07 0)
(-9.25689e-07 8.37379e-07 0)
(-9.42649e-07 8.42699e-07 0)
(-9.51391e-07 8.37019e-07 0)
(-9.51772e-07 8.20669e-07 0)
(-9.46509e-07 7.93066e-07 0)
(-9.36204e-07 7.54119e-07 0)
(-9.21947e-07 7.04021e-07 0)
(-9.04656e-07 6.43454e-07 0)
(-8.85097e-07 5.73076e-07 0)
(-8.63882e-07 4.93988e-07 0)
(-8.41515e-07 4.07167e-07 0)
(-8.18404e-07 3.14132e-07 0)
(-7.9487e-07 2.16307e-07 0)
(-7.7107e-07 1.15605e-07 0)
(-7.47161e-07 1.35281e-08 0)
(-7.23356e-07 -8.82011e-08 0)
(-6.9981e-07 -1.88327e-07 0)
(-6.76583e-07 -2.85272e-07 0)
(-6.53691e-07 -3.78005e-07 0)
(-6.31127e-07 -4.65194e-07 0)
(-6.08717e-07 -5.46229e-07 0)
(-5.86212e-07 -6.20145e-07 0)
(-5.63311e-07 -6.86681e-07 0)
(-5.39695e-07 -7.45121e-07 0)
(-5.15051e-07 -7.95477e-07 0)
(-4.89144e-07 -8.37338e-07 0)
(-4.61837e-07 -8.71017e-07 0)
(-4.33336e-07 -8.96373e-07 0)
(-4.02831e-07 -9.13829e-07 0)
(-3.69847e-07 -9.23415e-07 0)
(-3.35611e-07 -9.25251e-07 0)
(-2.98745e-07 -9.18575e-07 0)
(-2.61868e-07 -9.03571e-07 0)
(-2.26318e-07 -8.7875e-07 0)
(-1.8898e-07 -8.42188e-07 0)
(-1.46933e-07 -7.90801e-07 0)
(-1.02391e-07 -7.21251e-07 0)
(-6.98132e-08 -6.28294e-07 0)
(-4.52076e-08 -5.04005e-07 0)
(-1.56844e-08 -3.37112e-07 0)
(-1.09487e-08 -1.40654e-07 0)
(-3.07674e-08 1.23142e-07 0)
(-7.91586e-09 2.66707e-07 0)
(-4.42637e-08 3.87088e-07 0)
(-8.10907e-08 4.7099e-07 0)
(-1.33168e-07 5.31877e-07 0)
(-1.81851e-07 5.79121e-07 0)
(-2.27082e-07 6.18261e-07 0)
(-2.71564e-07 6.52988e-07 0)
(-3.14298e-07 6.85564e-07 0)
(-3.52774e-07 7.17027e-07 0)
(-3.84992e-07 7.473e-07 0)
(-4.0982e-07 7.75609e-07 0)
(-4.2686e-07 8.00766e-07 0)
(-4.35687e-07 8.21224e-07 0)
(-4.36961e-07 8.35297e-07 0)
(-4.29384e-07 8.42389e-07 0)
(-4.14569e-07 8.40365e-07 0)
(-3.94517e-07 8.28189e-07 0)
(-3.70392e-07 8.06147e-07 0)
(-3.41645e-07 7.73989e-07 0)
(-3.10033e-07 7.31598e-07 0)
(-2.76751e-07 6.79172e-07 0)
(-2.42925e-07 6.17192e-07 0)
(-2.09445e-07 5.46193e-07 0)
(-1.77065e-07 4.67082e-07 0)
(-1.46333e-07 3.80752e-07 0)
(-1.17698e-07 2.88575e-07 0)
(-9.14486e-08 1.91898e-07 0)
(-6.78212e-08 9.25419e-08 0)
(-4.70556e-08 -8.02644e-09 0)
(-2.94434e-08 -1.08085e-07 0)
(-1.51192e-08 -2.06396e-07 0)
(-4.1183e-09 -3.01535e-07 0)
(3.64568e-09 -3.92444e-07 0)
(8.25457e-09 -4.78057e-07 0)
(9.98434e-09 -5.57626e-07 0)
(9.2239e-09 -6.30556e-07 0)
(6.47246e-09 -6.96341e-07 0)
(2.24983e-09 -7.54611e-07 0)
(-2.96692e-09 -8.04976e-07 0)
(-8.74507e-09 -8.47346e-07 0)
(-1.47714e-08 -8.81674e-07 0)
(-2.08504e-08 -9.08175e-07 0)
(-2.66028e-08 -9.26972e-07 0)
(-3.11966e-08 -9.37695e-07 0)
(-3.50272e-08 -9.40544e-07 0)
(-3.69977e-08 -9.35502e-07 0)
(-3.82504e-08 -9.21647e-07 0)
(-4.04392e-08 -8.98068e-07 0)
(-4.0175e-08 -8.62372e-07 0)
(-3.27585e-08 -8.11814e-07 0)
(-2.4204e-08 -7.42569e-07 0)
(-1.72281e-08 -6.49761e-07 0)
(-1.74355e-08 -5.22708e-07 0)
(-7.96942e-09 -3.51726e-07 0)
(-1.01152e-08 -1.49413e-07 0)
(-2.89296e-08 1.30705e-07 0)
(5.98463e-09 2.81393e-07 0)
(-1.0157e-08 4.07763e-07 0)
(-1.88297e-08 4.95483e-07 0)
(-3.59391e-08 5.58279e-07 0)
(-4.56798e-08 6.06234e-07 0)
(-5.00965e-08 6.44506e-07 0)
(-5.25609e-08 6.76752e-07 0)
(-5.26334e-08 7.05241e-07 0)
(-4.84651e-08 7.31496e-07 0)
(-3.86628e-08 7.55511e-07 0)
(-2.25922e-08 7.77084e-07 0)
(-2.41691e-11 7.94843e-07 0)
(2.98627e-08 8.08141e-07 0)
(6.56326e-08 8.15168e-07 0)
(1.06848e-07 8.15266e-07 0)
(1.5268e-07 8.07557e-07 0)
(2.03442e-07 7.92047e-07 0)
(2.56396e-07 7.66529e-07 0)
(3.11163e-07 7.32291e-07 0)
(3.66276e-07 6.88442e-07 0)
(4.20404e-07 6.36484e-07 0)
(4.72277e-07 5.75299e-07 0)
(5.20913e-07 5.06828e-07 0)
(5.65443e-07 4.30067e-07 0)
(6.05244e-07 3.47602e-07 0)
(6.39836e-07 2.5869e-07 0)
(6.68931e-07 1.66665e-07 0)
(6.92232e-07 7.10484e-08 0)
(7.09417e-07 -2.45048e-08 0)
(7.20151e-07 -1.2066e-07 0)
(7.24234e-07 -2.13867e-07 0)
(7.21799e-07 -3.05056e-07 0)
(7.12955e-07 -3.90843e-07 0)
(6.9796e-07 -4.72586e-07 0)
(6.77115e-07 -5.47411e-07 0)
(6.51034e-07 -6.17148e-07 0)
(6.20394e-07 -6.79208e-07 0)
(5.86006e-07 -7.35335e-07 0)
(5.48544e-07 -7.83027e-07 0)
(5.08564e-07 -8.24258e-07 0)
(4.66593e-07 -8.57065e-07 0)
(4.23091e-07 -8.83338e-07 0)
(3.7853e-07 -9.01289e-07 0)
(3.33574e-07 -9.12399e-07 0)
(2.89901e-07 -9.15406e-07 0)
(2.4685e-07 -9.11779e-07 0)
(2.04284e-07 -8.98986e-07 0)
(1.61377e-07 -8.77045e-07 0)
(1.22292e-07 -8.4292e-07 0)
(9.06608e-08 -7.94583e-07 0)
(6.53577e-08 -7.28281e-07 0)
(3.73564e-08 -6.38632e-07 0)
(1.37285e-08 -5.1712e-07 0)
(6.93667e-09 -3.48531e-07 0)
(-6.77784e-09 -1.51615e-07 0)
(-2.72996e-08 1.28453e-07 0)
(2.18111e-08 2.749e-07 0)
(2.65749e-08 3.97186e-07 0)
(4.87141e-08 4.81855e-07 0)
(6.87859e-08 5.43028e-07 0)
(9.98502e-08 5.89514e-07 0)
(1.37851e-07 6.25958e-07 0)
(1.78924e-07 6.55298e-07 0)
(2.23206e-07 6.80293e-07 0)
(2.71843e-07 7.01875e-07 0)
(3.25704e-07 7.21049e-07 0)
(3.84894e-07 7.36794e-07 0)
(4.49548e-07 7.49168e-07 0)
(5.19265e-07 7.56453e-07 0)
(5.93237e-07 7.59338e-07 0)
(6.70879e-07 7.55016e-07 0)
(7.51392e-07 7.44429e-07 0)
(8.33884e-07 7.25343e-07 0)
(9.17057e-07 6.99459e-07 0)
(9.99475e-07 6.6447e-07 0)
(1.07979e-06 6.23141e-07 0)
(1.15622e-06 5.73041e-07 0)
(1.22756e-06 5.17182e-07 0)
(1.29245e-06 4.52683e-07 0)
(1.35014e-06 3.83282e-07 0)
(1.39968e-06 3.06146e-07 0)
(1.44076e-06 2.25879e-07 0)
(1.47285e-06 1.39876e-07 0)
(1.4957e-06 5.34667e-08 0)
(1.50879e-06 -3.60588e-08 0)
(1.51188e-06 -1.23162e-07 0)
(1.50487e-06 -2.1076e-07 0)
(1.48801e-06 -2.92948e-07 0)
(1.46152e-06 -3.73006e-07 0)
(1.42562e-06 -4.45503e-07 0)
(1.38077e-06 -5.14766e-07 0)
(1.32769e-06 -5.76044e-07 0)
(1.2675e-06 -6.33731e-07 0)
(1.2012e-06 -6.82736e-07 0)
(1.12966e-06 -7.27141e-07 0)
(1.05344e-06 -7.62771e-07 0)
(9.73587e-07 -7.93867e-07 0)
(8.90671e-07 -8.1639e-07 0)
(8.05524e-07 -8.33998e-07 0)
(7.18949e-07 -8.43133e-07 0)
(6.32678e-07 -8.47114e-07 0)
(5.46981e-07 -8.42614e-07 0)
(4.6168e-07 -8.3176e-07 0)
(3.76626e-07 -8.10558e-07 0)
(2.9635e-07 -7.7918e-07 0)
(2.25412e-07 -7.33554e-07 0)
(1.59944e-07 -6.72527e-07 0)
(1.00195e-07 -5.91918e-07 0)
(4.78748e-08 -4.80075e-07 0)
(1.9739e-08 -3.26807e-07 0)
(-4.095e-09 -1.45471e-07 0)
(-2.69293e-08 1.17225e-07 0)
(4.04623e-08 2.48498e-07 0)
(6.64035e-08 3.55162e-07 0)
(1.21559e-07 4.29479e-07 0)
(1.80648e-07 4.84394e-07 0)
(2.53337e-07 5.26354e-07 0)
(3.34064e-07 5.58595e-07 0)
(4.1919e-07 5.84151e-07 0)
(5.08266e-07 6.0495e-07 0)
(6.02143e-07 6.2255e-07 0)
(7.00748e-07 6.3701e-07 0)
(8.04099e-07 6.48596e-07 0)
(9.11489e-07 6.56311e-07 0)
(1.02267e-06 6.60243e-07 0)
(1.13644e-06 6.59098e-07 0)
(1.25232e-06 6.52967e-07 0)
(1.36876e-06 6.40452e-07 0)
(1.48512e-06 6.22252e-07 0)
(1.5996e-06 5.96905e-07 0)
(1.71124e-06 5.65805e-07 0)
(1.81791e-06 5.27909e-07 0)
(1.91821e-06 4.85215e-07 0)
(2.01004e-06 4.35835e-07 0)
(2.09257e-06 3.81626e-07 0)
(2.16428e-06 3.20773e-07 0)
(2.22465e-06 2.5587e-07 0)
(2.27269e-06 1.85408e-07 0)
(2.30816e-06 1.1269e-07 0)
(2.33019e-06 3.65746e-08 0)
(2.33859e-06 -3.91027e-08 0)
(2.33305e-06 -1.15879e-07 0)
(2.31411e-06 -1.89778e-07 0)
(2.2821e-06 -2.62103e-07 0)
(2.23731e-06 -3.28819e-07 0)
(2.17973e-06 -3.92064e-07 0)
(2.10977e-06 -4.48795e-07 0)
(2.02858e-06 -5.02116e-07 0)
(1.93759e-06 -5.49196e-07 0)
(1.83834e-06 -5.92008e-07 0)
(1.7312e-06 -6.27779e-07 0)
(1.6173e-06 -6.59021e-07 0)
(1.4977e-06 -6.83551e-07 0)
(1.37405e-06 -7.03683e-07 0)
(1.24681e-06 -7.17125e-07 0)
(1.11761e-06 -7.25875e-07 0)
(9.8764e-07 -7.28022e-07 0)
(8.58526e-07 -7.25123e-07 0)
(7.29687e-07 -7.14828e-07 0)
(6.02393e-07 -6.97053e-07 0)
(4.80495e-07 -6.68676e-07 0)
(3.68315e-07 -6.29404e-07 0)
(2.63687e-07 -5.77176e-07 0)
(1.66006e-07 -5.07499e-07 0)
(8.51974e-08 -4.15439e-07 0)
(3.75432e-08 -2.85855e-07 0)
(-2.07615e-09 -1.30679e-07 0)
(-3.07961e-08 9.96663e-08 0)
(5.91144e-08 2.06728e-07 0)
(1.07671e-07 2.92037e-07 0)
(1.98331e-07 3.49228e-07 0)
(2.97021e-07 3.93439e-07 0)
(4.10591e-07 4.27148e-07 0)
(5.33724e-07 4.52351e-07 0)
(6.62556e-07 4.7168e-07 0)
(7.96575e-07 4.87132e-07 0)
(9.35555e-07 4.99916e-07 0)
(1.07933e-06 5.10068e-07 0)
(1.22695e-06 5.17726e-07 0)
(1.378e-06 5.22204e-07 0)
(1.53133e-06 5.23555e-07 0)
(1.68632e-06 5.2088e-07 0)
(1.84133e-06 5.14319e-07 0)
(1.99541e-06 5.02871e-07 0)
(2.14666e-06 4.87077e-07 0)
(2.29402e-06 4.65789e-07 0)
(2.43557e-06 4.40054e-07 0)
(2.57015e-06 4.09452e-07 0)
(2.6952e-06 3.75709e-07 0)
(2.80922e-06 3.37081e-07 0)
(2.91034e-06 2.94683e-07 0)
(2.99769e-06 2.46991e-07 0)
(3.06972e-06 1.95978e-07 0)
(3.12591e-06 1.40413e-07 0)
(3.16518e-06 8.28076e-08 0)
(3.18697e-06 2.28127e-08 0)
(3.19044e-06 -3.62843e-08 0)
(3.1759e-06 -9.59814e-08 0)
(3.14397e-06 -1.53452e-07 0)
(3.09556e-06 -2.09471e-07 0)
(3.03088e-06 -2.61075e-07 0)
(2.95019e-06 -3.09947e-07 0)
(2.85398e-06 -3.53797e-07 0)
(2.74345e-06 -3.95306e-07 0)
(2.62089e-06 -4.32484e-07 0)
(2.4873e-06 -4.66608e-07 0)
(2.3437e-06 -4.95056e-07 0)
(2.19094e-06 -5.19961e-07 0)
(2.03103e-06 -5.39355e-07 0)
(1.8653e-06 -5.55246e-07 0)
(1.69547e-06 -5.65689e-07 0)
(1.52247e-06 -5.72561e-07 0)
(1.34872e-06 -5.74207e-07 0)
(1.17525e-06 -5.72241e-07 0)
(1.00326e-06 -5.64513e-07 0)
(8.33263e-07 -5.50908e-07 0)
(6.69862e-07 -5.28672e-07 0)
(5.16399e-07 -4.98265e-07 0)
(3.72494e-07 -4.58017e-07 0)
(2.39053e-07 -4.04889e-07 0)
(1.24646e-07 -3.31586e-07 0)
(5.59131e-08 -2.3186e-07 0)
(-8.76988e-09 -1.09576e-07 0)
(-2.1005e-08 6.99553e-08 0)
(8.58454e-08 1.16787e-07 0)
(1.55799e-07 1.76882e-07 0)
(2.78272e-07 2.17706e-07 0)
(4.15607e-07 2.51903e-07 0)
(5.68031e-07 2.75062e-07 0)
(7.31559e-07 2.90258e-07 0)
(9.03242e-07 3.01307e-07 0)
(1.08159e-06 3.10962e-07 0)
(1.26566e-06 3.18994e-07 0)
(1.4543e-06 3.25752e-07 0)
(1.64664e-06 3.30318e-07 0)
(1.84154e-06 3.33178e-07 0)
(2.03808e-06 3.33185e-07 0)
(2.23474e-06 3.31342e-07 0)
(2.43023e-06 3.26209e-07 0)
(2.62266e-06 3.19187e-07 0)
(2.81037e-06 3.08276e-07 0)
(2.99116e-06 2.95118e-07 0)
(3.16364e-06 2.76929e-07 0)
(3.32616e-06 2.5878e-07 0)
(3.47705e-06 2.38526e-07 0)
(3.61397e-06 2.17047e-07 0)
(3.73547e-06 1.90238e-07 0)
(3.83976e-06 1.61788e-07 0)
(3.92543e-06 1.27867e-07 0)
(3.991e-06 9.25739e-08 0)
(4.03592e-06 5.21616e-08 0)
(4.05802e-06 1.30535e-08 0)
(4.05677e-06 -2.68464e-08 0)
(4.03231e-06 -6.46884e-08 0)
(3.98633e-06 -1.04907e-07 0)
(3.91982e-06 -1.39559e-07 0)
(3.83325e-06 -1.72933e-07 0)
(3.72737e-06 -2.00725e-07 0)
(3.60313e-06 -2.27922e-07 0)
(3.46245e-06 -2.50965e-07 0)
(3.3072e-06 -2.75593e-07 0)
(3.13863e-06 -2.9493e-07 0)
(2.95741e-06 -3.13384e-07 0)
(2.7653e-06 -3.26989e-07 0)
(2.56434e-06 -3.40432e-07 0)
(2.3568e-06 -3.49127e-07 0)
(2.1439e-06 -3.56553e-07 0)
(1.92759e-06 -3.59004e-07 0)
(1.70969e-06 -3.60001e-07 0)
(1.49256e-06 -3.57482e-07 0)
(1.27725e-06 -3.55063e-07 0)
(1.06542e-06 -3.4861e-07 0)
(8.60502e-07 -3.36304e-07 0)
(6.66568e-07 -3.12362e-07 0)
(4.85588e-07 -2.78836e-07 0)
(3.20314e-07 -2.4133e-07 0)
(1.78291e-07 -2.03533e-07 0)
(8.73545e-08 -1.46529e-07 0)
(-5.20406e-09 -7.72275e-08 0)
(1.14469e-08 2.5137e-08 0)
(8.12977e-08 8.03744e-08 0)
(2.00076e-07 1.04973e-07 0)
(3.45472e-07 1.13428e-07 0)
(5.15558e-07 1.2317e-07 0)
(7.07588e-07 1.32801e-07 0)
(9.13528e-07 1.39842e-07 0)
(1.12774e-06 1.44111e-07 0)
(1.34822e-06 1.46818e-07 0)
(1.57436e-06 1.48787e-07 0)
(1.80547e-06 1.5038e-07 0)
(2.04037e-06 1.51396e-07 0)
(2.2777e-06 1.51921e-07 0)
(2.51593e-06 1.51708e-07 0)
(2.75358e-06 1.50613e-07 0)
(2.98872e-06 1.48112e-07 0)
(3.2194e-06 1.44337e-07 0)
(3.44361e-06 1.39134e-07 0)
(3.65935e-06 1.32539e-07 0)
(3.86318e-06 1.22799e-07 0)
(4.05266e-06 1.1056e-07 0)
(4.22773e-06 9.90007e-08 0)
(4.38767e-06 8.80835e-08 0)
(4.53008e-06 7.56335e-08 0)
(4.6526e-06 6.15776e-08 0)
(4.75237e-06 4.6036e-08 0)
(4.82714e-06 2.9322e-08 0)
(4.87573e-06 1.33584e-08 0)
(4.89617e-06 1.81825e-09 0)
(4.89054e-06 -8.56049e-09 0)
(4.85983e-06 -2.20745e-08 0)
(4.80193e-06 -3.76512e-08 0)
(4.71695e-06 -5.27944e-08 0)
(4.60759e-06 -6.76193e-08 0)
(4.47638e-06 -8.12673e-08 0)
(4.32514e-06 -9.37229e-08 0)
(4.15587e-06 -1.08178e-07 0)
(3.96876e-06 -1.2386e-07 0)
(3.76429e-06 -1.36074e-07 0)
(3.54571e-06 -1.46621e-07 0)
(3.31539e-06 -1.55549e-07 0)
(3.07513e-06 -1.62557e-07 0)
(2.82659e-06 -1.67875e-07 0)
(2.57207e-06 -1.71602e-07 0)
(2.31402e-06 -1.74027e-07 0)
(2.05494e-06 -1.75405e-07 0)
(1.79619e-06 -1.75732e-07 0)
(1.53827e-06 -1.73674e-07 0)
(1.28275e-06 -1.67998e-07 0)
(1.03521e-06 -1.59834e-07 0)
(8.02706e-07 -1.54175e-07 0)
(5.88496e-07 -1.51975e-07 0)
(3.93753e-07 -1.40675e-07 0)
(2.23106e-07 -1.13029e-07 0)
(9.54266e-08 -7.28575e-08 0)
(1.61262e-08 -2.81524e-08 0)
)
;

boundaryField
{
    top
    {
        type            slip;
    }
    bottom
    {
        type            slip;
    }
    rotatingWall
    {
        type            rotatingWallVelocity;
        origin          (0 0 0);
        axis            (0 1 0);
        omega           constant 1140;
        value           uniform (0 0 0);
    }
    wall
    {
        type            rotatingWallVelocity;
        origin          (0 0 0);
        axis            (0 1 0);
        omega           constant 0;
        value           uniform (0 -0 -0);
    }
    frontAndBack
    {
        type            empty;
    }
}


// ************************************************************************* //
