/*--------------------------------*- C++ -*----------------------------------*\
| =========                 |                                                 |
| \\      /  F ield         | OpenFOAM: The Open Source CFD Toolbox           |
|  \\    /   O peration     | Version:  5.0                                   |
|   \\  /    A nd           | Web:      www.OpenFOAM.org                      |
|    \\/     M anipulation  |                                                 |
\*---------------------------------------------------------------------------*/
FoamFile
{
    version     2.0;
    format      ascii;
    class       volVectorField;
    location    "199";
    object      U;
}
// * * * * * * * * * * * * * * * * * * * * * * * * * * * * * * * * * * * * * //

dimensions      [0 1 -1 0 0 0 0];

internalField   nonuniform List<vector> 
1568
(
(-3.02289e-13 -5.21631e-13 0)
(-7.33818e-14 1.15351e-13 0)
(3.69657e-12 -3.36372e-12 0)
(9.44099e-12 -3.11761e-12 0)
(1.40186e-11 -2.36302e-12 0)
(1.97604e-11 -3.56827e-12 0)
(2.68399e-11 -3.76871e-12 0)
(3.39176e-11 -3.75226e-12 0)
(4.12704e-11 -3.99115e-12 0)
(4.90227e-11 -4.12708e-12 0)
(5.68796e-11 -4.14641e-12 0)
(6.47279e-11 -4.13053e-12 0)
(7.25395e-11 -4.07237e-12 0)
(8.02236e-11 -3.9758e-12 0)
(8.76886e-11 -3.85683e-12 0)
(9.48742e-11 -3.69779e-12 0)
(1.0171e-10 -3.50464e-12 0)
(1.08144e-10 -3.29404e-12 0)
(1.14124e-10 -3.05065e-12 0)
(1.19602e-10 -2.78109e-12 0)
(1.24532e-10 -2.48253e-12 0)
(1.28895e-10 -2.18321e-12 0)
(1.32659e-10 -1.83728e-12 0)
(1.35749e-10 -1.3858e-12 0)
(1.38192e-10 -9.40843e-13 0)
(1.40011e-10 -5.93603e-13 0)
(1.41168e-10 -2.43905e-13 0)
(1.41608e-10 -1.51617e-14 0)
(1.41308e-10 2.25044e-13 0)
(1.40292e-10 4.88815e-13 0)
(1.38611e-10 8.43132e-13 0)
(1.36317e-10 1.2347e-12 0)
(1.33409e-10 1.69567e-12 0)
(1.29879e-10 2.02658e-12 0)
(1.25768e-10 2.34982e-12 0)
(1.21121e-10 2.60637e-12 0)
(1.15957e-10 2.88797e-12 0)
(1.10307e-10 3.10966e-12 0)
(1.04237e-10 3.34006e-12 0)
(9.77668e-11 3.51894e-12 0)
(9.0951e-11 3.6838e-12 0)
(8.3863e-11 3.78957e-12 0)
(7.65658e-11 3.88939e-12 0)
(6.91111e-11 3.94521e-12 0)
(6.15833e-11 3.9743e-12 0)
(5.40623e-11 3.94442e-12 0)
(4.66322e-11 3.88705e-12 0)
(3.93673e-11 3.76947e-12 0)
(3.23621e-11 3.61067e-12 0)
(2.57242e-11 3.38374e-12 0)
(1.95279e-11 3.11762e-12 0)
(1.38847e-11 2.80393e-12 0)
(9.12736e-12 2.32901e-12 0)
(4.91967e-12 2.12993e-12 0)
(1.83501e-12 1.21944e-12 0)
(2.74088e-13 5.08814e-13 0)
(1.17313e-12 -2.48662e-12 0)
(6.49501e-13 -4.90761e-12 0)
(4.84099e-12 -6.04441e-12 0)
(7.04573e-12 -6.96571e-12 0)
(1.28443e-11 -8.85289e-12 0)
(1.84206e-11 -9.66928e-12 0)
(2.44445e-11 -1.0351e-11 0)
(3.12178e-11 -1.09662e-11 0)
(3.81519e-11 -1.1402e-11 0)
(4.52852e-11 -1.16649e-11 0)
(5.25584e-11 -1.176e-11 0)
(5.99139e-11 -1.1751e-11 0)
(6.72026e-11 -1.16243e-11 0)
(7.43444e-11 -1.13688e-11 0)
(8.13041e-11 -1.09893e-11 0)
(8.79909e-11 -1.05261e-11 0)
(9.43579e-11 -9.95988e-12 0)
(1.00354e-10 -9.31418e-12 0)
(1.05929e-10 -8.58536e-12 0)
(1.11034e-10 -7.80708e-12 0)
(1.15636e-10 -6.95988e-12 0)
(1.19693e-10 -6.07266e-12 0)
(1.23194e-10 -5.13382e-12 0)
(1.26108e-10 -4.19748e-12 0)
(1.28443e-10 -3.27783e-12 0)
(1.30153e-10 -2.31991e-12 0)
(1.31227e-10 -1.26014e-12 0)
(1.31616e-10 -1.39898e-13 0)
(1.31361e-10 1.00879e-12 0)
(1.30443e-10 2.09537e-12 0)
(1.28881e-10 3.09527e-12 0)
(1.26725e-10 3.99754e-12 0)
(1.24032e-10 4.9068e-12 0)
(1.20793e-10 5.77633e-12 0)
(1.16993e-10 6.63159e-12 0)
(1.12663e-10 7.42607e-12 0)
(1.07856e-10 8.17634e-12 0)
(1.02614e-10 8.84075e-12 0)
(9.69445e-11 9.44931e-12 0)
(9.09292e-11 9.97051e-12 0)
(8.45972e-11 1.04215e-11 0)
(7.7975e-11 1.07719e-11 0)
(7.1144e-11 1.10459e-11 0)
(6.41956e-11 1.11966e-11 0)
(5.71723e-11 1.12527e-11 0)
(5.01593e-11 1.11889e-11 0)
(4.32145e-11 1.10085e-11 0)
(3.64379e-11 1.06934e-11 0)
(2.99203e-11 1.02408e-11 0)
(2.37184e-11 9.63058e-12 0)
(1.79447e-11 8.90705e-12 0)
(1.27512e-11 7.87222e-12 0)
(8.08954e-12 6.73241e-12 0)
(4.5276e-12 5.32219e-12 0)
(1.82667e-12 3.54387e-12 0)
(1.1762e-13 1.51609e-12 0)
(-1.73235e-13 -3.35835e-12 0)
(6.73538e-13 -5.90834e-12 0)
(3.15651e-12 -1.03415e-11 0)
(7.65741e-12 -1.21719e-11 0)
(1.12444e-11 -1.40697e-11 0)
(1.64334e-11 -1.5907e-11 0)
(2.24098e-11 -1.69487e-11 0)
(2.84811e-11 -1.78984e-11 0)
(3.48053e-11 -1.86264e-11 0)
(4.15152e-11 -1.90498e-11 0)
(4.83033e-11 -1.92106e-11 0)
(5.50482e-11 -1.9173e-11 0)
(6.17869e-11 -1.89459e-11 0)
(6.84317e-11 -1.85243e-11 0)
(7.48698e-11 -1.79382e-11 0)
(8.10693e-11 -1.71841e-11 0)
(8.69802e-11 -1.62777e-11 0)
(9.25447e-11 -1.52373e-11 0)
(9.77134e-11 -1.40696e-11 0)
(1.02454e-10 -1.27915e-11 0)
(1.06728e-10 -1.14121e-11 0)
(1.10508e-10 -9.95291e-12 0)
(1.13763e-10 -8.41852e-12 0)
(1.16485e-10 -6.84983e-12 0)
(1.18636e-10 -5.24998e-12 0)
(1.20196e-10 -3.62658e-12 0)
(1.21163e-10 -1.9316e-12 0)
(1.2154e-10 -2.19116e-13 0)
(1.21318e-10 1.52441e-12 0)
(1.2051e-10 3.2151e-12 0)
(1.19136e-10 4.89046e-12 0)
(1.17195e-10 6.48358e-12 0)
(1.14693e-10 8.05903e-12 0)
(1.11663e-10 9.52783e-12 0)
(1.08136e-10 1.09424e-11 0)
(1.04136e-10 1.22259e-11 0)
(9.96813e-11 1.34457e-11 0)
(9.48068e-11 1.45198e-11 0)
(8.95687e-11 1.54932e-11 0)
(8.3977e-11 1.63187e-11 0)
(7.80832e-11 1.70232e-11 0)
(7.19602e-11 1.75732e-11 0)
(6.56473e-11 1.80015e-11 0)
(5.91891e-11 1.82611e-11 0)
(5.26743e-11 1.83638e-11 0)
(4.6156e-11 1.82735e-11 0)
(3.97146e-11 1.79879e-11 0)
(3.3415e-11 1.74736e-11 0)
(2.73462e-11 1.67472e-11 0)
(2.16474e-11 1.57405e-11 0)
(1.62386e-11 1.44735e-11 0)
(1.14074e-11 1.29574e-11 0)
(7.4245e-12 1.09666e-11 0)
(3.80658e-12 8.61364e-12 0)
(1.36203e-12 5.74432e-12 0)
(3.21856e-14 2.32082e-12 0)
(-4.75077e-13 -3.01184e-12 0)
(1.52373e-12 -9.21698e-12 0)
(3.25264e-12 -1.2333e-11 0)
(6.26547e-12 -1.6304e-11 0)
(1.0283e-11 -1.89749e-11 0)
(1.49489e-11 -2.09516e-11 0)
(2.02688e-11 -2.25894e-11 0)
(2.57703e-11 -2.39666e-11 0)
(3.16427e-11 -2.48902e-11 0)
(3.77817e-11 -2.54238e-11 0)
(4.39811e-11 -2.57003e-11 0)
(5.02187e-11 -2.56657e-11 0)
(5.64235e-11 -2.53511e-11 0)
(6.25047e-11 -2.47956e-11 0)
(6.84363e-11 -2.40071e-11 0)
(7.4152e-11 -2.29873e-11 0)
(7.95906e-11 -2.17803e-11 0)
(8.47179e-11 -2.03785e-11 0)
(8.94937e-11 -1.88225e-11 0)
(9.38703e-11 -1.71095e-11 0)
(9.78167e-11 -1.5276e-11 0)
(1.01303e-10 -1.33189e-11 0)
(1.04308e-10 -1.12871e-11 0)
(1.06808e-10 -9.17039e-12 0)
(1.08782e-10 -7.02884e-12 0)
(1.10214e-10 -4.81503e-12 0)
(1.11103e-10 -2.57126e-12 0)
(1.11457e-10 -2.79445e-13 0)
(1.11288e-10 1.99223e-12 0)
(1.10597e-10 4.26457e-12 0)
(1.09358e-10 6.46405e-12 0)
(1.07575e-10 8.61768e-12 0)
(1.05282e-10 1.0671e-11 0)
(1.02498e-10 1.266e-11 0)
(9.92351e-11 1.452e-11 0)
(9.55306e-11 1.6283e-11 0)
(9.1424e-11 1.78834e-11 0)
(8.69297e-11 1.93691e-11 0)
(8.20802e-11 2.06722e-11 0)
(7.69332e-11 2.18158e-11 0)
(7.15256e-11 2.27685e-11 0)
(6.58831e-11 2.35568e-11 0)
(6.00661e-11 2.41231e-11 0)
(5.41356e-11 2.45006e-11 0)
(4.81366e-11 2.46308e-11 0)
(4.21333e-11 2.45224e-11 0)
(3.61805e-11 2.41357e-11 0)
(3.03912e-11 2.34605e-11 0)
(2.48183e-11 2.24575e-11 0)
(1.9522e-11 2.11342e-11 0)
(1.46972e-11 1.94147e-11 0)
(1.02585e-11 1.72996e-11 0)
(6.28626e-12 1.46487e-11 0)
(3.44742e-12 1.14967e-11 0)
(1.30567e-12 7.53668e-12 0)
(6.77035e-14 2.98896e-12 0)
(3.4522e-13 -3.76731e-12 0)
(8.39443e-13 -1.00046e-11 0)
(3.0413e-12 -1.53844e-11 0)
(5.75132e-12 -1.93502e-11 0)
(9.25628e-12 -2.27746e-11 0)
(1.34889e-11 -2.53501e-11 0)
(1.81737e-11 -2.74992e-11 0)
(2.31193e-11 -2.91796e-11 0)
(2.8483e-11 -3.03172e-11 0)
(3.40755e-11 -3.10356e-11 0)
(3.97097e-11 -3.13764e-11 0)
(4.53699e-11 -3.13533e-11 0)
(5.10067e-11 -3.09934e-11 0)
(5.65642e-11 -3.03136e-11 0)
(6.19758e-11 -2.93267e-11 0)
(6.7182e-11 -2.80866e-11 0)
(7.215e-11 -2.65884e-11 0)
(7.68332e-11 -2.48738e-11 0)
(8.11837e-11 -2.29548e-11 0)
(8.518e-11 -2.08739e-11 0)
(8.87879e-11 -1.86292e-11 0)
(9.19749e-11 -1.62625e-11 0)
(9.47192e-11 -1.37761e-11 0)
(9.69983e-11 -1.12125e-11 0)
(9.87962e-11 -8.56337e-12 0)
(1.00106e-10 -5.86881e-12 0)
(1.00923e-10 -3.1131e-12 0)
(1.01257e-10 -3.43054e-13 0)
(1.01111e-10 2.43223e-12 0)
(1.00486e-10 5.15287e-12 0)
(9.938e-11 7.81443e-12 0)
(9.77772e-11 1.03919e-11 0)
(9.56868e-11 1.28931e-11 0)
(9.31403e-11 1.52817e-11 0)
(9.0169e-11 1.75603e-11 0)
(8.67953e-11 1.97049e-11 0)
(8.30459e-11 2.17048e-11 0)
(7.89482e-11 2.35209e-11 0)
(7.45267e-11 2.5165e-11 0)
(6.98212e-11 2.66003e-11 0)
(6.48802e-11 2.78206e-11 0)
(5.97438e-11 2.87955e-11 0)
(5.44507e-11 2.95373e-11 0)
(4.90372e-11 2.99945e-11 0)
(4.356e-11 3.01684e-11 0)
(3.80854e-11 3.00257e-11 0)
(3.26696e-11 2.95531e-11 0)
(2.73743e-11 2.87205e-11 0)
(2.23042e-11 2.75075e-11 0)
(1.75638e-11 2.58519e-11 0)
(1.30718e-11 2.37187e-11 0)
(9.06343e-12 2.10931e-11 0)
(5.86696e-12 1.78831e-11 0)
(2.86839e-12 1.38956e-11 0)
(9.54185e-13 9.10723e-12 0)
(-2.69353e-14 3.52837e-12 0)
(1.59014e-14 -4.49487e-12 0)
(8.83987e-13 -1.12969e-11 0)
(2.62785e-12 -1.73908e-11 0)
(5.18087e-12 -2.2291e-11 0)
(8.29793e-12 -2.62949e-11 0)
(1.20304e-11 -2.94807e-11 0)
(1.61169e-11 -3.21147e-11 0)
(2.05648e-11 -3.40799e-11 0)
(2.53887e-11 -3.54189e-11 0)
(3.03678e-11 -3.63002e-11 0)
(3.54079e-11 -3.67329e-11 0)
(4.05056e-11 -3.67213e-11 0)
(4.55926e-11 -3.62939e-11 0)
(5.05996e-11 -3.54912e-11 0)
(5.54719e-11 -3.43515e-11 0)
(6.01684e-11 -3.28914e-11 0)
(6.46476e-11 -3.11403e-11 0)
(6.88658e-11 -2.9134e-11 0)
(7.27881e-11 -2.68966e-11 0)
(7.63868e-11 -2.44499e-11 0)
(7.96365e-11 -2.18296e-11 0)
(8.25075e-11 -1.90554e-11 0)
(8.49801e-11 -1.61521e-11 0)
(8.70393e-11 -1.314e-11 0)
(8.86649e-11 -1.00417e-11 0)
(8.9849e-11 -6.87399e-12 0)
(9.05959e-11 -3.66224e-12 0)
(9.09036e-11 -4.25562e-13 0)
(9.0775e-11 2.79725e-12 0)
(9.02122e-11 5.98398e-12 0)
(8.92097e-11 9.09592e-12 0)
(8.77675e-11 1.21176e-11 0)
(8.58994e-11 1.5038e-11 0)
(8.36206e-11 1.78494e-11 0)
(8.09543e-11 2.05251e-11 0)
(7.79213e-11 2.30464e-11 0)
(7.45415e-11 2.53899e-11 0)
(7.08461e-11 2.75349e-11 0)
(6.68637e-11 2.94616e-11 0)
(6.26276e-11 3.11582e-11 0)
(5.81746e-11 3.25993e-11 0)
(5.35422e-11 3.37647e-11 0)
(4.8763e-11 3.46277e-11 0)
(4.38805e-11 3.51695e-11 0)
(3.89513e-11 3.53703e-11 0)
(3.40197e-11 3.52077e-11 0)
(2.91392e-11 3.46455e-11 0)
(2.44131e-11 3.36586e-11 0)
(1.98614e-11 3.2222e-11 0)
(1.55314e-11 3.0264e-11 0)
(1.16715e-11 2.77368e-11 0)
(8.15012e-12 2.4625e-11 0)
(4.88788e-12 2.07763e-11 0)
(2.64564e-12 1.60939e-11 0)
(1.04146e-12 1.05656e-11 0)
(3.92725e-14 3.99313e-12 0)
(-1.09066e-13 -4.68247e-12 0)
(9.22302e-13 -1.25209e-11 0)
(2.37261e-12 -1.91734e-11 0)
(4.57985e-12 -2.48234e-11 0)
(7.30811e-12 -2.94574e-11 0)
(1.05035e-11 -3.32263e-11 0)
(1.40779e-11 -3.6233e-11 0)
(1.80563e-11 -3.84673e-11 0)
(2.23062e-11 -4.00509e-11 0)
(2.66717e-11 -4.10944e-11 0)
(3.11323e-11 -4.15871e-11 0)
(3.56574e-11 -4.15685e-11 0)
(4.01675e-11 -4.10912e-11 0)
(4.46035e-11 -4.01942e-11 0)
(4.89301e-11 -3.89083e-11 0)
(5.3104e-11 -3.72625e-11 0)
(5.70804e-11 -3.52933e-11 0)
(6.08249e-11 -3.30292e-11 0)
(6.431e-11 -3.05016e-11 0)
(6.7508e-11 -2.77373e-11 0)
(7.03917e-11 -2.47688e-11 0)
(7.29434e-11 -2.16237e-11 0)
(7.51434e-11 -1.83272e-11 0)
(7.69725e-11 -1.4908e-11 0)
(7.84186e-11 -1.13946e-11 0)
(7.94749e-11 -7.8053e-12 0)
(8.01408e-11 -4.16915e-12 0)
(8.04187e-11 -5.14943e-13 0)
(8.03117e-11 3.12872e-12 0)
(7.98166e-11 6.72914e-12 0)
(7.89299e-11 1.02602e-11 0)
(7.76551e-11 1.36997e-11 0)
(7.60023e-11 1.70253e-11 0)
(7.39837e-11 2.02166e-11 0)
(7.16161e-11 2.32544e-11 0)
(6.8922e-11 2.61105e-11 0)
(6.59209e-11 2.87675e-11 0)
(6.26382e-11 3.12053e-11 0)
(5.91015e-11 3.33995e-11 0)
(5.53385e-11 3.5327e-11 0)
(5.13832e-11 3.69646e-11 0)
(4.72675e-11 3.82883e-11 0)
(4.30254e-11 3.92726e-11 0)
(3.86937e-11 3.98952e-11 0)
(3.43198e-11 4.01263e-11 0)
(2.99482e-11 3.99369e-11 0)
(2.56288e-11 3.92952e-11 0)
(2.14319e-11 3.81649e-11 0)
(1.74146e-11 3.64985e-11 0)
(1.36603e-11 3.42629e-11 0)
(1.01487e-11 3.13839e-11 0)
(7.01888e-12 2.77659e-11 0)
(4.53004e-12 2.33993e-11 0)
(2.22307e-12 1.81327e-11 0)
(6.90988e-13 1.17263e-11 0)
(3.96223e-14 4.4548e-12 0)
(1.37742e-14 -4.98128e-12 0)
(8.00955e-13 -1.34789e-11 0)
(2.04399e-12 -2.0806e-11 0)
(3.88058e-12 -2.70553e-11 0)
(6.22712e-12 -3.2235e-11 0)
(9.01106e-12 -3.64282e-11 0)
(1.21287e-11 -3.9717e-11 0)
(1.55666e-11 -4.22191e-11 0)
(1.9218e-11 -4.40327e-11 0)
(2.29968e-11 -4.51994e-11 0)
(2.68831e-11 -4.5754e-11 0)
(3.08151e-11 -4.57499e-11 0)
(3.47314e-11 -4.52366e-11 0)
(3.85911e-11 -4.42551e-11 0)
(4.23566e-11 -4.28411e-11 0)
(4.59881e-11 -4.10345e-11 0)
(4.94519e-11 -3.88701e-11 0)
(5.27158e-11 -3.63792e-11 0)
(5.57528e-11 -3.35961e-11 0)
(5.85398e-11 -3.05554e-11 0)
(6.1055e-11 -2.72867e-11 0)
(6.32802e-11 -2.38193e-11 0)
(6.51978e-11 -2.01902e-11 0)
(6.67914e-11 -1.6425e-11 0)
(6.80532e-11 -1.25535e-11 0)
(6.89774e-11 -8.60331e-12 0)
(6.95613e-11 -4.6039e-12 0)
(6.98064e-11 -5.84364e-13 0)
(6.97123e-11 3.42163e-12 0)
(6.9281e-11 7.38101e-12 0)
(6.85124e-11 1.12656e-11 0)
(6.74041e-11 1.50506e-11 0)
(6.59659e-11 1.8713e-11 0)
(6.42117e-11 2.22272e-11 0)
(6.21527e-11 2.55706e-11 0)
(5.98069e-11 2.8722e-11 0)
(5.71972e-11 3.16544e-11 0)
(5.43421e-11 3.43461e-11 0)
(5.12614e-11 3.67698e-11 0)
(4.79834e-11 3.89014e-11 0)
(4.45374e-11 4.07131e-11 0)
(4.09525e-11 4.2179e-11 0)
(3.72566e-11 4.327e-11 0)
(3.34827e-11 4.39556e-11 0)
(2.96754e-11 4.42067e-11 0)
(2.58721e-11 4.39916e-11 0)
(2.21149e-11 4.32727e-11 0)
(1.84889e-11 4.20091e-11 0)
(1.50156e-11 4.01604e-11 0)
(1.17166e-11 3.76593e-11 0)
(8.78072e-12 3.44393e-11 0)
(6.14599e-12 3.04807e-11 0)
(3.68557e-12 2.56067e-11 0)
(1.94085e-12 1.96995e-11 0)
(7.57628e-13 1.28294e-11 0)
(-5.95857e-16 4.80677e-12 0)
(1.97117e-15 -5.37721e-12 0)
(6.60416e-13 -1.44245e-11 0)
(1.69661e-12 -2.23505e-11 0)
(3.21884e-12 -2.90597e-11 0)
(5.22281e-12 -3.46206e-11 0)
(7.59222e-12 -3.91404e-11 0)
(1.02086e-11 -4.27333e-11 0)
(1.30831e-11 -4.54949e-11 0)
(1.61626e-11 -4.74876e-11 0)
(1.9358e-11 -4.8755e-11 0)
(2.2642e-11 -4.93699e-11 0)
(2.59749e-11 -4.93833e-11 0)
(2.92963e-11 -4.88399e-11 0)
(3.2568e-11 -4.77857e-11 0)
(3.57627e-11 -4.62649e-11 0)
(3.88453e-11 -4.43156e-11 0)
(4.1786e-11 -4.19784e-11 0)
(4.45578e-11 -3.92901e-11 0)
(4.71359e-11 -3.6287e-11 0)
(4.95026e-11 -3.30018e-11 0)
(5.16411e-11 -2.94723e-11 0)
(5.35303e-11 -2.5731e-11 0)
(5.51575e-11 -2.18115e-11 0)
(5.65132e-11 -1.77456e-11 0)
(5.75858e-11 -1.35655e-11 0)
(5.83711e-11 -9.30324e-12 0)
(5.8869e-11 -4.98943e-12 0)
(5.90794e-11 -6.55555e-13 0)
(5.90008e-11 3.66599e-12 0)
(5.86338e-11 7.94422e-12 0)
(5.7979e-11 1.21438e-11 0)
(5.70403e-11 1.6236e-11 0)
(5.58222e-11 2.01967e-11 0)
(5.43324e-11 2.39981e-11 0)
(5.25876e-11 2.76146e-11 0)
(5.06007e-11 3.10217e-11 0)
(4.83853e-11 3.41932e-11 0)
(4.59609e-11 3.70987e-11 0)
(4.33468e-11 3.97149e-11 0)
(4.05642e-11 4.20147e-11 0)
(3.76384e-11 4.39693e-11 0)
(3.4594e-11 4.55484e-11 0)
(3.14543e-11 4.67213e-11 0)
(2.82501e-11 4.74564e-11 0)
(2.50218e-11 4.77215e-11 0)
(2.18008e-11 4.74802e-11 0)
(1.86234e-11 4.66927e-11 0)
(1.55544e-11 4.53154e-11 0)
(1.26224e-11 4.32908e-11 0)
(9.88353e-12 4.05639e-11 0)
(7.36614e-12 3.70785e-11 0)
(5.10162e-12 3.2704e-11 0)
(3.25476e-12 2.74299e-11 0)
(1.61898e-12 2.11674e-11 0)
(5.24651e-13 1.36202e-11 0)
(3.38512e-15 5.1097e-12 0)
(-4.97352e-14 -5.66903e-12 0)
(5.44138e-13 -1.51901e-11 0)
(1.36152e-12 -2.35688e-11 0)
(2.61732e-12 -3.0652e-11 0)
(4.25895e-12 -3.65663e-11 0)
(6.17534e-12 -4.14006e-11 0)
(8.28012e-12 -4.52708e-11 0)
(1.06169e-11 -4.82383e-11 0)
(1.31361e-11 -5.03659e-11 0)
(1.57468e-11 -5.17335e-11 0)
(1.84273e-11 -5.24053e-11 0)
(2.11497e-11 -5.2427e-11 0)
(2.38666e-11 -5.18597e-11 0)
(2.65444e-11 -5.07478e-11 0)
(2.91601e-11 -4.91379e-11 0)
(3.16847e-11 -4.70725e-11 0)
(3.40925e-11 -4.45934e-11 0)
(3.63624e-11 -4.17418e-11 0)
(3.84774e-11 -3.85546e-11 0)
(4.04183e-11 -3.50683e-11 0)
(4.21686e-11 -3.13201e-11 0)
(4.37183e-11 -2.73491e-11 0)
(4.5054e-11 -2.31861e-11 0)
(4.61635e-11 -1.88695e-11 0)
(4.70413e-11 -1.44313e-11 0)
(4.7685e-11 -9.90402e-12 0)
(4.8094e-11 -5.32009e-12 0)
(4.82685e-11 -7.14569e-13 0)
(4.8208e-11 3.87696e-12 0)
(4.79097e-11 8.42091e-12 0)
(4.73725e-11 1.28837e-11 0)
(4.6601e-11 1.72365e-11 0)
(4.56015e-11 2.14475e-11 0)
(4.43818e-11 2.54909e-11 0)
(4.29513e-11 2.93384e-11 0)
(4.13219e-11 3.29601e-11 0)
(3.95057e-11 3.63286e-11 0)
(3.75181e-11 3.94173e-11 0)
(3.53759e-11 4.2197e-11 0)
(3.30959e-11 4.46396e-11 0)
(3.06981e-11 4.6714e-11 0)
(2.82031e-11 4.83886e-11 0)
(2.56315e-11 4.96318e-11 0)
(2.30085e-11 5.04098e-11 0)
(2.0368e-11 5.06863e-11 0)
(1.7735e-11 5.04228e-11 0)
(1.51409e-11 4.95746e-11 0)
(1.26488e-11 4.80941e-11 0)
(1.02656e-11 4.59287e-11 0)
(8.01235e-12 4.3004e-11 0)
(6.00096e-12 3.92517e-11 0)
(4.21493e-12 3.46413e-11 0)
(2.56911e-12 2.90009e-11 0)
(1.31882e-12 2.2233e-11 0)
(5.01666e-13 1.44087e-11 0)
(4.26267e-16 5.3509e-12 0)
(-4.4625e-14 -5.85869e-12 0)
(4.38602e-13 -1.57737e-11 0)
(1.06364e-12 -2.44897e-11 0)
(2.01347e-12 -3.19015e-11 0)
(3.27845e-12 -3.81126e-11 0)
(4.75937e-12 -4.32027e-11 0)
(6.3722e-12 -4.72701e-11 0)
(8.18799e-12 -5.03879e-11 0)
(1.01425e-11 -5.26309e-11 0)
(1.21524e-11 -5.40801e-11 0)
(1.423e-11 -5.47985e-11 0)
(1.63425e-11 -5.48361e-11 0)
(1.8447e-11 -5.42487e-11 0)
(2.05233e-11 -5.30927e-11 0)
(2.2553e-11 -5.14131e-11 0)
(2.45133e-11 -4.92577e-11 0)
(2.63823e-11 -4.66665e-11 0)
(2.81448e-11 -4.36847e-11 0)
(2.97865e-11 -4.03496e-11 0)
(3.12952e-11 -3.67058e-11 0)
(3.26561e-11 -3.27857e-11 0)
(3.38591e-11 -2.86316e-11 0)
(3.48953e-11 -2.42786e-11 0)
(3.57573e-11 -1.97631e-11 0)
(3.64414e-11 -1.51171e-11 0)
(3.6945e-11 -1.03779e-11 0)
(3.72663e-11 -5.57822e-12 0)
(3.74022e-11 -7.57704e-13 0)
(3.73521e-11 4.04786e-12 0)
(3.71165e-11 8.80073e-12 0)
(3.66977e-11 1.34699e-11 0)
(3.60981e-11 1.80225e-11 0)
(3.53205e-11 2.24304e-11 0)
(3.43715e-11 2.66624e-11 0)
(3.32589e-11 3.06895e-11 0)
(3.19911e-11 3.44827e-11 0)
(3.05793e-11 3.80102e-11 0)
(2.90355e-11 4.12454e-11 0)
(2.73712e-11 4.41576e-11 0)
(2.55996e-11 4.67153e-11 0)
(2.37364e-11 4.8887e-11 0)
(2.17991e-11 5.06403e-11 0)
(1.9803e-11 5.19415e-11 0)
(1.77671e-11 5.27533e-11 0)
(1.57211e-11 5.30374e-11 0)
(1.36831e-11 5.27542e-11 0)
(1.16771e-11 5.18582e-11 0)
(9.75513e-12 5.02933e-11 0)
(7.9147e-12 4.80009e-11 0)
(6.19253e-12 4.49299e-11 0)
(4.65817e-12 4.09979e-11 0)
(3.23707e-12 3.61023e-11 0)
(2.0239e-12 3.02104e-11 0)
(1.05095e-12 2.32412e-11 0)
(3.4933e-13 1.4911e-11 0)
(1.03565e-14 5.56753e-12 0)
(-4.45475e-14 -6.01136e-12 0)
(3.30201e-13 -1.62163e-11 0)
(7.53898e-13 -2.5198e-11 0)
(1.41297e-12 -3.28576e-11 0)
(2.317e-12 -3.92718e-11 0)
(3.36925e-12 -4.45386e-11 0)
(4.4984e-12 -4.87463e-11 0)
(5.78019e-12 -5.19777e-11 0)
(7.16598e-12 -5.43157e-11 0)
(8.58565e-12 -5.58266e-11 0)
(1.00565e-11 -5.65788e-11 0)
(1.15441e-11 -5.66292e-11 0)
(1.30408e-11 -5.60277e-11 0)
(1.45111e-11 -5.48402e-11 0)
(1.59491e-11 -5.31105e-11 0)
(1.73392e-11 -5.08856e-11 0)
(1.86654e-11 -4.8212e-11 0)
(1.99158e-11 -4.51325e-11 0)
(2.10804e-11 -4.169e-11 0)
(2.21501e-11 -3.79233e-11 0)
(2.31155e-11 -3.38772e-11 0)
(2.39686e-11 -2.95858e-11 0)
(2.47053e-11 -2.50904e-11 0)
(2.53193e-11 -2.04245e-11 0)
(2.58066e-11 -1.56253e-11 0)
(2.61657e-11 -1.07263e-11 0)
(2.63944e-11 -5.76766e-12 0)
(2.64897e-11 -7.873e-13 0)
(2.64523e-11 4.1739e-12 0)
(2.62821e-11 9.08125e-12 0)
(2.598e-11 1.39038e-11 0)
(2.55503e-11 1.86084e-11 0)
(2.49966e-11 2.31636e-11 0)
(2.43212e-11 2.75385e-11 0)
(2.35306e-11 3.17006e-11 0)
(2.26289e-11 3.56203e-11 0)
(2.16244e-11 3.92682e-11 0)
(2.05281e-11 4.26122e-11 0)
(1.93456e-11 4.5621e-11 0)
(1.80867e-11 4.8263e-11 0)
(1.67643e-11 5.0506e-11 0)
(1.53907e-11 5.23166e-11 0)
(1.39753e-11 5.36591e-11 0)
(1.25319e-11 5.44942e-11 0)
(1.10832e-11 5.47817e-11 0)
(9.64322e-12 5.44826e-11 0)
(8.22672e-12 5.35445e-11 0)
(6.87605e-12 5.1915e-11 0)
(5.59724e-12 4.95377e-11 0)
(4.38333e-12 4.63388e-11 0)
(3.29059e-12 4.22539e-11 0)
(2.34814e-12 3.72284e-11 0)
(1.48819e-12 3.1117e-11 0)
(7.09674e-13 2.38275e-11 0)
(2.46663e-13 1.53884e-11 0)
(-2.56914e-14 5.68959e-12 0)
(-4.45468e-14 -6.11565e-12 0)
(2.1406e-13 -1.65081e-11 0)
(4.5639e-13 -2.56709e-11 0)
(8.26306e-13 -3.34792e-11 0)
(1.37348e-12 -4.0028e-11 0)
(1.99831e-12 -4.54094e-11 0)
(2.64212e-12 -4.97163e-11 0)
(3.39101e-12 -5.30288e-11 0)
(4.20675e-12 -5.54263e-11 0)
(5.03281e-12 -5.69775e-11 0)
(5.92212e-12 -5.77436e-11 0)
(6.74709e-12 -5.77967e-11 0)
(7.65044e-12 -5.72015e-11 0)
(8.50906e-12 -5.59949e-11 0)
(9.3549e-12 -5.42322e-11 0)
(1.01723e-11 -5.19621e-11 0)
(1.09509e-11 -4.92343e-11 0)
(1.16852e-11 -4.60909e-11 0)
(1.23711e-11 -4.2577e-11 0)
(1.29996e-11 -3.87321e-11 0)
(1.35661e-11 -3.46005e-11 0)
(1.40679e-11 -3.02195e-11 0)
(1.45005e-11 -2.56295e-11 0)
(1.48635e-11 -2.08648e-11 0)
(1.51553e-11 -1.59624e-11 0)
(1.5372e-11 -1.09566e-11 0)
(1.5508e-11 -5.89183e-12 0)
(1.55592e-11 -8.06291e-13 0)
(1.55274e-11 4.25934e-12 0)
(1.54209e-11 9.27041e-12 0)
(1.52413e-11 1.41944e-11 0)
(1.49865e-11 1.90008e-11 0)
(1.46578e-11 2.36547e-11 0)
(1.42563e-11 2.81238e-11 0)
(1.37859e-11 3.23773e-11 0)
(1.32525e-11 3.63802e-11 0)
(1.26594e-11 4.01072e-11 0)
(1.20106e-11 4.35218e-11 0)
(1.13121e-11 4.65935e-11 0)
(1.05695e-11 4.92906e-11 0)
(9.79097e-12 5.15797e-11 0)
(8.98455e-12 5.34261e-11 0)
(8.15417e-12 5.47948e-11 0)
(7.30892e-12 5.56432e-11 0)
(6.45926e-12 5.5926e-11 0)
(5.61083e-12 5.5621e-11 0)
(4.78876e-12 5.46566e-11 0)
(4.01996e-12 5.29815e-11 0)
(3.27488e-12 5.05358e-11 0)
(2.57799e-12 4.7266e-11 0)
(2.01316e-12 4.30975e-11 0)
(1.4201e-12 3.79048e-11 0)
(8.50919e-13 3.16826e-11 0)
(5.05625e-13 2.43285e-11 0)
(1.6399e-13 1.55956e-11 0)
(1.73329e-14 5.78791e-12 0)
(-4.34476e-14 -6.16242e-12 0)
(9.96359e-14 -1.66486e-11 0)
(1.58469e-13 -2.58905e-11 0)
(2.5339e-13 -3.37686e-11 0)
(4.403e-13 -4.03822e-11 0)
(6.36977e-13 -4.58209e-11 0)
(7.9452e-13 -5.01752e-11 0)
(1.01197e-12 -5.3528e-11 0)
(1.25996e-12 -5.59556e-11 0)
(1.48535e-12 -5.75317e-11 0)
(1.75774e-12 -5.83169e-11 0)
(2.00344e-12 -5.83743e-11 0)
(2.28583e-12 -5.7767e-11 0)
(2.52393e-12 -5.65456e-11 0)
(2.77305e-12 -5.47674e-11 0)
(3.01588e-12 -5.24794e-11 0)
(3.24692e-12 -4.97262e-11 0)
(3.46488e-12 -4.65524e-11 0)
(3.66845e-12 -4.3002e-11 0)
(3.85476e-12 -3.91198e-11 0)
(4.02181e-12 -3.49442e-11 0)
(4.16956e-12 -3.05184e-11 0)
(4.30057e-12 -2.58781e-11 0)
(4.41515e-12 -2.10623e-11 0)
(4.51104e-12 -1.61089e-11 0)
(4.58111e-12 -1.10585e-11 0)
(4.61972e-12 -5.94977e-12 0)
(4.62735e-12 -8.21633e-13 0)
(4.60724e-12 4.29168e-12 0)
(4.56558e-12 9.35623e-12 0)
(4.50487e-12 1.43337e-11 0)
(4.42336e-12 1.919e-11 0)
(4.31908e-12 2.3892e-11 0)
(4.19374e-12 2.84072e-11 0)
(4.04633e-12 3.27035e-11 0)
(3.88067e-12 3.67505e-11 0)
(3.69814e-12 4.05129e-11 0)
(3.49828e-12 4.39616e-11 0)
(3.28531e-12 4.70634e-11 0)
(3.05996e-12 4.97862e-11 0)
(2.82558e-12 5.20961e-11 0)
(2.58715e-12 5.39586e-11 0)
(2.34297e-12 5.53371e-11 0)
(2.10469e-12 5.6198e-11 0)
(1.84361e-12 5.65001e-11 0)
(1.58649e-12 5.61681e-11 0)
(1.3656e-12 5.51813e-11 0)
(1.16141e-12 5.34826e-11 0)
(9.85837e-13 5.10092e-11 0)
(8.1467e-13 4.76952e-11 0)
(6.27192e-13 4.34672e-11 0)
(5.16025e-13 3.826e-11 0)
(4.31682e-13 3.19608e-11 0)
(1.3165e-13 2.44641e-11 0)
(-7.67143e-15 1.57655e-11 0)
(-2.34639e-14 5.80937e-12 0)
(-4.36349e-14 -6.16301e-12 0)
(-1.28061e-17 -1.66287e-11 0)
(-1.19086e-13 -2.58679e-11 0)
(-3.14988e-13 -3.37374e-11 0)
(-4.8803e-13 -4.03419e-11 0)
(-7.17135e-13 -4.57755e-11 0)
(-1.04346e-12 -5.01246e-11 0)
(-1.35587e-12 -5.34745e-11 0)
(-1.67156e-12 -5.59007e-11 0)
(-2.01264e-12 -5.74758e-11 0)
(-2.40426e-12 -5.8259e-11 0)
(-2.73906e-12 -5.83197e-11 0)
(-3.12075e-12 -5.77136e-11 0)
(-3.45823e-12 -5.6496e-11 0)
(-3.79858e-12 -5.47206e-11 0)
(-4.12648e-12 -5.24356e-11 0)
(-4.43971e-12 -4.9685e-11 0)
(-4.73554e-12 -4.65136e-11 0)
(-5.01198e-12 -4.29654e-11 0)
(-5.26661e-12 -3.90839e-11 0)
(-5.49762e-12 -3.49078e-11 0)
(-5.70044e-12 -3.04779e-11 0)
(-5.87173e-12 -2.58345e-11 0)
(-6.01125e-12 -2.10205e-11 0)
(-6.12006e-12 -1.60733e-11 0)
(-6.20151e-12 -1.10369e-11 0)
(-6.25878e-12 -5.94257e-12 0)
(-6.29187e-12 -8.25806e-13 0)
(-6.29509e-12 4.281e-12 0)
(-6.26596e-12 9.34007e-12 0)
(-6.20588e-12 1.43173e-11 0)
(-6.11494e-12 1.91731e-11 0)
(-5.99449e-12 2.38751e-11 0)
(-5.84664e-12 2.83893e-11 0)
(-5.67062e-12 3.2683e-11 0)
(-5.46918e-12 3.67265e-11 0)
(-5.2434e-12 4.04859e-11 0)
(-4.99321e-12 4.3931e-11 0)
(-4.72217e-12 4.70297e-11 0)
(-4.43159e-12 4.97481e-11 0)
(-4.12282e-12 5.20553e-11 0)
(-3.79808e-12 5.39147e-11 0)
(-3.46271e-12 5.52899e-11 0)
(-3.13181e-12 5.61468e-11 0)
(-2.76078e-12 5.64463e-11 0)
(-2.38156e-12 5.61106e-11 0)
(-2.03759e-12 5.51208e-11 0)
(-1.66372e-12 5.34196e-11 0)
(-1.31594e-12 5.09427e-11 0)
(-9.89829e-13 4.76347e-11 0)
(-6.0829e-13 4.34139e-11 0)
(-3.78241e-13 3.81761e-11 0)
(-2.96826e-13 3.18992e-11 0)
(-3.78136e-14 2.44743e-11 0)
(-1.91344e-14 1.57008e-11 0)
(1.99112e-14 5.80317e-12 0)
(-6.29441e-14 -6.10118e-12 0)
(-9.05575e-14 -1.64725e-11 0)
(-4.12822e-13 -2.56044e-11 0)
(-8.77386e-13 -3.33797e-11 0)
(-1.41154e-12 -3.99078e-11 0)
(-2.06889e-12 -4.52732e-11 0)
(-2.8796e-12 -4.95658e-11 0)
(-3.72364e-12 -5.28722e-11 0)
(-4.60672e-12 -5.5265e-11 0)
(-5.55119e-12 -5.68118e-11 0)
(-6.54933e-12 -5.75765e-11 0)
(-7.47082e-12 -5.76362e-11 0)
(-8.46044e-12 -5.70464e-11 0)
(-9.41364e-12 -5.58469e-11 0)
(-1.03454e-11 -5.4092e-11 0)
(-1.12436e-11 -5.18309e-11 0)
(-1.21003e-11 -4.91106e-11 0)
(-1.29089e-11 -4.59753e-11 0)
(-1.36629e-11 -4.24686e-11 0)
(-1.43544e-11 -3.86297e-11 0)
(-1.49775e-11 -3.45016e-11 0)
(-1.55294e-11 -3.01217e-11 0)
(-1.60063e-11 -2.55324e-11 0)
(-1.6402e-11 -2.0772e-11 0)
(-1.67175e-11 -1.58841e-11 0)
(-1.69526e-11 -1.09036e-11 0)
(-1.71038e-11 -5.86902e-12 0)
(-1.7172e-11 -8.08843e-13 0)
(-1.71573e-11 4.24129e-12 0)
(-1.7057e-11 9.2462e-12 0)
(-1.68733e-11 1.41664e-11 0)
(-1.66094e-11 1.89685e-11 0)
(-1.62656e-11 2.36146e-11 0)
(-1.58452e-11 2.80775e-11 0)
(-1.535e-11 3.23221e-11 0)
(-1.47828e-11 3.63175e-11 0)
(-1.41485e-11 4.00326e-11 0)
(-1.34517e-11 4.34365e-11 0)
(-1.26984e-11 4.6496e-11 0)
(-1.1893e-11 4.91831e-11 0)
(-1.10417e-11 5.14606e-11 0)
(-1.0153e-11 5.32976e-11 0)
(-9.23609e-12 5.46552e-11 0)
(-8.30153e-12 5.54935e-11 0)
(-7.34517e-12 5.57661e-11 0)
(-6.38055e-12 5.54523e-11 0)
(-5.4399e-12 5.44782e-11 0)
(-4.50762e-12 5.27977e-11 0)
(-3.58801e-12 5.03536e-11 0)
(-2.73222e-12 4.70766e-11 0)
(-2.01709e-12 4.29003e-11 0)
(-1.29784e-12 3.77629e-11 0)
(-6.3705e-13 3.15316e-11 0)
(-4.45742e-13 2.41523e-11 0)
(-2.48666e-13 1.55562e-11 0)
(-1.15547e-14 5.74526e-12 0)
(-3.92215e-14 -5.99163e-12 0)
(-1.9815e-13 -1.61555e-11 0)
(-6.79044e-13 -2.50966e-11 0)
(-1.44486e-12 -3.26988e-11 0)
(-2.3427e-12 -3.90753e-11 0)
(-3.42198e-12 -4.4311e-11 0)
(-4.7171e-12 -4.84972e-11 0)
(-6.0908e-12 -5.17197e-11 0)
(-7.53532e-12 -5.4049e-11 0)
(-9.06922e-12 -5.55556e-11 0)
(-1.06427e-11 -5.63107e-11 0)
(-1.22105e-11 -5.63664e-11 0)
(-1.37915e-11 -5.57748e-11 0)
(-1.53502e-11 -5.45981e-11 0)
(-1.68692e-11 -5.288e-11 0)
(-1.83328e-11 -5.06685e-11 0)
(-1.97298e-11 -4.80073e-11 0)
(-2.1048e-11 -4.49422e-11 0)
(-2.22744e-11 -4.1512e-11 0)
(-2.34006e-11 -3.77598e-11 0)
(-2.44178e-11 -3.37232e-11 0)
(-2.53166e-11 -2.94448e-11 0)
(-2.6091e-11 -2.49589e-11 0)
(-2.67389e-11 -2.03082e-11 0)
(-2.72559e-11 -1.55282e-11 0)
(-2.76388e-11 -1.0656e-11 0)
(-2.78836e-11 -5.72404e-12 0)
(-2.79879e-11 -7.71531e-13 0)
(-2.79537e-11 4.17037e-12 0)
(-2.77841e-11 9.06264e-12 0)
(-2.74815e-11 1.38735e-11 0)
(-2.70477e-11 1.85656e-11 0)
(-2.64819e-11 2.311e-11 0)
(-2.57882e-11 2.74704e-11 0)
(-2.49742e-11 3.16201e-11 0)
(-2.40443e-11 3.5523e-11 0)
(-2.30054e-11 3.91537e-11 0)
(-2.18654e-11 4.24771e-11 0)
(-2.06315e-11 4.54672e-11 0)
(-1.93151e-11 4.80893e-11 0)
(-1.79269e-11 5.03137e-11 0)
(-1.64766e-11 5.21042e-11 0)
(-1.4982e-11 5.34293e-11 0)
(-1.34573e-11 5.42463e-11 0)
(-1.19099e-11 5.45178e-11 0)
(-1.03621e-11 5.42036e-11 0)
(-8.83506e-12 5.32552e-11 0)
(-7.32056e-12 5.1616e-11 0)
(-5.88973e-12 4.92284e-11 0)
(-4.55005e-12 4.60364e-11 0)
(-3.2223e-12 4.19636e-11 0)
(-2.18587e-12 3.69145e-11 0)
(-1.43538e-12 3.0855e-11 0)
(-5.8313e-13 2.36823e-11 0)
(-2.22622e-13 1.52022e-11 0)
(3.275e-14 5.64708e-12 0)
(-6.08558e-14 -5.83301e-12 0)
(-2.97494e-13 -1.56792e-11 0)
(-9.79258e-13 -2.43398e-11 0)
(-2.01488e-12 -3.16839e-11 0)
(-3.27512e-12 -3.7833e-11 0)
(-4.78384e-12 -4.28827e-11 0)
(-6.56339e-12 -4.69139e-11 0)
(-8.46422e-12 -5.00134e-11 0)
(-1.04682e-11 -5.22526e-11 0)
(-1.25854e-11 -5.36989e-11 0)
(-1.47523e-11 -5.44183e-11 0)
(-1.69318e-11 -5.44651e-11 0)
(-1.91142e-11 -5.3891e-11 0)
(-2.12684e-11 -5.27499e-11 0)
(-2.33677e-11 -5.10866e-11 0)
(-2.53912e-11 -4.89469e-11 0)
(-2.73222e-11 -4.63747e-11 0)
(-2.91431e-11 -4.34111e-11 0)
(-3.08384e-11 -4.00965e-11 0)
(-3.23937e-11 -3.6471e-11 0)
(-3.37979e-11 -3.2571e-11 0)
(-3.50403e-11 -2.84356e-11 0)
(-3.61136e-11 -2.41011e-11 0)
(-3.701e-11 -1.96076e-11 0)
(-3.77227e-11 -1.4987e-11 0)
(-3.82466e-11 -1.02782e-11 0)
(-3.858e-11 -5.5111e-12 0)
(-3.87226e-11 -7.24064e-13 0)
(-3.86753e-11 4.05194e-12 0)
(-3.84378e-11 8.77871e-12 0)
(-3.80135e-11 1.3428e-11 0)
(-3.74061e-11 1.79617e-11 0)
(-3.6619e-11 2.2354e-11 0)
(-3.56577e-11 2.65654e-11 0)
(-3.45288e-11 3.05729e-11 0)
(-3.32396e-11 3.43408e-11 0)
(-3.17994e-11 3.78459e-11 0)
(-3.02197e-11 4.10523e-11 0)
(-2.85119e-11 4.39378e-11 0)
(-2.66908e-11 4.64649e-11 0)
(-2.47703e-11 4.86109e-11 0)
(-2.27662e-11 5.03359e-11 0)
(-2.06998e-11 5.16127e-11 0)
(-1.85935e-11 5.23984e-11 0)
(-1.64597e-11 5.26625e-11 0)
(-1.4323e-11 5.23599e-11 0)
(-1.22185e-11 5.14489e-11 0)
(-1.01606e-11 4.987e-11 0)
(-8.15901e-12 4.75783e-11 0)
(-6.28798e-12 4.44957e-11 0)
(-4.66888e-12 4.05667e-11 0)
(-3.12001e-12 3.57288e-11 0)
(-1.71596e-12 2.98535e-11 0)
(-1.03238e-12 2.28736e-11 0)
(-4.78907e-13 1.47626e-11 0)
(-3.52621e-14 5.47227e-12 0)
(-3.74404e-14 -5.60736e-12 0)
(-4.19215e-13 -1.50554e-11 0)
(-1.2609e-12 -2.33272e-11 0)
(-2.5914e-12 -3.03349e-11 0)
(-4.22542e-12 -3.61938e-11 0)
(-6.16362e-12 -4.09969e-11 0)
(-8.42388e-12 -4.48243e-11 0)
(-1.08517e-11 -4.77634e-11 0)
(-1.34118e-11 -4.98859e-11 0)
(-1.6108e-11 -5.12525e-11 0)
(-1.88677e-11 -5.19288e-11 0)
(-2.1647e-11 -5.19632e-11 0)
(-2.4425e-11 -5.14117e-11 0)
(-2.71667e-11 -5.0315e-11 0)
(-2.98379e-11 -4.87278e-11 0)
(-3.24138e-11 -4.6681e-11 0)
(-3.48715e-11 -4.42286e-11 0)
(-3.71887e-11 -4.13956e-11 0)
(-3.93458e-11 -3.82386e-11 0)
(-4.13247e-11 -3.47743e-11 0)
(-4.31106e-11 -3.10613e-11 0)
(-4.469e-11 -2.7111e-11 0)
(-4.60541e-11 -2.29856e-11 0)
(-4.71933e-11 -1.86897e-11 0)
(-4.81e-11 -1.42886e-11 0)
(-4.87672e-11 -9.78369e-12 0)
(-4.91898e-11 -5.24333e-12 0)
(-4.93662e-11 -6.62894e-13 0)
(-4.92993e-11 3.88605e-12 0)
(-4.89916e-11 8.41045e-12 0)
(-4.84479e-11 1.28368e-11 0)
(-4.76711e-11 1.71751e-11 0)
(-4.66661e-11 2.13513e-11 0)
(-4.54388e-11 2.53792e-11 0)
(-4.39978e-11 2.91866e-11 0)
(-4.23534e-11 3.279e-11 0)
(-4.05184e-11 3.61164e-11 0)
(-3.85057e-11 3.91821e-11 0)
(-3.63302e-11 4.19157e-11 0)
(-3.401e-11 4.43325e-11 0)
(-3.15647e-11 4.6362e-11 0)
(-2.90144e-11 4.80141e-11 0)
(-2.63863e-11 4.92178e-11 0)
(-2.37049e-11 4.99756e-11 0)
(-2.09884e-11 5.02192e-11 0)
(-1.82746e-11 4.99422e-11 0)
(-1.55991e-11 4.90703e-11 0)
(-1.29647e-11 4.75836e-11 0)
(-1.04675e-11 4.53948e-11 0)
(-8.13017e-12 4.24821e-11 0)
(-5.86219e-12 3.87566e-11 0)
(-4.02056e-12 3.41011e-11 0)
(-2.60919e-12 2.85209e-11 0)
(-1.14298e-12 2.19343e-11 0)
(-4.07409e-13 1.40919e-11 0)
(2.35197e-14 5.25405e-12 0)
(-4.89358e-14 -5.33201e-12 0)
(-5.32912e-13 -1.42599e-11 0)
(-1.57121e-12 -2.20693e-11 0)
(-3.19088e-12 -2.86578e-11 0)
(-5.19431e-12 -3.41553e-11 0)
(-7.56245e-12 -3.86632e-11 0)
(-1.03057e-11 -4.22414e-11 0)
(-1.32598e-11 -4.49875e-11 0)
(-1.63732e-11 -4.69658e-11 0)
(-1.96432e-11 -4.82413e-11 0)
(-2.29879e-11 -4.88617e-11 0)
(-2.6358e-11 -4.88905e-11 0)
(-2.97224e-11 -4.83606e-11 0)
(-3.30435e-11 -4.73312e-11 0)
(-3.62778e-11 -4.58247e-11 0)
(-3.93963e-11 -4.39055e-11 0)
(-4.23698e-11 -4.15873e-11 0)
(-4.51764e-11 -3.89349e-11 0)
(-4.77866e-11 -3.5951e-11 0)
(-5.01825e-11 -3.27067e-11 0)
(-5.23427e-11 -2.91994e-11 0)
(-5.42558e-11 -2.5502e-11 0)
(-5.59044e-11 -2.16061e-11 0)
(-5.72805e-11 -1.75846e-11 0)
(-5.83718e-11 -1.34263e-11 0)
(-5.91748e-11 -9.20587e-12 0)
(-5.96803e-11 -4.9085e-12 0)
(-5.98913e-11 -6.15025e-13 0)
(-5.98072e-11 3.69134e-12 0)
(-5.94316e-11 7.9298e-12 0)
(-5.87678e-11 1.21204e-11 0)
(-5.78236e-11 1.61827e-11 0)
(-5.66027e-11 2.01365e-11 0)
(-5.5114e-11 2.39034e-11 0)
(-5.3366e-11 2.75044e-11 0)
(-5.13722e-11 3.08638e-11 0)
(-4.91481e-11 3.40074e-11 0)
(-4.67093e-11 3.6861e-11 0)
(-4.40745e-11 3.94457e-11 0)
(-4.12638e-11 4.16881e-11 0)
(-3.83028e-11 4.3608e-11 0)
(-3.5214e-11 4.51356e-11 0)
(-3.20327e-11 4.62832e-11 0)
(-2.8785e-11 4.69816e-11 0)
(-2.54986e-11 4.72301e-11 0)
(-2.22089e-11 4.69603e-11 0)
(-1.89683e-11 4.61598e-11 0)
(-1.5809e-11 4.47553e-11 0)
(-1.27474e-11 4.27288e-11 0)
(-9.86321e-12 3.99976e-11 0)
(-7.37689e-12 3.64815e-11 0)
(-5.01598e-12 3.21703e-11 0)
(-2.82322e-12 2.69341e-11 0)
(-1.63431e-12 2.0638e-11 0)
(-7.35082e-13 1.33732e-11 0)
(-2.78509e-14 4.96674e-12 0)
(-3.24423e-14 -4.99414e-12 0)
(-6.6789e-13 -1.332e-11 0)
(-1.88257e-12 -2.05472e-11 0)
(-3.80111e-12 -2.66573e-11 0)
(-6.19943e-12 -3.17136e-11 0)
(-9.00224e-12 -3.58616e-11 0)
(-1.22191e-11 -3.9155e-11 0)
(-1.56958e-11 -4.16723e-11 0)
(-1.93602e-11 -4.34833e-11 0)
(-2.3194e-11 -4.46485e-11 0)
(-2.71177e-11 -4.52134e-11 0)
(-3.10675e-11 -4.52312e-11 0)
(-3.50099e-11 -4.47336e-11 0)
(-3.88926e-11 -4.37767e-11 0)
(-4.26795e-11 -4.23795e-11 0)
(-4.63301e-11 -4.0604e-11 0)
(-4.98152e-11 -3.84557e-11 0)
(-5.3095e-11 -3.60034e-11 0)
(-5.61501e-11 -3.32411e-11 0)
(-5.89516e-11 -3.02437e-11 0)
(-6.1482e-11 -2.69953e-11 0)
(-6.37175e-11 -2.35816e-11 0)
(-6.56456e-11 -1.99699e-11 0)
(-6.72513e-11 -1.62601e-11 0)
(-6.85263e-11 -1.24033e-11 0)
(-6.94578e-11 -8.51107e-12 0)
(-7.00454e-11 -4.52219e-12 0)
(-7.02852e-11 -5.61741e-13 0)
(-7.01806e-11 3.44122e-12 0)
(-6.97329e-11 7.35208e-12 0)
(-6.89498e-11 1.12504e-11 0)
(-6.78384e-11 1.49956e-11 0)
(-6.6406e-11 1.86743e-11 0)
(-6.46621e-11 2.21375e-11 0)
(-6.26176e-11 2.54837e-11 0)
(-6.02834e-11 2.85649e-11 0)
(-5.76762e-11 3.14858e-11 0)
(-5.48199e-11 3.4096e-11 0)
(-5.17344e-11 3.64963e-11 0)
(-4.84455e-11 3.85407e-11 0)
(-4.49755e-11 4.03281e-11 0)
(-4.13584e-11 4.17175e-11 0)
(-3.7627e-11 4.27964e-11 0)
(-3.3825e-11 4.34268e-11 0)
(-2.99758e-11 4.36768e-11 0)
(-2.61333e-11 4.34164e-11 0)
(-2.23427e-11 4.27009e-11 0)
(-1.86164e-11 4.14032e-11 0)
(-1.50632e-11 3.95541e-11 0)
(-1.17708e-11 3.70191e-11 0)
(-8.57823e-12 3.38438e-11 0)
(-5.89397e-12 2.98324e-11 0)
(-3.84899e-12 2.4973e-11 0)
(-1.74209e-12 1.92373e-11 0)
(-6.02841e-13 1.24474e-11 0)
(3.4707e-14 4.65235e-12 0)
(-1.42416e-14 -4.6183e-12 0)
(-7.84899e-13 -1.22432e-11 0)
(-2.21776e-12 -1.88254e-11 0)
(-4.45181e-12 -2.43619e-11 0)
(-7.21439e-12 -2.8929e-11 0)
(-1.04739e-11 -3.26417e-11 0)
(-1.41731e-11 -3.56036e-11 0)
(-1.81625e-11 -3.78521e-11 0)
(-2.23704e-11 -3.94785e-11 0)
(-2.67661e-11 -4.05072e-11 0)
(-3.12558e-11 -4.10209e-11 0)
(-3.57711e-11 -4.10117e-11 0)
(-4.02769e-11 -4.05788e-11 0)
(-4.47163e-11 -3.96837e-11 0)
(-4.90444e-11 -3.84496e-11 0)
(-5.32123e-11 -3.6805e-11 0)
(-5.71903e-11 -3.49011e-11 0)
(-6.09387e-11 -3.26304e-11 0)
(-6.44282e-11 -3.01795e-11 0)
(-6.76255e-11 -2.74052e-11 0)
(-7.05148e-11 -2.45255e-11 0)
(-7.30643e-11 -2.13609e-11 0)
(-7.52673e-11 -1.81624e-11 0)
(-7.70967e-11 -1.4718e-11 0)
(-7.85493e-11 -1.13049e-11 0)
(-7.96069e-11 -7.68175e-12 0)
(-8.02719e-11 -4.15161e-12 0)
(-8.05362e-11 -4.52101e-13 0)
(-8.0409e-11 3.08448e-12 0)
(-7.98876e-11 6.74234e-12 0)
(-7.89852e-11 1.01723e-11 0)
(-7.7707e-11 1.36748e-11 0)
(-7.607e-11 1.68917e-11 0)
(-7.40758e-11 2.01382e-11 0)
(-7.1737e-11 2.30528e-11 0)
(-6.90659e-11 2.59613e-11 0)
(-6.60861e-11 2.84953e-11 0)
(-6.28228e-11 3.09761e-11 0)
(-5.92965e-11 3.30456e-11 0)
(-5.55356e-11 3.50102e-11 0)
(-5.15668e-11 3.65321e-11 0)
(-4.74305e-11 3.78988e-11 0)
(-4.31652e-11 3.87875e-11 0)
(-3.88225e-11 3.94501e-11 0)
(-3.44273e-11 3.95971e-11 0)
(-3.00329e-11 3.94444e-11 0)
(-2.56932e-11 3.87321e-11 0)
(-2.14682e-11 3.76285e-11 0)
(-1.73839e-11 3.59009e-11 0)
(-1.35066e-11 3.3702e-11 0)
(-1.01182e-11 3.07798e-11 0)
(-7.00262e-12 2.71824e-11 0)
(-4.03391e-12 2.28746e-11 0)
(-2.21538e-12 1.76234e-11 0)
(-9.62851e-13 1.14219e-11 0)
(2.5037e-14 4.32141e-12 0)
(-2.01818e-14 -4.21281e-12 0)
(-9.20866e-13 -1.0993e-11 0)
(-2.56814e-12 -1.68648e-11 0)
(-5.12612e-12 -2.1724e-11 0)
(-8.27548e-12 -2.57514e-11 0)
(-1.19735e-11 -2.89933e-11 0)
(-1.6157e-11 -3.15628e-11 0)
(-2.0662e-11 -3.35319e-11 0)
(-2.54039e-11 -3.4935e-11 0)
(-3.03536e-11 -3.58403e-11 0)
(-3.53956e-11 -3.62647e-11 0)
(-4.04775e-11 -3.62732e-11 0)
(-4.55291e-11 -3.5865e-11 0)
(-5.05153e-11 -3.51056e-11 0)
(-5.536e-11 -3.39832e-11 0)
(-6.00438e-11 -3.25724e-11 0)
(-6.44947e-11 -3.0849e-11 0)
(-6.87017e-11 -2.88956e-11 0)
(-7.26034e-11 -2.66748e-11 0)
(-7.6197e-11 -2.4287e-11 0)
(-7.94241e-11 -2.16759e-11 0)
(-8.22896e-11 -1.89526e-11 0)
(-8.47455e-11 -1.60513e-11 0)
(-8.68007e-11 -1.30846e-11 0)
(-8.84152e-11 -9.98503e-12 0)
(-8.9599e-11 -6.85964e-12 0)
(-9.03275e-11 -3.64159e-12 0)
(-9.06231e-11 -4.46817e-13 0)
(-9.04672e-11 2.78547e-12 0)
(-8.98807e-11 5.93176e-12 0)
(-8.88605e-11 9.06029e-12 0)
(-8.74279e-11 1.20552e-11 0)
(-8.55811e-11 1.49888e-11 0)
(-8.33373e-11 1.77538e-11 0)
(-8.07014e-11 2.04224e-11 0)
(-7.76959e-11 2.28929e-11 0)
(-7.43477e-11 2.52319e-11 0)
(-7.0676e-11 2.73439e-11 0)
(-6.67216e-11 2.92663e-11 0)
(-6.24967e-11 3.09284e-11 0)
(-5.80487e-11 3.23666e-11 0)
(-5.34027e-11 3.35065e-11 0)
(-4.86337e-11 3.43734e-11 0)
(-4.37578e-11 3.48982e-11 0)
(-3.88401e-11 3.50946e-11 0)
(-3.39097e-11 3.49075e-11 0)
(-2.90634e-11 3.43283e-11 0)
(-2.42896e-11 3.33175e-11 0)
(-1.97141e-11 3.18596e-11 0)
(-1.54434e-11 2.98795e-11 0)
(-1.14192e-11 2.73351e-11 0)
(-7.82766e-12 2.42922e-11 0)
(-5.07395e-12 2.03816e-11 0)
(-2.42021e-12 1.57806e-11 0)
(-7.80452e-13 1.03281e-11 0)
(1.77933e-14 3.94141e-12 0)
(-7.15952e-14 -3.71742e-12 0)
(-1.02997e-12 -9.57069e-12 0)
(-2.95945e-12 -1.45941e-11 0)
(-5.84811e-12 -1.8671e-11 0)
(-9.39304e-12 -2.20423e-11 0)
(-1.35127e-11 -2.47532e-11 0)
(-1.81879e-11 -2.68937e-11 0)
(-2.31976e-11 -2.85436e-11 0)
(-2.84689e-11 -2.97088e-11 0)
(-3.39529e-11 -3.04734e-11 0)
(-3.95493e-11 -3.08124e-11 0)
(-4.51672e-11 -3.08288e-11 0)
(-5.0766e-11 -3.04572e-11 0)
(-5.62708e-11 -2.98375e-11 0)
(-6.16389e-11 -2.88535e-11 0)
(-6.68019e-11 -2.76931e-11 0)
(-7.17307e-11 -2.61839e-11 0)
(-7.63659e-11 -2.45745e-11 0)
(-8.06899e-11 -2.26303e-11 0)
(-8.46447e-11 -2.06606e-11 0)
(-8.82207e-11 -1.83679e-11 0)
(-9.13724e-11 -1.61255e-11 0)
(-9.4092e-11 -1.35724e-11 0)
(-9.63496e-11 -1.11478e-11 0)
(-9.81349e-11 -8.41511e-12 0)
(-9.9427e-11 -5.86602e-12 0)
(-1.00231e-10 -3.00975e-12 0)
(-1.00539e-10 -4.05717e-13 0)
(-1.00366e-10 2.46708e-12 0)
(-9.97063e-11 4.9977e-12 0)
(-9.85733e-11 7.75564e-12 0)
(-9.69763e-11 1.01183e-11 0)
(-9.49294e-11 1.27162e-11 0)
(-9.24379e-11 1.49092e-11 0)
(-8.95122e-11 1.73278e-11 0)
(-8.61751e-11 1.92937e-11 0)
(-8.24489e-11 2.14461e-11 0)
(-7.8394e-11 2.31035e-11 0)
(-7.40124e-11 2.49078e-11 0)
(-6.93394e-11 2.62107e-11 0)
(-6.44124e-11 2.75965e-11 0)
(-5.9289e-11 2.84382e-11 0)
(-5.40087e-11 2.9306e-11 0)
(-4.86409e-11 2.96323e-11 0)
(-4.32023e-11 2.99182e-11 0)
(-3.7773e-11 2.96543e-11 0)
(-3.23958e-11 2.92812e-11 0)
(-2.71406e-11 2.83455e-11 0)
(-2.20695e-11 2.71957e-11 0)
(-1.72742e-11 2.54755e-11 0)
(-1.28909e-11 2.34681e-11 0)
(-9.02128e-12 2.0756e-11 0)
(-5.41358e-12 1.7563e-11 0)
(-2.8418e-12 1.37809e-11 0)
(-1.11151e-12 8.93692e-12 0)
(-6.52645e-14 3.47302e-12 0)
(1.94327e-15 -3.14296e-12 0)
(-1.22808e-12 -7.93432e-12 0)
(-3.33754e-12 -1.19631e-11 0)
(-6.54315e-12 -1.52243e-11 0)
(-1.05114e-11 -1.78488e-11 0)
(-1.50804e-11 -1.99945e-11 0)
(-2.02417e-11 -2.16948e-11 0)
(-2.57577e-11 -2.29625e-11 0)
(-3.1552e-11 -2.39102e-11 0)
(-3.75643e-11 -2.44824e-11 0)
(-4.36948e-11 -2.47857e-11 0)
(-4.98457e-11 -2.47435e-11 0)
(-5.5977e-11 -2.45049e-11 0)
(-6.19958e-11 -2.39329e-11 0)
(-6.78667e-11 -2.3229e-11 0)
(-7.35065e-11 -2.21953e-11 0)
(-7.88966e-11 -2.10992e-11 0)
(-8.39566e-11 -1.96713e-11 0)
(-8.86797e-11 -1.8254e-11 0)
(-9.29944e-11 -1.64971e-11 0)
(-9.69009e-11 -1.48295e-11 0)
(-1.00337e-10 -1.28209e-11 0)
(-1.03319e-10 -1.09794e-11 0)
(-1.05779e-10 -8.79776e-12 0)
(-1.07734e-10 -6.84996e-12 0)
(-1.09134e-10 -4.54937e-12 0)
(-1.10012e-10 -2.51938e-12 0)
(-1.10346e-10 -1.44813e-13 0)
(-1.10167e-10 1.86272e-12 0)
(-1.09452e-10 4.16205e-12 0)
(-1.08224e-10 6.01565e-12 0)
(-1.06458e-10 8.17407e-12 0)
(-1.04175e-10 9.90987e-12 0)
(-1.01392e-10 1.19789e-11 0)
(-9.81547e-11 1.36034e-11 0)
(-9.44801e-11 1.55278e-11 0)
(-9.04043e-11 1.69622e-11 0)
(-8.59496e-11 1.8643e-11 0)
(-8.11298e-11 1.98412e-11 0)
(-7.60211e-11 2.121e-11 0)
(-7.06561e-11 2.20662e-11 0)
(-6.50811e-11 2.30366e-11 0)
(-5.93177e-11 2.34823e-11 0)
(-5.34574e-11 2.39873e-11 0)
(-4.75133e-11 2.39988e-11 0)
(-4.15802e-11 2.40042e-11 0)
(-3.57033e-11 2.35244e-11 0)
(-2.99665e-11 2.2955e-11 0)
(-2.43995e-11 2.19174e-11 0)
(-1.9172e-11 2.07041e-11 0)
(-1.42807e-11 1.89759e-11 0)
(-9.95911e-12 1.69541e-11 0)
(-6.28181e-12 1.44514e-11 0)
(-3.17581e-12 1.11926e-11 0)
(-1.14773e-12 7.5256e-12 0)
(2.83189e-14 2.90461e-12 0)
(-1.39147e-13 -2.40378e-12 0)
(-1.39127e-12 -6.00419e-12 0)
(-3.81434e-12 -8.88866e-12 0)
(-7.33665e-12 -1.13291e-11 0)
(-1.16859e-11 -1.32326e-11 0)
(-1.67291e-11 -1.48208e-11 0)
(-2.23267e-11 -1.60727e-11 0)
(-2.83482e-11 -1.70219e-11 0)
(-3.46556e-11 -1.77085e-11 0)
(-4.11926e-11 -1.81475e-11 0)
(-4.7834e-11 -1.83512e-11 0)
(-5.45252e-11 -1.83453e-11 0)
(-6.11578e-11 -1.81402e-11 0)
(-6.77015e-11 -1.77508e-11 0)
(-7.40449e-11 -1.719e-11 0)
(-8.01773e-11 -1.64694e-11 0)
(-8.59906e-11 -1.56062e-11 0)
(-9.14928e-11 -1.46028e-11 0)
(-9.65789e-11 -1.34876e-11 0)
(-1.01271e-10 -1.22566e-11 0)
(-1.05475e-10 -1.09419e-11 0)
(-1.09219e-10 -9.53685e-12 0)
(-1.12415e-10 -8.08617e-12 0)
(-1.15105e-10 -6.56631e-12 0)
(-1.17208e-10 -5.03812e-12 0)
(-1.18756e-10 -3.44463e-12 0)
(-1.19699e-10 -1.82758e-12 0)
(-1.20086e-10 -1.62696e-13 0)
(-1.19884e-10 1.45538e-12 0)
(-1.19122e-10 3.05063e-12 0)
(-1.17752e-10 4.54603e-12 0)
(-1.15799e-10 6.02017e-12 0)
(-1.13275e-10 7.43571e-12 0)
(-1.10225e-10 8.85559e-12 0)
(-1.0667e-10 1.01854e-11 0)
(-1.02651e-10 1.1487e-11 0)
(-9.82043e-11 1.26608e-11 0)
(-9.33348e-11 1.37967e-11 0)
(-8.81338e-11 1.47674e-11 0)
(-8.25979e-11 1.56828e-11 0)
(-7.67984e-11 1.63993e-11 0)
(-7.07549e-11 1.70179e-11 0)
(-6.4556e-11 1.74222e-11 0)
(-5.81919e-11 1.77224e-11 0)
(-5.17821e-11 1.7794e-11 0)
(-4.53394e-11 1.77385e-11 0)
(-3.90036e-11 1.74314e-11 0)
(-3.27482e-11 1.69773e-11 0)
(-2.67408e-11 1.62381e-11 0)
(-2.10318e-11 1.53077e-11 0)
(-1.58232e-11 1.40808e-11 0)
(-1.10523e-11 1.25472e-11 0)
(-6.93821e-12 1.0682e-11 0)
(-3.67614e-12 8.43473e-12 0)
(-1.42901e-12 5.61145e-12 0)
(-1.44795e-13 2.23603e-12 0)
(-3.53305e-14 -1.48792e-12 0)
(-1.75028e-12 -3.6458e-12 0)
(-4.37642e-12 -5.48291e-12 0)
(-8.29145e-12 -6.92576e-12 0)
(-1.30016e-11 -8.16032e-12 0)
(-1.8474e-11 -9.18198e-12 0)
(-2.45335e-11 -9.98515e-12 0)
(-3.10106e-11 -1.0598e-11 0)
(-3.78088e-11 -1.10189e-11 0)
(-4.48359e-11 -1.13141e-11 0)
(-5.1998e-11 -1.14317e-11 0)
(-5.91878e-11 -1.14508e-11 0)
(-6.63442e-11 -1.12937e-11 0)
(-7.33686e-11 -1.10822e-11 0)
(-8.02142e-11 -1.06935e-11 0)
(-8.67935e-11 -1.02859e-11 0)
(-9.30695e-11 -9.68952e-12 0)
(-9.89655e-11 -9.12418e-12 0)
(-1.04461e-10 -8.35807e-12 0)
(-1.09483e-10 -7.67247e-12 0)
(-1.14021e-10 -6.773e-12 0)
(-1.18021e-10 -6.00156e-12 0)
(-1.21473e-10 -5.00073e-12 0)
(-1.24334e-10 -4.18017e-12 0)
(-1.2662e-10 -3.15692e-12 0)
(-1.28294e-10 -2.33793e-12 0)
(-1.29352e-10 -1.18562e-12 0)
(-1.2975e-10 -2.12141e-13 0)
(-1.29521e-10 1.03775e-12 0)
(-1.28631e-10 1.95329e-12 0)
(-1.27122e-10 3.08157e-12 0)
(-1.24982e-10 3.84743e-12 0)
(-1.22242e-10 4.91371e-12 0)
(-1.18927e-10 5.64192e-12 0)
(-1.1509e-10 6.62468e-12 0)
(-1.10763e-10 7.24411e-12 0)
(-1.0596e-10 8.10907e-12 0)
(-1.00739e-10 8.61401e-12 0)
(-9.50972e-11 9.33479e-12 0)
(-8.91355e-11 9.69937e-12 0)
(-8.29042e-11 1.02483e-11 0)
(-7.64293e-11 1.0461e-11 0)
(-6.97281e-11 1.0845e-11 0)
(-6.29075e-11 1.08942e-11 0)
(-5.59972e-11 1.10555e-11 0)
(-4.90989e-11 1.0899e-11 0)
(-4.22609e-11 1.08089e-11 0)
(-3.55877e-11 1.0417e-11 0)
(-2.91242e-11 1.00295e-11 0)
(-2.30053e-11 9.35628e-12 0)
(-1.7332e-11 8.60887e-12 0)
(-1.22491e-11 7.63412e-12 0)
(-7.84642e-12 6.49409e-12 0)
(-4.16068e-12 5.11048e-12 0)
(-1.722e-12 3.40109e-12 0)
(-1.87952e-14 1.38986e-12 0)
(-2.33977e-13 -5.16258e-13 0)
(-1.95916e-12 -1.26649e-12 0)
(-4.95586e-12 -1.81905e-12 0)
(-9.18305e-12 -2.43125e-12 0)
(-1.43441e-11 -2.81591e-12 0)
(-2.01973e-11 -3.15315e-12 0)
(-2.66612e-11 -3.41805e-12 0)
(-3.35967e-11 -3.62714e-12 0)
(-4.08865e-11 -3.7888e-12 0)
(-4.84209e-11 -3.88341e-12 0)
(-5.6083e-11 -3.92175e-12 0)
(-6.37862e-11 -3.92019e-12 0)
(-7.14449e-11 -3.87912e-12 0)
(-7.89797e-11 -3.78948e-12 0)
(-8.63044e-11 -3.66306e-12 0)
(-9.33576e-11 -3.50412e-12 0)
(-1.00074e-10 -3.32212e-12 0)
(-1.06399e-10 -3.10193e-12 0)
(-1.12275e-10 -2.86857e-12 0)
(-1.17663e-10 -2.59897e-12 0)
(-1.22516e-10 -2.32277e-12 0)
(-1.26806e-10 -2.01212e-12 0)
(-1.30492e-10 -1.70638e-12 0)
(-1.33543e-10 -1.27801e-12 0)
(-1.35944e-10 -8.81739e-13 0)
(-1.37736e-10 -5.12502e-13 0)
(-1.38869e-10 -2.10593e-13 0)
(-1.39292e-10 2.62512e-14 0)
(-1.39007e-10 2.1074e-13 0)
(-1.38019e-10 5.06169e-13 0)
(-1.36343e-10 8.15923e-13 0)
(-1.34035e-10 1.22874e-12 0)
(-1.31129e-10 1.61461e-12 0)
(-1.27589e-10 1.94116e-12 0)
(-1.23479e-10 2.20514e-12 0)
(-1.18829e-10 2.49207e-12 0)
(-1.13676e-10 2.72162e-12 0)
(-1.08057e-10 2.96305e-12 0)
(-1.02043e-10 3.13357e-12 0)
(-9.56665e-11 3.33303e-12 0)
(-8.89612e-11 3.47191e-12 0)
(-8.19872e-11 3.61227e-12 0)
(-7.48247e-11 3.66991e-12 0)
(-6.75208e-11 3.74469e-12 0)
(-6.014e-11 3.74716e-12 0)
(-5.27576e-11 3.73925e-12 0)
(-4.54675e-11 3.65734e-12 0)
(-3.83234e-11 3.58316e-12 0)
(-3.14274e-11 3.40662e-12 0)
(-2.49169e-11 3.19154e-12 0)
(-1.88818e-11 2.93894e-12 0)
(-1.3397e-11 2.62422e-12 0)
(-8.58118e-12 2.23503e-12 0)
(-4.69145e-12 1.65174e-12 0)
(-1.89148e-12 1.23435e-12 0)
(-2.28725e-13 4.94675e-13 0)
)
;

boundaryField
{
    top
    {
        type            slip;
    }
    bottom
    {
        type            slip;
    }
    rotatingWall
    {
        type            rotatingWallVelocity;
        origin          (0 0 0);
        axis            (0 1 0);
        omega           constant 1140;
        value           uniform (0 0 0);
    }
    wall
    {
        type            rotatingWallVelocity;
        origin          (0 0 0);
        axis            (0 1 0);
        omega           constant 0;
        value           uniform (0 -0 -0);
    }
    frontAndBack
    {
        type            empty;
    }
}


// ************************************************************************* //
