/*--------------------------------*- C++ -*----------------------------------*\
| =========                 |                                                 |
| \\      /  F ield         | OpenFOAM: The Open Source CFD Toolbox           |
|  \\    /   O peration     | Version:  5.0                                   |
|   \\  /    A nd           | Web:      www.OpenFOAM.org                      |
|    \\/     M anipulation  |                                                 |
\*---------------------------------------------------------------------------*/
FoamFile
{
    version     2.0;
    format      ascii;
    class       volVectorField;
    location    "141";
    object      U;
}
// * * * * * * * * * * * * * * * * * * * * * * * * * * * * * * * * * * * * * //

dimensions      [0 1 -1 0 0 0 0];

internalField   nonuniform List<vector> 
1568
(
(5.99871e-12 2.53078e-12 0)
(-1.22482e-11 4.50716e-11 0)
(1.58711e-11 -5.14831e-11 0)
(1.11803e-10 -4.84503e-11 0)
(1.54393e-10 -2.06073e-11 0)
(2.08997e-10 -4.01051e-11 0)
(2.89447e-10 -4.53021e-11 0)
(3.65325e-10 -4.20248e-11 0)
(4.39778e-10 -4.32398e-11 0)
(5.18758e-10 -4.50184e-11 0)
(5.98547e-10 -4.49433e-11 0)
(6.76599e-10 -4.37986e-11 0)
(7.5266e-10 -4.20307e-11 0)
(8.26017e-10 -4.01811e-11 0)
(8.95714e-10 -3.83255e-11 0)
(9.61056e-10 -3.60553e-11 0)
(1.02115e-09 -3.33936e-11 0)
(1.07569e-09 -3.08117e-11 0)
(1.1243e-09 -2.77218e-11 0)
(1.16644e-09 -2.42054e-11 0)
(1.20132e-09 -1.92168e-11 0)
(1.2295e-09 -1.45665e-11 0)
(1.25121e-09 -9.93036e-12 0)
(1.26622e-09 -5.55802e-12 0)
(1.27425e-09 -1.93286e-12 0)
(1.27549e-09 -2.33529e-13 0)
(1.26969e-09 2.64985e-12 0)
(1.25681e-09 5.78603e-12 0)
(1.23751e-09 9.6918e-12 0)
(1.21277e-09 1.27946e-11 0)
(1.1832e-09 1.7235e-11 0)
(1.14881e-09 2.01573e-11 0)
(1.10991e-09 2.36454e-11 0)
(1.06703e-09 2.58322e-11 0)
(1.02061e-09 2.84587e-11 0)
(9.71206e-10 2.96361e-11 0)
(9.19069e-10 3.16397e-11 0)
(8.64422e-10 3.24832e-11 0)
(8.0809e-10 3.38161e-11 0)
(7.50066e-10 3.42433e-11 0)
(6.90781e-10 3.48911e-11 0)
(6.30949e-10 3.45895e-11 0)
(5.71116e-10 3.47432e-11 0)
(5.11405e-10 3.445e-11 0)
(4.52514e-10 3.42998e-11 0)
(3.94884e-10 3.34401e-11 0)
(3.39093e-10 3.25472e-11 0)
(2.85473e-10 3.09973e-11 0)
(2.34424e-10 2.94789e-11 0)
(1.86765e-10 2.73725e-11 0)
(1.4242e-10 2.52907e-11 0)
(1.01424e-10 2.27653e-11 0)
(7.00783e-11 1.87652e-11 0)
(3.71065e-11 2.23475e-11 0)
(1.18675e-11 8.67242e-12 0)
(2.60831e-12 3.70008e-12 0)
(5.51327e-11 -2.84043e-11 0)
(-2.25856e-12 -6.38869e-11 0)
(7.28588e-11 -6.88113e-11 0)
(7.23646e-11 -7.10961e-11 0)
(1.42392e-10 -9.9984e-11 0)
(1.95973e-10 -1.05979e-10 0)
(2.57463e-10 -1.09535e-10 0)
(3.29062e-10 -1.13974e-10 0)
(3.98873e-10 -1.17268e-10 0)
(4.69735e-10 -1.1847e-10 0)
(5.41699e-10 -1.17368e-10 0)
(6.13772e-10 -1.15345e-10 0)
(6.83713e-10 -1.12185e-10 0)
(7.50722e-10 -1.0751e-10 0)
(8.14683e-10 -1.01207e-10 0)
(8.74422e-10 -9.40742e-11 0)
(9.29609e-10 -8.57957e-11 0)
(9.7972e-10 -7.68641e-11 0)
(1.02437e-09 -6.71584e-11 0)
(1.06308e-09 -5.72647e-11 0)
(1.0959e-09 -4.70596e-11 0)
(1.12256e-09 -3.76711e-11 0)
(1.1432e-09 -2.80727e-11 0)
(1.15745e-09 -1.84696e-11 0)
(1.16544e-09 -7.76545e-12 0)
(1.16671e-09 3.29069e-12 0)
(1.16173e-09 1.45428e-11 0)
(1.15033e-09 2.43221e-11 0)
(1.13354e-09 3.30974e-11 0)
(1.11146e-09 4.08922e-11 0)
(1.08433e-09 4.85596e-11 0)
(1.05288e-09 5.53135e-11 0)
(1.01795e-09 6.17927e-11 0)
(9.79548e-10 6.73381e-11 0)
(9.37539e-10 7.25992e-11 0)
(8.92253e-10 7.69604e-11 0)
(8.44446e-10 8.0889e-11 0)
(7.94731e-10 8.37288e-11 0)
(7.42792e-10 8.61567e-11 0)
(6.8975e-10 8.76949e-11 0)
(6.35631e-10 8.88449e-11 0)
(5.80358e-10 8.91096e-11 0)
(5.24696e-10 8.90183e-11 0)
(4.6975e-10 8.78351e-11 0)
(4.15424e-10 8.62676e-11 0)
(3.62389e-10 8.40291e-11 0)
(3.10735e-10 8.13014e-11 0)
(2.61236e-10 7.78308e-11 0)
(2.14651e-10 7.38371e-11 0)
(1.7054e-10 6.86955e-11 0)
(1.29157e-10 6.37433e-11 0)
(9.39194e-11 5.58046e-11 0)
(5.87986e-11 4.68046e-11 0)
(3.52401e-11 3.72649e-11 0)
(1.44405e-11 2.50158e-11 0)
(1.41995e-12 1.17577e-11 0)
(9.80791e-13 -5.42251e-11 0)
(-5.67732e-12 -4.94384e-11 0)
(3.01314e-11 -1.27995e-10 0)
(9.23336e-11 -1.38644e-10 0)
(1.17797e-10 -1.55015e-10 0)
(1.65623e-10 -1.75033e-10 0)
(2.29904e-10 -1.82051e-10 0)
(2.92678e-10 -1.88998e-10 0)
(3.53859e-10 -1.94498e-10 0)
(4.19645e-10 -1.96521e-10 0)
(4.86255e-10 -1.94994e-10 0)
(5.50759e-10 -1.91257e-10 0)
(6.13919e-10 -1.85583e-10 0)
(6.7521e-10 -1.77821e-10 0)
(7.33266e-10 -1.68263e-10 0)
(7.87776e-10 -1.56902e-10 0)
(8.38192e-10 -1.43941e-10 0)
(8.84038e-10 -1.29813e-10 0)
(9.24871e-10 -1.1449e-10 0)
(9.60553e-10 -9.8423e-11 0)
(9.90809e-10 -8.16742e-11 0)
(1.0156e-09 -6.495e-11 0)
(1.03448e-09 -4.78702e-11 0)
(1.04752e-09 -3.09429e-11 0)
(1.05463e-09 -1.36332e-11 0)
(1.0561e-09 3.1443e-12 0)
(1.05216e-09 1.9987e-11 0)
(1.04291e-09 3.55864e-11 0)
(1.02826e-09 5.08499e-11 0)
(1.00864e-09 6.46982e-11 0)
(9.8475e-10 7.87935e-11 0)
(9.56848e-10 9.14542e-11 0)
(9.25043e-10 1.03711e-10 0)
(8.8975e-10 1.13797e-10 0)
(8.51406e-10 1.23133e-10 0)
(8.10443e-10 1.3026e-10 0)
(7.67031e-10 1.36907e-10 0)
(7.21453e-10 1.41497e-10 0)
(6.74444e-10 1.45299e-10 0)
(6.25893e-10 1.4741e-10 0)
(5.76222e-10 1.48787e-10 0)
(5.26135e-10 1.4879e-10 0)
(4.75875e-10 1.48437e-10 0)
(4.25603e-10 1.469e-10 0)
(3.7616e-10 1.44763e-10 0)
(3.27568e-10 1.41424e-10 0)
(2.80467e-10 1.3714e-10 0)
(2.35328e-10 1.31373e-10 0)
(1.92292e-10 1.24756e-10 0)
(1.5295e-10 1.16289e-10 0)
(1.15037e-10 1.06361e-10 0)
(8.07189e-11 9.52585e-11 0)
(5.61536e-11 7.98375e-11 0)
(2.79024e-11 6.29402e-11 0)
(7.27222e-12 4.15559e-11 0)
(1.04487e-12 1.745e-11 0)
(-1.75248e-11 -3.13357e-11 0)
(1.47855e-11 -1.09703e-10 0)
(3.14099e-11 -1.32772e-10 0)
(6.45933e-11 -1.79902e-10 0)
(1.00415e-10 -2.09211e-10 0)
(1.44605e-10 -2.26185e-10 0)
(2.01431e-10 -2.38122e-10 0)
(2.56187e-10 -2.49653e-10 0)
(3.11868e-10 -2.56519e-10 0)
(3.709e-10 -2.58136e-10 0)
(4.30305e-10 -2.56931e-10 0)
(4.88786e-10 -2.52341e-10 0)
(5.45682e-10 -2.44773e-10 0)
(6.00364e-10 -2.34585e-10 0)
(6.52807e-10 -2.21957e-10 0)
(7.02105e-10 -2.06855e-10 0)
(7.47592e-10 -1.9006e-10 0)
(7.89101e-10 -1.71317e-10 0)
(8.26339e-10 -1.51389e-10 0)
(8.58819e-10 -1.30147e-10 0)
(8.86378e-10 -1.08329e-10 0)
(9.08778e-10 -8.58182e-11 0)
(9.25912e-10 -6.34204e-11 0)
(9.37677e-10 -4.05428e-11 0)
(9.44291e-10 -1.81298e-11 0)
(9.45931e-10 4.444e-12 0)
(9.42759e-10 2.5999e-11 0)
(9.34869e-10 4.6975e-11 0)
(9.2244e-10 6.64037e-11 0)
(9.05699e-10 8.53878e-11 0)
(8.84545e-10 1.03005e-10 0)
(8.59328e-10 1.19875e-10 0)
(8.30687e-10 1.34778e-10 0)
(7.98876e-10 1.48542e-10 0)
(7.63982e-10 1.60113e-10 0)
(7.26591e-10 1.7045e-10 0)
(6.87255e-10 1.78513e-10 0)
(6.46016e-10 1.85513e-10 0)
(6.03154e-10 1.90423e-10 0)
(5.59399e-10 1.94013e-10 0)
(5.14992e-10 1.95878e-10 0)
(4.69878e-10 1.9691e-10 0)
(4.24576e-10 1.96258e-10 0)
(3.79662e-10 1.94834e-10 0)
(3.35203e-10 1.91818e-10 0)
(2.91523e-10 1.87674e-10 0)
(2.48799e-10 1.81866e-10 0)
(2.08208e-10 1.74577e-10 0)
(1.70084e-10 1.65347e-10 0)
(1.33794e-10 1.54577e-10 0)
(1.0097e-10 1.41224e-10 0)
(7.16165e-11 1.25986e-10 0)
(4.24773e-11 1.06093e-10 0)
(2.51403e-11 8.35128e-11 0)
(9.33128e-12 5.42857e-11 0)
(1.84923e-12 2.24723e-11 0)
(6.75687e-12 -3.48067e-11 0)
(6.82859e-12 -1.06499e-10 0)
(3.11636e-11 -1.66821e-10 0)
(5.46834e-11 -2.09093e-10 0)
(8.49617e-11 -2.44452e-10 0)
(1.26799e-10 -2.65015e-10 0)
(1.74421e-10 -2.81823e-10 0)
(2.20626e-10 -2.96115e-10 0)
(2.70324e-10 -3.0412e-10 0)
(3.23251e-10 -3.06739e-10 0)
(3.75798e-10 -3.05295e-10 0)
(4.27172e-10 -3.00196e-10 0)
(4.77335e-10 -2.91473e-10 0)
(5.26141e-10 -2.79236e-10 0)
(5.72787e-10 -2.63658e-10 0)
(6.16509e-10 -2.45677e-10 0)
(6.57098e-10 -2.25143e-10 0)
(6.94198e-10 -2.02735e-10 0)
(7.2732e-10 -1.78594e-10 0)
(7.56396e-10 -1.53475e-10 0)
(7.81113e-10 -1.27272e-10 0)
(8.01195e-10 -1.00715e-10 0)
(8.1653e-10 -7.36375e-11 0)
(8.27075e-10 -4.66691e-11 0)
(8.3298e-10 -1.95295e-11 0)
(8.34543e-10 6.86468e-12 0)
(8.31822e-10 3.27098e-11 0)
(8.24991e-10 5.71805e-11 0)
(8.1415e-10 8.0535e-11 0)
(7.99459e-10 1.0212e-10 0)
(7.81077e-10 1.22353e-10 0)
(7.58982e-10 1.40898e-10 0)
(7.33417e-10 1.58047e-10 0)
(7.04861e-10 1.73242e-10 0)
(6.73786e-10 1.86881e-10 0)
(6.40555e-10 1.98741e-10 0)
(6.05505e-10 2.09004e-10 0)
(5.68833e-10 2.17211e-10 0)
(5.30752e-10 2.23933e-10 0)
(4.91699e-10 2.28769e-10 0)
(4.52156e-10 2.31986e-10 0)
(4.12334e-10 2.33306e-10 0)
(3.72438e-10 2.33322e-10 0)
(3.32604e-10 2.31422e-10 0)
(2.93184e-10 2.27979e-10 0)
(2.54474e-10 2.22711e-10 0)
(2.16844e-10 2.15766e-10 0)
(1.80877e-10 2.06972e-10 0)
(1.46982e-10 1.96323e-10 0)
(1.16243e-10 1.8298e-10 0)
(8.68008e-11 1.67057e-10 0)
(5.92516e-11 1.48604e-10 0)
(4.12562e-11 1.26306e-10 0)
(1.85153e-11 9.82429e-11 0)
(4.10243e-12 6.40677e-11 0)
(-1.20494e-12 2.55864e-11 0)
(3.31513e-12 -4.93658e-11 0)
(7.69548e-12 -1.20214e-10 0)
(2.51542e-11 -1.86361e-10 0)
(4.67027e-11 -2.36982e-10 0)
(7.4608e-11 -2.75054e-10 0)
(1.10381e-10 -3.01714e-10 0)
(1.48087e-10 -3.24594e-10 0)
(1.87223e-10 -3.41328e-10 0)
(2.30885e-10 -3.50135e-10 0)
(2.76422e-10 -3.53567e-10 0)
(3.21448e-10 -3.52549e-10 0)
(3.66068e-10 -3.46971e-10 0)
(4.10039e-10 -3.36774e-10 0)
(4.52723e-10 -3.22448e-10 0)
(4.93409e-10 -3.04661e-10 0)
(5.31642e-10 -2.83686e-10 0)
(5.67125e-10 -2.59944e-10 0)
(5.99488e-10 -2.33974e-10 0)
(6.2843e-10 -2.06208e-10 0)
(6.5374e-10 -1.76981e-10 0)
(6.75262e-10 -1.46874e-10 0)
(6.92754e-10 -1.16108e-10 0)
(7.06146e-10 -8.50195e-11 0)
(7.15461e-10 -5.37761e-11 0)
(7.20707e-10 -2.27332e-11 0)
(7.22041e-10 7.81985e-12 0)
(7.19695e-10 3.736e-11 0)
(7.1369e-10 6.57435e-11 0)
(7.04132e-10 9.25152e-11 0)
(6.91193e-10 1.17715e-10 0)
(6.74971e-10 1.40964e-10 0)
(6.55612e-10 1.6234e-10 0)
(6.33445e-10 1.81782e-10 0)
(6.08727e-10 1.99492e-10 0)
(5.81781e-10 2.15242e-10 0)
(5.52882e-10 2.29099e-10 0)
(5.22251e-10 2.4086e-10 0)
(4.90227e-10 2.50574e-10 0)
(4.57065e-10 2.58223e-10 0)
(4.23116e-10 2.6401e-10 0)
(3.88678e-10 2.67787e-10 0)
(3.53969e-10 2.69621e-10 0)
(3.19125e-10 2.69382e-10 0)
(2.84462e-10 2.67168e-10 0)
(2.50347e-10 2.62996e-10 0)
(2.16878e-10 2.56921e-10 0)
(1.84355e-10 2.4873e-10 0)
(1.5384e-10 2.38433e-10 0)
(1.25057e-10 2.25972e-10 0)
(9.75797e-11 2.10577e-10 0)
(7.40488e-11 1.91694e-10 0)
(5.32027e-11 1.69976e-10 0)
(3.00428e-11 1.437e-10 0)
(1.74062e-11 1.10661e-10 0)
(7.51099e-12 7.37061e-11 0)
(6.74158e-13 2.75553e-11 0)
(-2.55577e-12 -4.98251e-11 0)
(9.50687e-12 -1.31307e-10 0)
(2.18762e-11 -2.00402e-10 0)
(4.05788e-11 -2.56964e-10 0)
(6.38797e-11 -3.01582e-10 0)
(9.18121e-11 -3.36274e-10 0)
(1.21666e-10 -3.637e-10 0)
(1.55341e-10 -3.82348e-10 0)
(1.92685e-10 -3.92923e-10 0)
(2.3072e-10 -3.97645e-10 0)
(2.68567e-10 -3.96688e-10 0)
(3.06516e-10 -3.90261e-10 0)
(3.44044e-10 -3.78808e-10 0)
(3.80403e-10 -3.62907e-10 0)
(4.1513e-10 -3.43081e-10 0)
(4.47825e-10 -3.19731e-10 0)
(4.78114e-10 -2.93344e-10 0)
(5.05711e-10 -2.6437e-10 0)
(5.30391e-10 -2.33316e-10 0)
(5.51963e-10 -2.00603e-10 0)
(5.70228e-10 -1.66703e-10 0)
(5.85126e-10 -1.32027e-10 0)
(5.96568e-10 -9.68867e-11 0)
(6.04485e-10 -6.16778e-11 0)
(6.08914e-10 -2.67775e-11 0)
(6.09981e-10 7.51242e-12 0)
(6.07836e-10 4.07903e-11 0)
(6.02602e-10 7.26987e-11 0)
(5.94398e-10 1.03036e-10 0)
(5.83294e-10 1.31561e-10 0)
(5.69355e-10 1.58159e-10 0)
(5.52765e-10 1.82708e-10 0)
(5.33784e-10 2.05121e-10 0)
(5.12617e-10 2.25293e-10 0)
(4.89491e-10 2.43237e-10 0)
(4.64692e-10 2.58793e-10 0)
(4.38439e-10 2.72044e-10 0)
(4.11023e-10 2.83003e-10 0)
(3.82723e-10 2.91702e-10 0)
(3.5377e-10 2.98137e-10 0)
(3.24447e-10 3.02337e-10 0)
(2.94924e-10 3.04311e-10 0)
(2.65397e-10 3.04073e-10 0)
(2.36112e-10 3.01656e-10 0)
(2.07361e-10 2.97033e-10 0)
(1.7921e-10 2.9014e-10 0)
(1.52005e-10 2.80851e-10 0)
(1.2652e-10 2.69078e-10 0)
(1.02449e-10 2.5455e-10 0)
(8.04616e-11 2.36956e-10 0)
(6.02401e-11 2.15824e-10 0)
(4.13681e-11 1.90224e-10 0)
(2.88831e-11 1.60073e-10 0)
(1.35011e-11 1.24975e-10 0)
(1.8834e-12 8.01205e-11 0)
(1.00501e-12 3.08373e-11 0)
(-1.81108e-12 -5.01311e-11 0)
(8.9006e-12 -1.36901e-10 0)
(1.79567e-11 -2.10448e-10 0)
(3.17354e-11 -2.73092e-10 0)
(5.00637e-11 -3.23985e-10 0)
(7.26845e-11 -3.63727e-10 0)
(9.71868e-11 -3.93179e-10 0)
(1.24962e-10 -4.1349e-10 0)
(1.55348e-10 -4.26035e-10 0)
(1.86255e-10 -4.31787e-10 0)
(2.17378e-10 -4.31062e-10 0)
(2.48665e-10 -4.24246e-10 0)
(2.79615e-10 -4.11938e-10 0)
(3.09629e-10 -3.94776e-10 0)
(3.38291e-10 -3.73302e-10 0)
(3.65292e-10 -3.4802e-10 0)
(3.90379e-10 -3.19418e-10 0)
(4.1324e-10 -2.87967e-10 0)
(4.33657e-10 -2.54198e-10 0)
(4.51485e-10 -2.18613e-10 0)
(4.66584e-10 -1.81672e-10 0)
(4.78859e-10 -1.43781e-10 0)
(4.88237e-10 -1.05491e-10 0)
(4.94651e-10 -6.71394e-11 0)
(4.98181e-10 -2.91488e-11 0)
(4.98919e-10 8.13369e-12 0)
(4.96968e-10 4.431e-11 0)
(4.92444e-10 7.90751e-11 0)
(4.85429e-10 1.12105e-10 0)
(4.76041e-10 1.4316e-10 0)
(4.64361e-10 1.7207e-10 0)
(4.50442e-10 1.98746e-10 0)
(4.34509e-10 2.23085e-10 0)
(4.16798e-10 2.44972e-10 0)
(3.97468e-10 2.64356e-10 0)
(3.76755e-10 2.81278e-10 0)
(3.54947e-10 2.9569e-10 0)
(3.32238e-10 3.07664e-10 0)
(3.08778e-10 3.17151e-10 0)
(2.84834e-10 3.24198e-10 0)
(2.60652e-10 3.288e-10 0)
(2.36384e-10 3.31004e-10 0)
(2.12149e-10 3.30779e-10 0)
(1.8819e-10 3.28102e-10 0)
(1.64768e-10 3.22965e-10 0)
(1.4188e-10 3.15317e-10 0)
(1.19825e-10 3.05016e-10 0)
(9.95618e-11 2.91899e-10 0)
(8.06492e-11 2.75855e-10 0)
(6.25396e-11 2.56463e-10 0)
(4.73542e-11 2.32929e-10 0)
(3.43381e-11 2.05544e-10 0)
(1.91375e-11 1.72777e-10 0)
(1.04984e-11 1.32256e-10 0)
(4.27083e-12 8.73977e-11 0)
(2.74668e-13 3.28722e-11 0)
(-9.08726e-13 -5.38199e-11 0)
(6.76962e-12 -1.44003e-10 0)
(1.36511e-11 -2.22583e-10 0)
(2.29093e-11 -2.88826e-10 0)
(3.73172e-11 -3.4257e-10 0)
(5.55754e-11 -3.84452e-10 0)
(7.45925e-11 -4.15867e-10 0)
(9.58389e-11 -4.38212e-10 0)
(1.19409e-10 -4.52416e-10 0)
(1.4346e-10 -4.5893e-10 0)
(1.6778e-10 -4.58438e-10 0)
(1.92526e-10 -4.51449e-10 0)
(2.17032e-10 -4.38571e-10 0)
(2.40721e-10 -4.2044e-10 0)
(2.63384e-10 -3.97649e-10 0)
(2.84778e-10 -3.70704e-10 0)
(3.04652e-10 -3.40189e-10 0)
(3.22754e-10 -3.0666e-10 0)
(3.38879e-10 -2.70651e-10 0)
(3.52939e-10 -2.32653e-10 0)
(3.64842e-10 -1.93235e-10 0)
(3.74429e-10 -1.52868e-10 0)
(3.8166e-10 -1.12025e-10 0)
(3.86563e-10 -7.11524e-11 0)
(3.89124e-10 -3.06749e-11 0)
(3.89434e-10 8.98742e-12 0)
(3.87604e-10 4.74778e-11 0)
(3.83724e-10 8.44492e-11 0)
(3.77855e-10 1.19612e-10 0)
(3.70085e-10 1.52728e-10 0)
(3.60496e-10 1.83545e-10 0)
(3.49209e-10 2.11917e-10 0)
(3.36333e-10 2.37792e-10 0)
(3.22001e-10 2.61052e-10 0)
(3.06476e-10 2.81668e-10 0)
(2.89933e-10 2.99636e-10 0)
(2.72516e-10 3.14961e-10 0)
(2.54417e-10 3.27576e-10 0)
(2.35797e-10 3.37542e-10 0)
(2.16852e-10 3.44882e-10 0)
(1.97795e-10 3.49623e-10 0)
(1.78727e-10 3.51763e-10 0)
(1.59729e-10 3.51301e-10 0)
(1.4105e-10 3.48218e-10 0)
(1.2294e-10 3.42509e-10 0)
(1.05331e-10 3.34114e-10 0)
(8.8484e-11 3.2291e-10 0)
(7.32406e-11 3.08768e-10 0)
(5.90927e-11 2.91366e-10 0)
(4.61022e-11 2.703e-10 0)
(3.47505e-11 2.45443e-10 0)
(2.39835e-11 2.15352e-10 0)
(1.62854e-11 1.79935e-10 0)
(7.45152e-12 1.39908e-10 0)
(1.142e-12 8.93826e-11 0)
(-1.68112e-13 3.392e-11 0)
(-1.75032e-12 -5.64275e-11 0)
(4.97692e-12 -1.49369e-10 0)
(9.28929e-12 -2.31512e-10 0)
(1.56789e-11 -2.9991e-10 0)
(2.63093e-11 -3.55793e-10 0)
(3.96813e-11 -3.99838e-10 0)
(5.28302e-11 -4.3362e-10 0)
(6.77663e-11 -4.57902e-10 0)
(8.49063e-11 -4.73281e-10 0)
(1.02526e-10 -4.80539e-10 0)
(1.2029e-10 -4.80303e-10 0)
(1.38506e-10 -4.73102e-10 0)
(1.56612e-10 -4.59828e-10 0)
(1.74143e-10 -4.40966e-10 0)
(1.9093e-10 -4.17138e-10 0)
(2.06778e-10 -3.88918e-10 0)
(2.21474e-10 -3.56919e-10 0)
(2.34829e-10 -3.21749e-10 0)
(2.46743e-10 -2.83958e-10 0)
(2.57069e-10 -2.4409e-10 0)
(2.65697e-10 -2.02696e-10 0)
(2.7262e-10 -1.60354e-10 0)
(2.7777e-10 -1.17473e-10 0)
(2.81091e-10 -7.45913e-11 0)
(2.82634e-10 -3.21263e-11 0)
(2.82492e-10 9.51563e-12 0)
(2.80753e-10 4.9967e-11 0)
(2.7749e-10 8.88592e-11 0)
(2.72777e-10 1.25842e-10 0)
(2.66636e-10 1.60658e-10 0)
(2.59108e-10 1.93061e-10 0)
(2.50312e-10 2.22925e-10 0)
(2.4037e-10 2.50086e-10 0)
(2.29412e-10 2.74516e-10 0)
(2.17588e-10 2.96157e-10 0)
(2.05053e-10 3.14954e-10 0)
(1.91921e-10 3.30889e-10 0)
(1.7834e-10 3.43991e-10 0)
(1.64458e-10 3.54272e-10 0)
(1.50422e-10 3.61773e-10 0)
(1.36376e-10 3.6651e-10 0)
(1.22428e-10 3.68502e-10 0)
(1.08613e-10 3.67761e-10 0)
(9.51691e-11 3.64294e-10 0)
(8.22938e-11 3.58064e-10 0)
(6.98687e-11 3.49018e-10 0)
(5.81453e-11 3.37028e-10 0)
(4.79201e-11 3.21915e-10 0)
(3.85353e-11 3.03429e-10 0)
(2.97037e-11 2.81118e-10 0)
(2.25862e-11 2.54374e-10 0)
(1.65564e-11 2.23385e-10 0)
(9.50658e-12 1.86621e-10 0)
(4.68953e-12 1.42113e-10 0)
(1.7354e-12 9.33782e-11 0)
(-5.55261e-14 3.43265e-11 0)
(-2.09874e-12 -5.70124e-11 0)
(3.7475e-12 -1.52186e-10 0)
(5.94627e-12 -2.35944e-10 0)
(9.05628e-12 -3.06231e-10 0)
(1.56449e-11 -3.64124e-10 0)
(2.42339e-11 -4.10275e-10 0)
(3.18296e-11 -4.45828e-10 0)
(4.10611e-11 -4.71436e-10 0)
(5.21828e-11 -4.87677e-10 0)
(6.35647e-11 -4.95456e-10 0)
(7.48599e-11 -4.95458e-10 0)
(8.68532e-11 -4.8833e-10 0)
(9.86771e-11 -4.74803e-10 0)
(1.10194e-10 -4.55451e-10 0)
(1.21231e-10 -4.30905e-10 0)
(1.31663e-10 -4.0183e-10 0)
(1.41297e-10 -3.68781e-10 0)
(1.50013e-10 -3.32436e-10 0)
(1.57725e-10 -2.9333e-10 0)
(1.64374e-10 -2.52138e-10 0)
(1.69844e-10 -2.09325e-10 0)
(1.74114e-10 -1.65508e-10 0)
(1.77156e-10 -1.21166e-10 0)
(1.78947e-10 -7.68045e-11 0)
(1.79547e-10 -3.28356e-11 0)
(1.79021e-10 1.02738e-11 0)
(1.77423e-10 5.21793e-11 0)
(1.74756e-10 9.24456e-11 0)
(1.71067e-10 1.30742e-10 0)
(1.66421e-10 1.66741e-10 0)
(1.60897e-10 2.0026e-10 0)
(1.54562e-10 2.31092e-10 0)
(1.47489e-10 2.59154e-10 0)
(1.39784e-10 2.84343e-10 0)
(1.31559e-10 3.0662e-10 0)
(1.22909e-10 3.2595e-10 0)
(1.13951e-10 3.42285e-10 0)
(1.04803e-10 3.55678e-10 0)
(9.55499e-11 3.66151e-10 0)
(8.63014e-11 3.73702e-10 0)
(7.71015e-11 3.7835e-10 0)
(6.81795e-11 3.80174e-10 0)
(5.94047e-11 3.79235e-10 0)
(5.10748e-11 3.75432e-10 0)
(4.33018e-11 3.68755e-10 0)
(3.59345e-11 3.59149e-10 0)
(2.9132e-11 3.46512e-10 0)
(2.36531e-11 3.30608e-10 0)
(1.87673e-11 3.11146e-10 0)
(1.42428e-11 2.87892e-10 0)
(1.1279e-11 2.60407e-10 0)
(7.99099e-12 2.27728e-10 0)
(4.80018e-12 1.89616e-10 0)
(2.58454e-12 1.46531e-10 0)
(1.75365e-13 9.32474e-11 0)
(2.36426e-13 3.51441e-11 0)
(-2.23816e-12 -5.69478e-11 0)
(2.73367e-12 -1.53262e-10 0)
(2.65585e-12 -2.37843e-10 0)
(2.71117e-12 -3.09389e-10 0)
(5.47434e-12 -3.68435e-10 0)
(9.51042e-12 -4.15836e-10 0)
(1.20295e-11 -4.52372e-10 0)
(1.57873e-11 -4.78715e-10 0)
(2.1111e-11 -4.95665e-10 0)
(2.67835e-11 -5.03859e-10 0)
(3.15782e-11 -5.04049e-10 0)
(3.75973e-11 -4.97095e-10 0)
(4.34327e-11 -4.83452e-10 0)
(4.91449e-11 -4.63843e-10 0)
(5.45863e-11 -4.38901e-10 0)
(5.97417e-11 -4.09271e-10 0)
(6.44745e-11 -3.75603e-10 0)
(6.86885e-11 -3.38513e-10 0)
(7.23381e-11 -2.9863e-10 0)
(7.53756e-11 -2.56519e-10 0)
(7.77607e-11 -2.12851e-10 0)
(7.94645e-11 -1.68093e-10 0)
(8.0501e-11 -1.22846e-10 0)
(8.08354e-11 -7.75386e-11 0)
(8.04931e-11 -3.26577e-11 0)
(7.95565e-11 1.14156e-11 0)
(7.80471e-11 5.42076e-11 0)
(7.59436e-11 9.53135e-11 0)
(7.33036e-11 1.34311e-10 0)
(7.01688e-11 1.70939e-10 0)
(6.65652e-11 2.05028e-10 0)
(6.25757e-11 2.36404e-10 0)
(5.82874e-11 2.64929e-10 0)
(5.37435e-11 2.90521e-10 0)
(4.90327e-11 3.13092e-10 0)
(4.41769e-11 3.32621e-10 0)
(3.9268e-11 3.49119e-10 0)
(3.44254e-11 3.62585e-10 0)
(2.96584e-11 3.73032e-10 0)
(2.50797e-11 3.805e-10 0)
(2.06367e-11 3.85016e-10 0)
(1.65044e-11 3.86646e-10 0)
(1.25557e-11 3.85334e-10 0)
(9.18077e-12 3.81145e-10 0)
(6.29302e-12 3.74043e-10 0)
(3.75346e-12 3.63951e-10 0)
(1.66908e-12 3.50731e-10 0)
(6.85154e-13 3.34213e-10 0)
(1.91128e-13 3.1418e-10 0)
(-1.86582e-13 2.90258e-10 0)
(5.95989e-14 2.61939e-10 0)
(6.09975e-13 2.29197e-10 0)
(9.37097e-13 1.90913e-10 0)
(-7.14944e-13 1.45141e-10 0)
(-9.74774e-13 9.4469e-11 0)
(-5.14158e-13 3.45422e-11 0)
(-2.04297e-12 -5.665e-11 0)
(1.53112e-12 -1.52999e-10 0)
(-2.95621e-13 -2.37681e-10 0)
(-3.2646e-12 -3.09434e-10 0)
(-4.05765e-12 -3.68871e-10 0)
(-4.25905e-12 -4.16712e-10 0)
(-6.48225e-12 -4.53691e-10 0)
(-7.91828e-12 -4.80449e-10 0)
(-8.06885e-12 -4.97777e-10 0)
(-8.57705e-12 -5.06244e-10 0)
(-8.99995e-12 -5.06725e-10 0)
(-9.10745e-12 -4.99952e-10 0)
(-8.96127e-12 -4.8633e-10 0)
(-8.86117e-12 -4.66653e-10 0)
(-8.75286e-12 -4.4158e-10 0)
(-8.6693e-12 -4.11724e-10 0)
(-8.68226e-12 -3.7779e-10 0)
(-8.81858e-12 -3.40373e-10 0)
(-9.06386e-12 -3.00136e-10 0)
(-9.48788e-12 -2.57657e-10 0)
(-1.00999e-11 -2.13587e-10 0)
(-1.08622e-11 -1.68457e-10 0)
(-1.17925e-11 -1.22829e-10 0)
(-1.28511e-11 -7.71378e-11 0)
(-1.39955e-11 -3.18217e-11 0)
(-1.52313e-11 1.27117e-11 0)
(-1.6626e-11 5.59174e-11 0)
(-1.82385e-11 9.73653e-11 0)
(-1.99995e-11 1.36647e-10 0)
(-2.17227e-11 1.73487e-10 0)
(-2.33773e-11 2.07719e-10 0)
(-2.5002e-11 2.39223e-10 0)
(-2.65707e-11 2.67845e-10 0)
(-2.80612e-11 2.93477e-10 0)
(-2.94315e-11 3.16069e-10 0)
(-3.06108e-11 3.35522e-10 0)
(-3.15778e-11 3.51938e-10 0)
(-3.23167e-11 3.65244e-10 0)
(-3.27961e-11 3.75486e-10 0)
(-3.29794e-11 3.82718e-10 0)
(-3.28004e-11 3.86974e-10 0)
(-3.22642e-11 3.8827e-10 0)
(-3.13679e-11 3.86604e-10 0)
(-3.01842e-11 3.82024e-10 0)
(-2.84397e-11 3.74514e-10 0)
(-2.64306e-11 3.64007e-10 0)
(-2.40888e-11 3.50375e-10 0)
(-2.07086e-11 3.33436e-10 0)
(-1.71828e-11 3.12945e-10 0)
(-1.39847e-11 2.88714e-10 0)
(-9.5041e-12 2.60413e-10 0)
(-6.13793e-12 2.26896e-10 0)
(-4.99449e-12 1.88447e-10 0)
(-1.53318e-12 1.44674e-10 0)
(-9.45291e-13 9.19298e-11 0)
(4.75505e-13 3.40618e-11 0)
(-1.95896e-12 -5.58786e-11 0)
(3.09386e-13 -1.51355e-10 0)
(-3.22661e-12 -2.35229e-10 0)
(-8.71723e-12 -3.06347e-10 0)
(-1.28842e-11 -3.65467e-10 0)
(-1.70755e-11 -4.13172e-10 0)
(-2.38022e-11 -4.50135e-10 0)
(-3.01668e-11 -4.77022e-10 0)
(-3.55934e-11 -4.94498e-10 0)
(-4.18001e-11 -5.03214e-10 0)
(-4.71382e-11 -5.03921e-10 0)
(-5.30303e-11 -4.97254e-10 0)
(-5.83634e-11 -4.83824e-10 0)
(-6.36117e-11 -4.64274e-10 0)
(-6.8637e-11 -4.39304e-10 0)
(-7.33983e-11 -4.09577e-10 0)
(-7.79245e-11 -3.75719e-10 0)
(-8.22016e-11 -3.38357e-10 0)
(-8.62077e-11 -2.98139e-10 0)
(-8.99493e-11 -2.55718e-10 0)
(-9.34102e-11 -2.11649e-10 0)
(-9.65432e-11 -1.66547e-10 0)
(-9.92707e-11 -1.20906e-10 0)
(-1.01555e-10 -7.52224e-11 0)
(-1.03412e-10 -2.99795e-11 0)
(-1.04951e-10 1.43243e-11 0)
(-1.06274e-10 5.7233e-11 0)
(-1.07379e-10 9.83545e-11 0)
(-1.08176e-10 1.37393e-10 0)
(-1.08514e-10 1.74113e-10 0)
(-1.08345e-10 2.0822e-10 0)
(-1.07715e-10 2.39544e-10 0)
(-1.06662e-10 2.67947e-10 0)
(-1.05175e-10 2.93341e-10 0)
(-1.03287e-10 3.15651e-10 0)
(-1.00948e-10 3.34875e-10 0)
(-9.81576e-11 3.50944e-10 0)
(-9.49604e-11 3.63925e-10 0)
(-9.13226e-11 3.73817e-10 0)
(-8.7261e-11 3.80682e-10 0)
(-8.26824e-11 3.84544e-10 0)
(-7.78589e-11 3.8544e-10 0)
(-7.25135e-11 3.83464e-10 0)
(-6.68742e-11 3.78558e-10 0)
(-6.07384e-11 3.70698e-10 0)
(-5.44064e-11 3.59863e-10 0)
(-4.7885e-11 3.45955e-10 0)
(-4.06217e-11 3.28766e-10 0)
(-3.3198e-11 3.08126e-10 0)
(-2.60347e-11 2.83846e-10 0)
(-1.9558e-11 2.55361e-10 0)
(-1.31796e-11 2.22586e-10 0)
(-6.06003e-12 1.8452e-10 0)
(-4.92612e-12 1.39604e-10 0)
(-3.48188e-12 9.05728e-11 0)
(-4.22903e-13 3.29043e-11 0)
(-1.94655e-12 -5.48072e-11 0)
(-6.17408e-13 -1.48255e-10 0)
(-5.63964e-12 -2.30517e-10 0)
(-1.37604e-11 -3.00309e-10 0)
(-2.11036e-11 -3.58452e-10 0)
(-2.90032e-11 -4.05505e-10 0)
(-3.99568e-11 -4.4203e-10 0)
(-5.09479e-11 -4.68706e-10 0)
(-6.12897e-11 -4.86128e-10 0)
(-7.23274e-11 -4.94998e-10 0)
(-8.34409e-11 -4.9583e-10 0)
(-9.43453e-11 -4.89259e-10 0)
(-1.0486e-10 -4.76081e-10 0)
(-1.15118e-10 -4.56875e-10 0)
(-1.24991e-10 -4.32268e-10 0)
(-1.34336e-10 -4.02941e-10 0)
(-1.43102e-10 -3.69498e-10 0)
(-1.51265e-10 -3.32576e-10 0)
(-1.58791e-10 -2.92805e-10 0)
(-1.65628e-10 -2.50817e-10 0)
(-1.71737e-10 -2.0716e-10 0)
(-1.77037e-10 -1.62419e-10 0)
(-1.81458e-10 -1.17161e-10 0)
(-1.85003e-10 -7.19902e-11 0)
(-1.87703e-10 -2.73906e-11 0)
(-1.89621e-10 1.60795e-11 0)
(-1.90822e-10 5.81211e-11 0)
(-1.91318e-10 9.84307e-11 0)
(-1.91005e-10 1.36789e-10 0)
(-1.89828e-10 1.72892e-10 0)
(-1.87828e-10 2.06506e-10 0)
(-1.85025e-10 2.37341e-10 0)
(-1.81448e-10 2.65267e-10 0)
(-1.77149e-10 2.90167e-10 0)
(-1.72131e-10 3.11965e-10 0)
(-1.6644e-10 3.30666e-10 0)
(-1.60102e-10 3.46229e-10 0)
(-1.5314e-10 3.58704e-10 0)
(-1.45615e-10 3.68118e-10 0)
(-1.3753e-10 3.74509e-10 0)
(-1.28896e-10 3.77976e-10 0)
(-1.19835e-10 3.78499e-10 0)
(-1.10393e-10 3.76121e-10 0)
(-1.00599e-10 3.70881e-10 0)
(-9.03857e-11 3.62765e-10 0)
(-8.00582e-11 3.51708e-10 0)
(-6.97058e-11 3.37648e-10 0)
(-5.86647e-11 3.20411e-10 0)
(-4.77706e-11 2.99815e-10 0)
(-3.78552e-11 2.75722e-10 0)
(-2.71876e-11 2.47749e-10 0)
(-1.78975e-11 2.15036e-10 0)
(-1.28999e-11 1.7776e-10 0)
(-5.12198e-12 1.35875e-10 0)
(-2.21515e-12 8.6367e-11 0)
(6.73044e-13 3.15775e-11 0)
(-2.36594e-12 -5.288e-11 0)
(-1.3126e-12 -1.43935e-10 0)
(-8.31392e-12 -2.23727e-10 0)
(-1.84153e-11 -2.91464e-10 0)
(-2.87153e-11 -3.48113e-10 0)
(-4.01153e-11 -3.94002e-10 0)
(-5.5029e-11 -4.29664e-10 0)
(-7.03616e-11 -4.5578e-10 0)
(-8.53021e-11 -4.72885e-10 0)
(-1.01089e-10 -4.816e-10 0)
(-1.17209e-10 -4.82497e-10 0)
(-1.32996e-10 -4.76172e-10 0)
(-1.48388e-10 -4.6332e-10 0)
(-1.63386e-10 -4.4458e-10 0)
(-1.77791e-10 -4.20568e-10 0)
(-1.91422e-10 -3.91893e-10 0)
(-2.04171e-10 -3.59193e-10 0)
(-2.15982e-10 -3.23096e-10 0)
(-2.26779e-10 -2.84218e-10 0)
(-2.36457e-10 -2.43131e-10 0)
(-2.44949e-10 -2.00444e-10 0)
(-2.52242e-10 -1.56702e-10 0)
(-2.5831e-10 -1.12491e-10 0)
(-2.63086e-10 -6.83562e-11 0)
(-2.66614e-10 -2.48517e-11 0)
(-2.68905e-10 1.75917e-11 0)
(-2.69908e-10 5.85925e-11 0)
(-2.69653e-10 9.79201e-11 0)
(-2.68179e-10 1.35316e-10 0)
(-2.65478e-10 1.70485e-10 0)
(-2.61625e-10 2.03141e-10 0)
(-2.56697e-10 2.3307e-10 0)
(-2.50699e-10 2.60087e-10 0)
(-2.43702e-10 2.84148e-10 0)
(-2.35746e-10 3.05165e-10 0)
(-2.26869e-10 3.23089e-10 0)
(-2.17141e-10 3.3795e-10 0)
(-2.06642e-10 3.49749e-10 0)
(-1.95445e-10 3.58532e-10 0)
(-1.83577e-10 3.64386e-10 0)
(-1.71096e-10 3.67328e-10 0)
(-1.58154e-10 3.6742e-10 0)
(-1.44865e-10 3.64687e-10 0)
(-1.31236e-10 3.5916e-10 0)
(-1.17252e-10 3.50833e-10 0)
(-1.03261e-10 3.39695e-10 0)
(-8.93562e-11 3.25637e-10 0)
(-7.50738e-11 3.08549e-10 0)
(-6.09207e-11 2.88284e-10 0)
(-4.7458e-11 2.64613e-10 0)
(-3.5739e-11 2.37152e-10 0)
(-2.43628e-11 2.05917e-10 0)
(-1.19818e-11 1.69869e-10 0)
(-8.6824e-12 1.2845e-10 0)
(-5.88969e-12 8.28504e-11 0)
(-3.3562e-14 2.98035e-11 0)
(-1.85816e-12 -5.06114e-11 0)
(-2.20766e-12 -1.38242e-10 0)
(-1.02403e-11 -2.14976e-10 0)
(-2.27583e-11 -2.80163e-10 0)
(-3.58875e-11 -3.34706e-10 0)
(-5.04537e-11 -3.78913e-10 0)
(-6.90611e-11 -4.13307e-10 0)
(-8.84662e-11 -4.3852e-10 0)
(-1.07706e-10 -4.55055e-10 0)
(-1.27977e-10 -4.63487e-10 0)
(-1.48694e-10 -4.64372e-10 0)
(-1.69065e-10 -4.58296e-10 0)
(-1.89005e-10 -4.45894e-10 0)
(-2.08443e-10 -4.27773e-10 0)
(-2.27089e-10 -4.04542e-10 0)
(-2.4471e-10 -3.76798e-10 0)
(-2.61186e-10 -3.45153e-10 0)
(-2.76401e-10 -3.10227e-10 0)
(-2.90216e-10 -2.72601e-10 0)
(-3.02548e-10 -2.32864e-10 0)
(-3.13325e-10 -1.91597e-10 0)
(-3.22457e-10 -1.49377e-10 0)
(-3.29912e-10 -1.0671e-10 0)
(-3.35713e-10 -6.41252e-11 0)
(-3.3985e-10 -2.21062e-11 0)
(-3.42303e-10 1.89694e-11 0)
(-3.43036e-10 5.87206e-11 0)
(-3.42053e-10 9.67829e-11 0)
(-3.39439e-10 1.32851e-10 0)
(-3.35296e-10 1.66654e-10 0)
(-3.29719e-10 1.97962e-10 0)
(-3.22763e-10 2.26606e-10 0)
(-3.14424e-10 2.52453e-10 0)
(-3.04789e-10 2.7539e-10 0)
(-2.93997e-10 2.95367e-10 0)
(-2.82097e-10 3.12327e-10 0)
(-2.69179e-10 3.26296e-10 0)
(-2.55353e-10 3.37285e-10 0)
(-2.40686e-10 3.45355e-10 0)
(-2.25286e-10 3.50562e-10 0)
(-2.09252e-10 3.52945e-10 0)
(-1.92708e-10 3.52568e-10 0)
(-1.75852e-10 3.49489e-10 0)
(-1.58711e-10 3.43727e-10 0)
(-1.41272e-10 3.35287e-10 0)
(-1.23937e-10 3.24171e-10 0)
(-1.06877e-10 3.10295e-10 0)
(-8.94361e-11 2.93564e-10 0)
(-7.25267e-11 2.73786e-10 0)
(-5.71639e-11 2.50822e-10 0)
(-4.13167e-11 2.24494e-10 0)
(-2.75253e-11 1.94109e-10 0)
(-1.94311e-11 1.59812e-10 0)
(-7.99949e-12 1.21803e-10 0)
(-3.36167e-12 7.70659e-11 0)
(1.18801e-12 2.81501e-11 0)
(-2.19725e-12 -4.80388e-11 0)
(-2.78565e-12 -1.3109e-10 0)
(-1.25118e-11 -2.04445e-10 0)
(-2.67425e-11 -2.66471e-10 0)
(-4.24351e-11 -3.1828e-10 0)
(-6.00685e-11 -3.60433e-10 0)
(-8.2153e-11 -3.93198e-10 0)
(-1.05362e-10 -4.17207e-10 0)
(-1.28631e-10 -4.32963e-10 0)
(-1.53077e-10 -4.40991e-10 0)
(-1.78059e-10 -4.41807e-10 0)
(-2.0272e-10 -4.36002e-10 0)
(-2.26897e-10 -4.24143e-10 0)
(-2.50437e-10 -4.06814e-10 0)
(-2.73014e-10 -3.84564e-10 0)
(-2.94344e-10 -3.58004e-10 0)
(-3.14255e-10 -3.27711e-10 0)
(-3.32591e-10 -2.94277e-10 0)
(-3.49201e-10 -2.58255e-10 0)
(-3.63957e-10 -2.20251e-10 0)
(-3.76771e-10 -1.80762e-10 0)
(-3.8757e-10 -1.4037e-10 0)
(-3.96322e-10 -9.95534e-11 0)
(-4.02988e-10 -5.88741e-11 0)
(-4.07533e-10 -1.87033e-11 0)
(-4.09955e-10 2.04801e-11 0)
(-4.1029e-10 5.83935e-11 0)
(-4.08607e-10 9.46237e-11 0)
(-4.04973e-10 1.2894e-10 0)
(-3.99433e-10 1.61021e-10 0)
(-3.92094e-10 1.9076e-10 0)
(-3.8307e-10 2.17898e-10 0)
(-3.72445e-10 2.4239e-10 0)
(-3.60337e-10 2.63987e-10 0)
(-3.4686e-10 2.8275e-10 0)
(-3.32095e-10 2.98559e-10 0)
(-3.16157e-10 3.11524e-10 0)
(-2.9919e-10 3.21568e-10 0)
(-2.81312e-10 3.28855e-10 0)
(-2.62648e-10 3.33324e-10 0)
(-2.43309e-10 3.35167e-10 0)
(-2.23468e-10 3.34324e-10 0)
(-2.03337e-10 3.30954e-10 0)
(-1.82986e-10 3.24984e-10 0)
(-1.62423e-10 3.1656e-10 0)
(-1.42075e-10 3.05568e-10 0)
(-1.22115e-10 2.92049e-10 0)
(-1.02157e-10 2.75787e-10 0)
(-8.27094e-11 2.56799e-10 0)
(-6.4269e-11 2.34791e-10 0)
(-4.83747e-11 2.09521e-10 0)
(-3.3186e-11 1.8106e-10 0)
(-1.65255e-11 1.48737e-10 0)
(-1.16432e-11 1.11788e-10 0)
(-7.31061e-12 7.19587e-11 0)
(-4.04974e-13 2.56769e-11 0)
(-1.73301e-12 -4.49739e-11 0)
(-3.68826e-12 -1.2312e-10 0)
(-1.40782e-11 -1.92046e-10 0)
(-3.02942e-11 -2.50438e-10 0)
(-4.86266e-11 -2.99156e-10 0)
(-6.91732e-11 -3.38833e-10 0)
(-9.44269e-11 -3.69636e-10 0)
(-1.21194e-10 -3.9217e-10 0)
(-1.48223e-10 -4.06974e-10 0)
(-1.76555e-10 -4.14478e-10 0)
(-2.05507e-10 -4.15219e-10 0)
(-2.3415e-10 -4.09674e-10 0)
(-2.62247e-10 -3.98454e-10 0)
(-2.89582e-10 -3.82006e-10 0)
(-3.15774e-10 -3.60988e-10 0)
(-3.40516e-10 -3.35823e-10 0)
(-3.63589e-10 -3.07201e-10 0)
(-3.84785e-10 -2.75522e-10 0)
(-4.03934e-10 -2.41528e-10 0)
(-4.20876e-10 -2.0554e-10 0)
(-4.35508e-10 -1.68303e-10 0)
(-4.47738e-10 -1.30079e-10 0)
(-4.5755e-10 -9.1624e-11 0)
(-4.64914e-10 -5.31105e-11 0)
(-4.69809e-10 -1.52835e-11 0)
(-4.72213e-10 2.17638e-11 0)
(-4.72129e-10 5.73396e-11 0)
(-4.69619e-10 9.15184e-11 0)
(-4.64796e-10 1.23669e-10 0)
(-4.57767e-10 1.53951e-10 0)
(-4.48694e-10 1.81758e-10 0)
(-4.37701e-10 2.07305e-10 0)
(-4.24907e-10 2.30028e-10 0)
(-4.10422e-10 2.50238e-10 0)
(-3.94382e-10 2.67466e-10 0)
(-3.76904e-10 2.82134e-10 0)
(-3.58146e-10 2.9381e-10 0)
(-3.38261e-10 3.02966e-10 0)
(-3.17388e-10 3.09223e-10 0)
(-2.95682e-10 3.13086e-10 0)
(-2.733e-10 3.14213e-10 0)
(-2.50446e-10 3.13071e-10 0)
(-2.27364e-10 3.09328e-10 0)
(-2.04112e-10 3.03383e-10 0)
(-1.80724e-10 2.94948e-10 0)
(-1.57697e-10 2.84335e-10 0)
(-1.35282e-10 2.71186e-10 0)
(-1.12818e-10 2.55742e-10 0)
(-9.12582e-11 2.3758e-10 0)
(-7.18297e-11 2.168e-10 0)
(-5.20929e-11 1.93155e-10 0)
(-3.48764e-11 1.65919e-10 0)
(-2.46673e-11 1.35631e-10 0)
(-1.01305e-11 1.03012e-10 0)
(-3.56823e-12 6.46312e-11 0)
(1.06578e-12 2.31772e-11 0)
(-1.81877e-12 -4.18058e-11 0)
(-4.45247e-12 -1.14129e-10 0)
(-1.59029e-11 -1.78046e-10 0)
(-3.38398e-11 -2.3219e-10 0)
(-5.4509e-11 -2.77281e-10 0)
(-7.77921e-11 -3.14146e-10 0)
(-1.06039e-10 -3.42692e-10 0)
(-1.36137e-10 -3.63553e-10 0)
(-1.66686e-10 -3.77223e-10 0)
(-1.98642e-10 -3.84168e-10 0)
(-2.31251e-10 -3.84768e-10 0)
(-2.63574e-10 -3.79586e-10 0)
(-2.95276e-10 -3.69037e-10 0)
(-3.26124e-10 -3.53702e-10 0)
(-3.55656e-10 -3.33962e-10 0)
(-3.83524e-10 -3.10511e-10 0)
(-4.09449e-10 -2.83719e-10 0)
(-4.33267e-10 -2.54267e-10 0)
(-4.54703e-10 -2.22449e-10 0)
(-4.73609e-10 -1.88987e-10 0)
(-4.89837e-10 -1.54172e-10 0)
(-5.03338e-10 -1.18688e-10 0)
(-5.14024e-10 -8.27853e-11 0)
(-5.21902e-10 -4.70742e-11 0)
(-5.26926e-10 -1.17859e-11 0)
(-5.29129e-10 2.25329e-11 0)
(-5.28482e-10 5.5741e-11 0)
(-5.25102e-10 8.73441e-11 0)
(-5.19092e-10 1.17284e-10 0)
(-5.10593e-10 1.45172e-10 0)
(-4.99785e-10 1.71003e-10 0)
(-4.86871e-10 1.94435e-10 0)
(-4.71962e-10 2.1548e-10 0)
(-4.55212e-10 2.33886e-10 0)
(-4.36742e-10 2.49717e-10 0)
(-4.16714e-10 2.62803e-10 0)
(-3.95301e-10 2.73344e-10 0)
(-3.7269e-10 2.81236e-10 0)
(-3.4905e-10 2.86688e-10 0)
(-3.24543e-10 2.89607e-10 0)
(-2.99376e-10 2.90243e-10 0)
(-2.73755e-10 2.88551e-10 0)
(-2.47992e-10 2.84747e-10 0)
(-2.22129e-10 2.78766e-10 0)
(-1.96262e-10 2.70708e-10 0)
(-1.70882e-10 2.60462e-10 0)
(-1.4621e-10 2.48071e-10 0)
(-1.21893e-10 2.33418e-10 0)
(-9.85439e-11 2.16513e-10 0)
(-7.64392e-11 1.97182e-10 0)
(-5.78996e-11 1.74916e-10 0)
(-4.02522e-11 1.50205e-10 0)
(-1.97696e-11 1.22856e-10 0)
(-1.37943e-11 9.10467e-11 0)
(-8.74956e-12 5.86404e-11 0)
(-1.99608e-13 2.02406e-11 0)
(-1.43913e-12 -3.82621e-11 0)
(-5.44301e-12 -1.04476e-10 0)
(-1.74274e-11 -1.62478e-10 0)
(-3.70857e-11 -2.12127e-10 0)
(-6.02699e-11 -2.52994e-10 0)
(-8.62558e-11 -2.86551e-10 0)
(-1.17215e-10 -3.12606e-10 0)
(-1.50406e-10 -3.31593e-10 0)
(-1.84266e-10 -3.43945e-10 0)
(-2.19572e-10 -3.50242e-10 0)
(-2.55596e-10 -3.50695e-10 0)
(-2.91303e-10 -3.45933e-10 0)
(-3.26339e-10 -3.36099e-10 0)
(-3.60332e-10 -3.22052e-10 0)
(-3.92908e-10 -3.03782e-10 0)
(-4.23656e-10 -2.8236e-10 0)
(-4.52264e-10 -2.57572e-10 0)
(-4.78388e-10 -2.30683e-10 0)
(-5.01859e-10 -2.01284e-10 0)
(-5.22489e-10 -1.70795e-10 0)
(-5.40134e-10 -1.38602e-10 0)
(-5.54677e-10 -1.06333e-10 0)
(-5.66059e-10 -7.30917e-11 0)
(-5.74284e-10 -4.07338e-11 0)
(-5.79337e-10 -8.07473e-12 0)
(-5.81196e-10 2.28645e-11 0)
(-5.79908e-10 5.35591e-11 0)
(-5.75565e-10 8.18748e-11 0)
(-5.68289e-10 1.0957e-10 0)
(-5.58254e-10 1.34434e-10 0)
(-5.45698e-10 1.58393e-10 0)
(-5.30854e-10 1.79144e-10 0)
(-5.13873e-10 1.98738e-10 0)
(-4.94937e-10 2.14749e-10 0)
(-4.74215e-10 2.29454e-10 0)
(-4.51805e-10 2.40484e-10 0)
(-4.27904e-10 2.50257e-10 0)
(-4.02749e-10 2.56456e-10 0)
(-3.76552e-10 2.61466e-10 0)
(-3.49495e-10 2.63087e-10 0)
(-3.21747e-10 2.63689e-10 0)
(-2.93585e-10 2.61217e-10 0)
(-2.65299e-10 2.57833e-10 0)
(-2.3708e-10 2.51598e-10 0)
(-2.09009e-10 2.44354e-10 0)
(-1.81627e-10 2.34354e-10 0)
(-1.55169e-10 2.23232e-10 0)
(-1.28977e-10 2.09372e-10 0)
(-1.04023e-10 1.94166e-10 0)
(-8.20056e-11 1.76072e-10 0)
(-5.9782e-11 1.56371e-10 0)
(-3.97626e-11 1.33697e-10 0)
(-2.88717e-11 1.08095e-10 0)
(-1.18241e-11 8.09726e-11 0)
(-3.75137e-12 5.14614e-11 0)
(1.52281e-12 1.76769e-11 0)
(-1.12958e-12 -3.48149e-11 0)
(-5.98831e-12 -9.47202e-11 0)
(-1.92887e-11 -1.46858e-10 0)
(-4.06258e-11 -1.91441e-10 0)
(-6.56788e-11 -2.28229e-10 0)
(-9.44528e-11 -2.57892e-10 0)
(-1.2815e-10 -2.81199e-10 0)
(-1.64164e-10 -2.97979e-10 0)
(-2.01115e-10 -3.09026e-10 0)
(-2.39609e-10 -3.14369e-10 0)
(-2.78809e-10 -3.14883e-10 0)
(-3.17578e-10 -3.10267e-10 0)
(-3.55688e-10 -3.01741e-10 0)
(-3.92639e-10 -2.88698e-10 0)
(-4.28076e-10 -2.72757e-10 0)
(-4.61357e-10 -2.52936e-10 0)
(-4.92325e-10 -2.31254e-10 0)
(-5.20561e-10 -2.063e-10 0)
(-5.45903e-10 -1.80581e-10 0)
(-5.67979e-10 -1.52252e-10 0)
(-5.86843e-10 -1.24187e-10 0)
(-6.02174e-10 -9.40772e-11 0)
(-6.14143e-10 -6.51822e-11 0)
(-6.22517e-10 -3.48308e-11 0)
(-6.27486e-10 -6.58607e-12 0)
(-6.28878e-10 2.25881e-11 0)
(-6.2688e-10 4.89015e-11 0)
(-6.21436e-10 7.57937e-11 0)
(-6.12837e-10 9.92791e-11 0)
(-6.01173e-10 1.23139e-10 0)
(-5.86831e-10 1.43198e-10 0)
(-5.7001e-10 1.63358e-10 0)
(-5.5106e-10 1.79263e-10 0)
(-5.30028e-10 1.95043e-10 0)
(-5.07096e-10 2.06385e-10 0)
(-4.82393e-10 2.17686e-10 0)
(-4.56143e-10 2.24609e-10 0)
(-4.2866e-10 2.31531e-10 0)
(-4.00078e-10 2.34216e-10 0)
(-3.70639e-10 2.36958e-10 0)
(-3.40457e-10 2.35836e-10 0)
(-3.09987e-10 2.34874e-10 0)
(-2.79448e-10 2.30328e-10 0)
(-2.49215e-10 2.25764e-10 0)
(-2.19192e-10 2.17866e-10 0)
(-1.90061e-10 2.09756e-10 0)
(-1.61893e-10 1.985e-10 0)
(-1.34542e-10 1.86804e-10 0)
(-1.08504e-10 1.72087e-10 0)
(-8.41118e-11 1.56678e-10 0)
(-6.344e-11 1.3841e-10 0)
(-4.49308e-11 1.18161e-10 0)
(-2.25767e-11 9.63805e-11 0)
(-1.43162e-11 7.20333e-11 0)
(-8.94672e-12 4.50521e-11 0)
(1.09109e-12 1.60138e-11 0)
(-1.23362e-12 -3.15737e-11 0)
(-6.79021e-12 -8.41047e-11 0)
(-2.13643e-11 -1.30457e-10 0)
(-4.45079e-11 -1.69178e-10 0)
(-7.15177e-11 -2.01687e-10 0)
(-1.02559e-10 -2.27421e-10 0)
(-1.38877e-10 -2.47466e-10 0)
(-1.77664e-10 -2.62068e-10 0)
(-2.17453e-10 -2.7148e-10 0)
(-2.5899e-10 -2.76132e-10 0)
(-3.01099e-10 -2.76312e-10 0)
(-3.42969e-10 -2.72411e-10 0)
(-3.8383e-10 -2.64731e-10 0)
(-4.23598e-10 -2.53566e-10 0)
(-4.61427e-10 -2.39303e-10 0)
(-4.97219e-10 -2.22233e-10 0)
(-5.30159e-10 -2.02851e-10 0)
(-5.60339e-10 -1.81336e-10 0)
(-5.8711e-10 -1.5826e-10 0)
(-6.10634e-10 -1.33843e-10 0)
(-6.30298e-10 -1.0861e-10 0)
(-6.4638e-10 -8.26532e-11 0)
(-6.58481e-10 -5.661e-11 0)
(-6.66948e-10 -3.03678e-11 0)
(-6.71471e-10 -4.83217e-12 0)
(-6.72346e-10 2.03648e-11 0)
(-6.69323e-10 4.41818e-11 0)
(-6.628e-10 6.73157e-11 0)
(-6.52665e-10 8.86871e-11 0)
(-6.39391e-10 1.09119e-10 0)
(-6.23205e-10 1.27443e-10 0)
(-6.04632e-10 1.44536e-10 0)
(-5.83704e-10 1.59062e-10 0)
(-5.60674e-10 1.72124e-10 0)
(-5.35557e-10 1.82497e-10 0)
(-5.08586e-10 1.91555e-10 0)
(-4.80077e-10 1.98092e-10 0)
(-4.50259e-10 2.03494e-10 0)
(-4.19504e-10 2.06253e-10 0)
(-3.87742e-10 2.08056e-10 0)
(-3.55464e-10 2.07542e-10 0)
(-3.22807e-10 2.06157e-10 0)
(-2.90536e-10 2.02577e-10 0)
(-2.58425e-10 1.98085e-10 0)
(-2.26994e-10 1.91389e-10 0)
(-1.96387e-10 1.83714e-10 0)
(-1.67235e-10 1.73868e-10 0)
(-1.3849e-10 1.63139e-10 0)
(-1.11455e-10 1.50474e-10 0)
(-8.73609e-11 1.36563e-10 0)
(-6.4451e-11 1.20308e-10 0)
(-4.24639e-11 1.04201e-10 0)
(-3.02845e-11 8.40996e-11 0)
(-1.29904e-11 6.24519e-11 0)
(-2.54023e-12 4.04144e-11 0)
(9.29333e-13 1.43847e-11 0)
(-2.00672e-12 -2.76753e-11 0)
(-7.03527e-12 -7.29412e-11 0)
(-2.3917e-11 -1.12099e-10 0)
(-4.86712e-11 -1.43775e-10 0)
(-7.77116e-11 -1.70139e-10 0)
(-1.10707e-10 -1.91163e-10 0)
(-1.49651e-10 -2.07322e-10 0)
(-1.91053e-10 -2.19318e-10 0)
(-2.33636e-10 -2.26681e-10 0)
(-2.77938e-10 -2.30676e-10 0)
(-3.22981e-10 -2.30282e-10 0)
(-3.67536e-10 -2.27311e-10 0)
(-4.11169e-10 -2.20137e-10 0)
(-4.53362e-10 -2.11386e-10 0)
(-4.93665e-10 -1.98482e-10 0)
(-5.31462e-10 -1.85067e-10 0)
(-5.66408e-10 -1.67524e-10 0)
(-5.98106e-10 -1.50686e-10 0)
(-6.26397e-10 -1.29738e-10 0)
(-6.50846e-10 -1.10705e-10 0)
(-6.71373e-10 -8.75612e-11 0)
(-6.87777e-10 -6.75203e-11 0)
(-7.00033e-10 -4.33474e-11 0)
(-7.08202e-10 -2.35249e-11 0)
(-7.12281e-10 4.41171e-13 0)
(-7.12339e-10 1.89283e-11 0)
(-7.08355e-10 4.15263e-11 0)
(-7.0042e-10 5.77884e-11 0)
(-6.88802e-10 7.82285e-11 0)
(-6.73781e-10 9.15443e-11 0)
(-6.55791e-10 1.09035e-10 0)
(-6.35292e-10 1.18924e-10 0)
(-6.12514e-10 1.33395e-10 0)
(-5.875e-10 1.40387e-10 0)
(-5.60271e-10 1.52299e-10 0)
(-5.3105e-10 1.56482e-10 0)
(-5.00148e-10 1.65449e-10 0)
(-4.6827e-10 1.66622e-10 0)
(-4.35326e-10 1.72519e-10 0)
(-4.01472e-10 1.71223e-10 0)
(-3.67114e-10 1.74176e-10 0)
(-3.32696e-10 1.69932e-10 0)
(-2.98616e-10 1.69591e-10 0)
(-2.65222e-10 1.62919e-10 0)
(-2.32468e-10 1.59673e-10 0)
(-2.00925e-10 1.50726e-10 0)
(-1.70576e-10 1.44744e-10 0)
(-1.41103e-10 1.33876e-10 0)
(-1.1355e-10 1.25101e-10 0)
(-8.82402e-11 1.12184e-10 0)
(-6.53781e-11 1.01067e-10 0)
(-4.63651e-11 8.60024e-11 0)
(-2.5137e-11 7.01745e-11 0)
(-1.41374e-11 5.52138e-11 0)
(-6.18515e-12 3.34095e-11 0)
(-1.09676e-12 1.19651e-11 0)
(-3.54766e-13 -2.35267e-11 0)
(-8.51792e-12 -6.01726e-11 0)
(-2.51985e-11 -9.14258e-11 0)
(-5.11872e-11 -1.16099e-10 0)
(-8.26164e-11 -1.35478e-10 0)
(-1.18167e-10 -1.51531e-10 0)
(-1.59884e-10 -1.64028e-10 0)
(-2.04e-10 -1.72445e-10 0)
(-2.49538e-10 -1.78356e-10 0)
(-2.96607e-10 -1.80697e-10 0)
(-3.44483e-10 -1.80877e-10 0)
(-3.91653e-10 -1.77454e-10 0)
(-4.38054e-10 -1.72723e-10 0)
(-4.82557e-10 -1.64413e-10 0)
(-5.25247e-10 -1.55641e-10 0)
(-5.64898e-10 -1.43169e-10 0)
(-6.01812e-10 -1.31208e-10 0)
(-6.34825e-10 -1.15447e-10 0)
(-6.64448e-10 -1.01285e-10 0)
(-6.89617e-10 -8.31407e-11 0)
(-7.10911e-10 -6.77842e-11 0)
(-7.27407e-10 -4.8314e-11 0)
(-7.39955e-10 -3.26987e-11 0)
(-7.47633e-10 -1.28939e-11 0)
(-7.51321e-10 1.98505e-12 0)
(-7.50358e-10 2.08991e-11 0)
(-7.45479e-10 3.38987e-11 0)
(-7.36266e-10 5.1006e-11 0)
(-7.23549e-10 6.13515e-11 0)
(-7.07101e-10 7.57307e-11 0)
(-6.87717e-10 8.28058e-11 0)
(-6.65118e-10 9.45814e-11 0)
(-6.39699e-10 9.95458e-11 0)
(-6.11606e-10 1.09902e-10 0)
(-5.81557e-10 1.1358e-10 0)
(-5.49786e-10 1.22533e-10 0)
(-5.16643e-10 1.24467e-10 0)
(-4.82437e-10 1.31218e-10 0)
(-4.4695e-10 1.31528e-10 0)
(-4.11249e-10 1.35888e-10 0)
(-3.75403e-10 1.33737e-10 0)
(-3.39914e-10 1.35177e-10 0)
(-3.04342e-10 1.30473e-10 0)
(-2.69796e-10 1.29098e-10 0)
(-2.35686e-10 1.22647e-10 0)
(-2.03233e-10 1.19088e-10 0)
(-1.71772e-10 1.11272e-10 0)
(-1.41911e-10 1.05735e-10 0)
(-1.13287e-10 9.67773e-11 0)
(-8.81107e-11 8.94964e-11 0)
(-6.40747e-11 7.89697e-11 0)
(-4.35619e-11 6.91119e-11 0)
(-2.79238e-11 5.85167e-11 0)
(-1.29742e-11 4.23105e-11 0)
(-4.05173e-12 2.9276e-11 0)
(1.77457e-12 9.39436e-12 0)
(-3.14362e-12 -1.71881e-11 0)
(-8.91626e-12 -4.55714e-11 0)
(-2.78527e-11 -6.64681e-11 0)
(-5.43704e-11 -8.56339e-11 0)
(-8.76919e-11 -9.92833e-11 0)
(-1.26377e-10 -1.11362e-10 0)
(-1.70063e-10 -1.20677e-10 0)
(-2.17068e-10 -1.27072e-10 0)
(-2.65486e-10 -1.3122e-10 0)
(-3.15589e-10 -1.33143e-10 0)
(-3.65945e-10 -1.32967e-10 0)
(-4.16122e-10 -1.30738e-10 0)
(-4.64748e-10 -1.26848e-10 0)
(-5.12038e-10 -1.21143e-10 0)
(-5.56492e-10 -1.14133e-10 0)
(-5.98506e-10 -1.05476e-10 0)
(-6.36576e-10 -9.59466e-11 0)
(-6.71431e-10 -8.49454e-11 0)
(-7.01604e-10 -7.36199e-11 0)
(-7.28035e-10 -6.11106e-11 0)
(-7.49344e-10 -4.87914e-11 0)
(-7.66571e-10 -3.5507e-11 0)
(-7.78463e-10 -2.28751e-11 0)
(-7.86125e-10 -9.30715e-12 0)
(-7.88639e-10 3.00445e-12 0)
(-7.87154e-10 1.56679e-11 0)
(-7.80854e-10 2.64606e-11 0)
(-7.70836e-10 3.7547e-11 0)
(-7.56624e-10 4.6523e-11 0)
(-7.39049e-10 5.56405e-11 0)
(-7.17419e-10 6.25116e-11 0)
(-6.92429e-10 6.9874e-11 0)
(-6.64143e-10 7.53366e-11 0)
(-6.33275e-10 8.16597e-11 0)
(-6.0023e-10 8.5928e-11 0)
(-5.65579e-10 9.08565e-11 0)
(-5.29865e-10 9.34647e-11 0)
(-4.92836e-10 9.69168e-11 0)
(-4.55805e-10 9.7862e-11 0)
(-4.18296e-10 9.96793e-11 0)
(-3.81161e-10 9.88098e-11 0)
(-3.44041e-10 9.84812e-11 0)
(-3.07934e-10 9.57294e-11 0)
(-2.71844e-10 9.37805e-11 0)
(-2.37232e-10 8.96476e-11 0)
(-2.03402e-10 8.63087e-11 0)
(-1.71754e-10 8.10299e-11 0)
(-1.40505e-10 7.65761e-11 0)
(-1.1207e-10 7.01554e-11 0)
(-8.59378e-11 6.42335e-11 0)
(-6.34916e-11 5.71664e-11 0)
(-4.24621e-11 4.94018e-11 0)
(-2.53285e-11 4.08166e-11 0)
(-1.42336e-11 3.15813e-11 0)
(-6.18688e-12 2.03268e-11 0)
(-1.76639e-12 6.24095e-12 0)
(2.99436e-13 -9.76463e-12 0)
(-1.19878e-11 -2.58569e-11 0)
(-3.02042e-11 -4.00288e-11 0)
(-5.99543e-11 -5.09352e-11 0)
(-9.45573e-11 -6.06465e-11 0)
(-1.35993e-10 -6.90837e-11 0)
(-1.82288e-10 -7.55849e-11 0)
(-2.31515e-10 -8.01508e-11 0)
(-2.8269e-10 -8.26023e-11 0)
(-3.35231e-10 -8.42448e-11 0)
(-3.88417e-10 -8.39135e-11 0)
(-4.40931e-10 -8.30183e-11 0)
(-4.92357e-10 -7.99446e-11 0)
(-5.41606e-10 -7.70564e-11 0)
(-5.88516e-10 -7.18412e-11 0)
(-6.32054e-10 -6.73123e-11 0)
(-6.72116e-10 -6.00695e-11 0)
(-7.07871e-10 -5.44013e-11 0)
(-7.39497e-10 -4.57383e-11 0)
(-7.66202e-10 -3.95099e-11 0)
(-7.88305e-10 -3.00965e-11 0)
(-8.05348e-10 -2.43585e-11 0)
(-8.175e-10 -1.50556e-11 0)
(-8.24094e-10 -8.58342e-12 0)
(-8.25789e-10 2.92949e-12 0)
(-8.22513e-10 8.7294e-12 0)
(-8.15043e-10 1.77416e-11 0)
(-8.03073e-10 2.16115e-11 0)
(-7.87205e-10 3.04927e-11 0)
(-7.67334e-10 3.3919e-11 0)
(-7.43859e-10 4.26467e-11 0)
(-7.16548e-10 4.55411e-11 0)
(-6.85653e-10 5.3498e-11 0)
(-6.5202e-10 5.4665e-11 0)
(-6.16583e-10 6.06762e-11 0)
(-5.79793e-10 5.98671e-11 0)
(-5.41692e-10 6.41563e-11 0)
(-5.03011e-10 6.21212e-11 0)
(-4.63341e-10 6.49621e-11 0)
(-4.24029e-10 6.181e-11 0)
(-3.85416e-10 6.32636e-11 0)
(-3.47411e-10 5.95302e-11 0)
(-3.09469e-10 6.04888e-11 0)
(-2.727e-10 5.65309e-11 0)
(-2.36794e-10 5.63327e-11 0)
(-2.02696e-10 5.18193e-11 0)
(-1.69957e-10 5.04797e-11 0)
(-1.3928e-10 4.54691e-11 0)
(-1.10462e-10 4.28257e-11 0)
(-8.44722e-11 3.71291e-11 0)
(-6.12699e-11 3.26321e-11 0)
(-4.14712e-11 2.72964e-11 0)
(-2.61491e-11 2.29085e-11 0)
(-1.2242e-11 1.66729e-11 0)
(-6.05395e-12 9.61651e-12 0)
(1.94504e-12 2.52934e-12 0)
(-1.42103e-12 -3.51615e-12 0)
(-1.35411e-11 -9.06755e-12 0)
(-3.44646e-11 -1.17887e-11 0)
(-6.49093e-11 -1.77065e-11 0)
(-1.03193e-10 -1.998e-11 0)
(-1.46371e-10 -2.24948e-11 0)
(-1.945e-10 -2.43149e-11 0)
(-2.46176e-10 -2.55946e-11 0)
(-3.00195e-10 -2.66904e-11 0)
(-3.55717e-10 -2.71834e-11 0)
(-4.11511e-10 -2.69653e-11 0)
(-4.66766e-10 -2.64286e-11 0)
(-5.20654e-10 -2.55587e-11 0)
(-5.72563e-10 -2.42114e-11 0)
(-6.21552e-10 -2.2461e-11 0)
(-6.67205e-10 -2.05376e-11 0)
(-7.08873e-10 -1.84815e-11 0)
(-7.46265e-10 -1.61366e-11 0)
(-7.78805e-10 -1.376e-11 0)
(-8.06439e-10 -1.10616e-11 0)
(-8.2852e-10 -8.32087e-12 0)
(-8.45381e-10 -4.58404e-12 0)
(-8.57288e-10 -1.21531e-12 0)
(-8.63889e-10 8.98352e-13 0)
(-8.64489e-10 1.55515e-12 0)
(-8.59636e-10 3.48651e-12 0)
(-8.501e-10 6.3706e-12 0)
(-8.36191e-10 9.24355e-12 0)
(-8.17907e-10 1.11584e-11 0)
(-7.95495e-10 1.31452e-11 0)
(-7.69022e-10 1.44046e-11 0)
(-7.39257e-10 1.5602e-11 0)
(-7.06386e-10 1.62043e-11 0)
(-6.71012e-10 1.72872e-11 0)
(-6.33398e-10 1.77289e-11 0)
(-5.94108e-10 1.85795e-11 0)
(-5.5367e-10 1.87479e-11 0)
(-5.12459e-10 1.92031e-11 0)
(-4.7131e-10 1.87732e-11 0)
(-4.30276e-10 1.89983e-11 0)
(-3.89499e-10 1.85888e-11 0)
(-3.49279e-10 1.84841e-11 0)
(-3.10245e-10 1.73951e-11 0)
(-2.72317e-10 1.70026e-11 0)
(-2.35795e-10 1.58983e-11 0)
(-2.0091e-10 1.51694e-11 0)
(-1.68114e-10 1.39725e-11 0)
(-1.37027e-10 1.34534e-11 0)
(-1.08465e-10 1.16431e-11 0)
(-8.32203e-11 1.03623e-11 0)
(-6.095e-11 9.86715e-12 0)
(-4.11042e-11 8.11954e-12 0)
(-2.43111e-11 5.78824e-12 0)
(-1.35621e-11 2.20068e-12 0)
(-5.4039e-12 5.0937e-12 0)
(-1.6488e-13 1.15557e-12 0)
)
;

boundaryField
{
    top
    {
        type            slip;
    }
    bottom
    {
        type            slip;
    }
    rotatingWall
    {
        type            rotatingWallVelocity;
        origin          (0 0 0);
        axis            (0 1 0);
        omega           constant 1140;
        value           uniform (0 0 0);
    }
    wall
    {
        type            rotatingWallVelocity;
        origin          (0 0 0);
        axis            (0 1 0);
        omega           constant 0;
        value           uniform (0 -0 -0);
    }
    frontAndBack
    {
        type            empty;
    }
}


// ************************************************************************* //
