/*--------------------------------*- C++ -*----------------------------------*\
| =========                 |                                                 |
| \\      /  F ield         | OpenFOAM: The Open Source CFD Toolbox           |
|  \\    /   O peration     | Version:  5.0                                   |
|   \\  /    A nd           | Web:      www.OpenFOAM.org                      |
|    \\/     M anipulation  |                                                 |
\*---------------------------------------------------------------------------*/
FoamFile
{
    version     2.0;
    format      ascii;
    class       volVectorField;
    location    "488";
    object      U;
}
// * * * * * * * * * * * * * * * * * * * * * * * * * * * * * * * * * * * * * //

dimensions      [0 1 -1 0 0 0 0];

internalField   nonuniform List<vector> 
1568
(
(7.07192e-18 -1.66462e-17 0)
(5.91127e-17 -3.9254e-17 0)
(1.52243e-16 -5.829e-17 0)
(2.80616e-16 -7.27585e-17 0)
(4.33512e-16 -8.45913e-17 0)
(6.07818e-16 -9.4704e-17 0)
(7.99648e-16 -1.02588e-16 0)
(1.00491e-15 -1.08681e-16 0)
(1.22042e-15 -1.13178e-16 0)
(1.44311e-15 -1.1611e-16 0)
(1.67003e-15 -1.17611e-16 0)
(1.89852e-15 -1.17781e-16 0)
(2.12611e-15 -1.16715e-16 0)
(2.35048e-15 -1.14495e-16 0)
(2.56947e-15 -1.11208e-16 0)
(2.78109e-15 -1.06925e-16 0)
(2.98349e-15 -1.01732e-16 0)
(3.17499e-15 -9.57037e-17 0)
(3.35404e-15 -8.89165e-17 0)
(3.51923e-15 -8.14456e-17 0)
(3.66933e-15 -7.33665e-17 0)
(3.80328e-15 -6.47244e-17 0)
(3.92018e-15 -5.54209e-17 0)
(4.01832e-15 -4.4e-17 0)
(4.09785e-15 -3.1833e-17 0)
(4.15896e-15 -2.09129e-17 0)
(4.20105e-15 -1.05589e-17 0)
(4.22195e-15 -2.82106e-18 0)
(4.22208e-15 2.73032e-18 0)
(4.20145e-15 1.04375e-17 0)
(4.15962e-15 2.07817e-17 0)
(4.09875e-15 3.16761e-17 0)
(4.01945e-15 4.38432e-17 0)
(3.92153e-15 5.53034e-17 0)
(3.80485e-15 6.46172e-17 0)
(3.6711e-15 7.32645e-17 0)
(3.52119e-15 8.13573e-17 0)
(3.35615e-15 8.88353e-17 0)
(3.17725e-15 9.56369e-17 0)
(2.98586e-15 1.01679e-16 0)
(2.78354e-15 1.06885e-16 0)
(2.57199e-15 1.11178e-16 0)
(2.35304e-15 1.14484e-16 0)
(2.12867e-15 1.16721e-16 0)
(1.90105e-15 1.17805e-16 0)
(1.67248e-15 1.17647e-16 0)
(1.44547e-15 1.16157e-16 0)
(1.22269e-15 1.13238e-16 0)
(1.007e-15 1.08785e-16 0)
(8.01521e-16 1.02656e-16 0)
(6.09631e-16 9.47241e-17 0)
(4.3509e-16 8.48143e-17 0)
(2.81808e-16 7.27415e-17 0)
(1.53522e-16 5.81387e-17 0)
(6.07093e-17 3.91105e-17 0)
(7.94762e-18 1.62331e-17 0)
(1.90938e-18 -4.67677e-17 0)
(5.41346e-17 -1.10408e-16 0)
(1.36394e-16 -1.64026e-16 0)
(2.53108e-16 -2.06893e-16 0)
(3.95129e-16 -2.42237e-16 0)
(5.56901e-16 -2.70895e-16 0)
(7.34996e-16 -2.93758e-16 0)
(9.26134e-16 -3.11414e-16 0)
(1.12685e-15 -3.24276e-16 0)
(1.33417e-15 -3.32707e-16 0)
(1.54548e-15 -3.37009e-16 0)
(1.7583e-15 -3.37504e-16 0)
(1.97022e-15 -3.34445e-16 0)
(2.1791e-15 -3.28068e-16 0)
(2.38297e-15 -3.1862e-16 0)
(2.57994e-15 -3.06346e-16 0)
(2.7683e-15 -2.9145e-16 0)
(2.9465e-15 -2.7416e-16 0)
(3.11308e-15 -2.54687e-16 0)
(3.26674e-15 -2.33254e-16 0)
(3.40631e-15 -2.10063e-16 0)
(3.5307e-15 -1.8535e-16 0)
(3.63904e-15 -1.59379e-16 0)
(3.73064e-15 -1.32456e-16 0)
(3.80523e-15 -1.05894e-16 0)
(3.86217e-15 -7.84761e-17 0)
(3.90092e-15 -4.86113e-17 0)
(3.92035e-15 -1.65007e-17 0)
(3.92048e-15 1.611e-17 0)
(3.90128e-15 4.8244e-17 0)
(3.86275e-15 7.81407e-17 0)
(3.80603e-15 1.05579e-16 0)
(3.73165e-15 1.32132e-16 0)
(3.64026e-15 1.59069e-16 0)
(3.53211e-15 1.85057e-16 0)
(3.40789e-15 2.09793e-16 0)
(3.26849e-15 2.33016e-16 0)
(3.11498e-15 2.54476e-16 0)
(2.94851e-15 2.73984e-16 0)
(2.77042e-15 2.91312e-16 0)
(2.58214e-15 3.06248e-16 0)
(2.38522e-15 3.18566e-16 0)
(2.18138e-15 3.28059e-16 0)
(1.9725e-15 3.34473e-16 0)
(1.76055e-15 3.37585e-16 0)
(1.5477e-15 3.37138e-16 0)
(1.33629e-15 3.32867e-16 0)
(1.12882e-15 3.24468e-16 0)
(9.27996e-16 3.1164e-16 0)
(7.36778e-16 2.94024e-16 0)
(5.58353e-16 2.71131e-16 0)
(3.96332e-16 2.42382e-16 0)
(2.54393e-16 2.0724e-16 0)
(1.37172e-16 1.6408e-16 0)
(5.46622e-17 1.10518e-16 0)
(2.23777e-18 4.61895e-17 0)
(6.54308e-19 -7.1071e-17 0)
(4.49644e-17 -1.74535e-16 0)
(1.18279e-16 -2.61247e-16 0)
(2.25093e-16 -3.3145e-16 0)
(3.54576e-16 -3.88831e-16 0)
(5.03646e-16 -4.35558e-16 0)
(6.68395e-16 -4.72613e-16 0)
(8.45152e-16 -5.01161e-16 0)
(1.03097e-15 -5.21925e-16 0)
(1.22312e-15 -5.35494e-16 0)
(1.41895e-15 -5.42409e-16 0)
(1.61611e-15 -5.4316e-16 0)
(1.81247e-15 -5.38182e-16 0)
(2.00602e-15 -5.27872e-16 0)
(2.19485e-15 -5.12638e-16 0)
(2.37727e-15 -4.92837e-16 0)
(2.55171e-15 -4.68836e-16 0)
(2.71669e-15 -4.40986e-16 0)
(2.8709e-15 -4.09633e-16 0)
(3.01314e-15 -3.75111e-16 0)
(3.14233e-15 -3.37763e-16 0)
(3.25751e-15 -2.97918e-16 0)
(3.35787e-15 -2.5593e-16 0)
(3.44283e-15 -2.12273e-16 0)
(3.51167e-15 -1.67548e-16 0)
(3.56354e-15 -1.21531e-16 0)
(3.59823e-15 -7.38287e-17 0)
(3.61572e-15 -2.49001e-17 0)
(3.61582e-15 2.43403e-17 0)
(3.59852e-15 7.32802e-17 0)
(3.56403e-15 1.21009e-16 0)
(3.51235e-15 1.67044e-16 0)
(3.44368e-15 2.11791e-16 0)
(3.3589e-15 2.55468e-16 0)
(3.2587e-15 2.9749e-16 0)
(3.14368e-15 3.37366e-16 0)
(3.01462e-15 3.74763e-16 0)
(2.8725e-15 4.09326e-16 0)
(2.7184e-15 4.40732e-16 0)
(2.55349e-15 4.68638e-16 0)
(2.37912e-15 4.92698e-16 0)
(2.19675e-15 5.12559e-16 0)
(2.00793e-15 5.27864e-16 0)
(1.81439e-15 5.38234e-16 0)
(1.61801e-15 5.43286e-16 0)
(1.42078e-15 5.42602e-16 0)
(1.22488e-15 5.35738e-16 0)
(1.03267e-15 5.22228e-16 0)
(8.46717e-16 5.0153e-16 0)
(6.69753e-16 4.72978e-16 0)
(5.04851e-16 4.3589e-16 0)
(3.55743e-16 3.89284e-16 0)
(2.25718e-16 3.31746e-16 0)
(1.18815e-16 2.6144e-16 0)
(4.53651e-17 1.74784e-16 0)
(8.08392e-19 7.09886e-17 0)
(4.07871e-19 -9.06564e-17 0)
(3.89472e-17 -2.30269e-16 0)
(1.03734e-16 -3.47182e-16 0)
(1.99257e-16 -4.43504e-16 0)
(3.17014e-16 -5.22013e-16 0)
(4.52743e-16 -5.8562e-16 0)
(6.03335e-16 -6.36213e-16 0)
(7.65449e-16 -6.75066e-16 0)
(9.36147e-16 -7.03219e-16 0)
(1.11271e-15 -7.21599e-16 0)
(1.29279e-15 -7.30986e-16 0)
(1.4742e-15 -7.31988e-16 0)
(1.65487e-15 -7.25236e-16 0)
(1.83291e-15 -7.11316e-16 0)
(2.00664e-15 -6.90736e-16 0)
(2.17446e-15 -6.64003e-16 0)
(2.3349e-15 -6.31624e-16 0)
(2.48663e-15 -5.9406e-16 0)
(2.62844e-15 -5.51788e-16 0)
(2.75922e-15 -5.0526e-16 0)
(2.87799e-15 -4.54946e-16 0)
(2.9839e-15 -4.01302e-16 0)
(3.07617e-15 -3.44806e-16 0)
(3.15418e-15 -2.85956e-16 0)
(3.21719e-15 -2.25294e-16 0)
(3.26451e-15 -1.6288e-16 0)
(3.29599e-15 -9.86817e-17 0)
(3.31176e-15 -3.32458e-17 0)
(3.31183e-15 3.25407e-17 0)
(3.29621e-15 9.79919e-17 0)
(3.26489e-15 1.62212e-16 0)
(3.21771e-15 2.24652e-16 0)
(3.15485e-15 2.85337e-16 0)
(3.07698e-15 3.44221e-16 0)
(2.98483e-15 4.00758e-16 0)
(2.87904e-15 4.54452e-16 0)
(2.76037e-15 5.04812e-16 0)
(2.62968e-15 5.51407e-16 0)
(2.48795e-15 5.93743e-16 0)
(2.33629e-15 6.31377e-16 0)
(2.1759e-15 6.63836e-16 0)
(2.00812e-15 6.90651e-16 0)
(1.8344e-15 7.11308e-16 0)
(1.65635e-15 7.2533e-16 0)
(1.47567e-15 7.32155e-16 0)
(1.29423e-15 7.31232e-16 0)
(1.11408e-15 7.2195e-16 0)
(9.37421e-16 7.03627e-16 0)
(7.66618e-16 6.75499e-16 0)
(6.04395e-16 6.36729e-16 0)
(4.53685e-16 5.86186e-16 0)
(3.17658e-16 5.22497e-16 0)
(1.99831e-16 4.43864e-16 0)
(1.04106e-16 3.47833e-16 0)
(3.89757e-17 2.30362e-16 0)
(5.42739e-19 9.08961e-17 0)
(4.54701e-19 -1.07979e-16 0)
(3.36584e-17 -2.78626e-16 0)
(9.10165e-17 -4.24219e-16 0)
(1.76148e-16 -5.4392e-16 0)
(2.81533e-16 -6.42368e-16 0)
(4.03852e-16 -7.22129e-16 0)
(5.40155e-16 -7.85409e-16 0)
(6.87248e-16 -8.3395e-16 0)
(8.4239e-16 -8.69153e-16 0)
(1.0031e-15 -8.92131e-16 0)
(1.16715e-15 -9.03822e-16 0)
(1.33246e-15 -9.05116e-16 0)
(1.49714e-15 -8.96797e-16 0)
(1.65949e-15 -8.79553e-16 0)
(1.8179e-15 -8.54056e-16 0)
(1.9709e-15 -8.20971e-16 0)
(2.11717e-15 -7.80884e-16 0)
(2.25549e-15 -7.34399e-16 0)
(2.38474e-15 -6.82094e-16 0)
(2.50393e-15 -6.24553e-16 0)
(2.61216e-15 -5.62329e-16 0)
(2.70863e-15 -4.96004e-16 0)
(2.79263e-15 -4.26143e-16 0)
(2.86355e-15 -3.53326e-16 0)
(2.92079e-15 -2.78073e-16 0)
(2.96383e-15 -2.00694e-16 0)
(2.99252e-15 -1.21429e-16 0)
(3.00689e-15 -4.08883e-17 0)
(3.00694e-15 4.0083e-17 0)
(2.99268e-15 1.20635e-16 0)
(2.9641e-15 1.9992e-16 0)
(2.92116e-15 2.77331e-16 0)
(2.86403e-15 3.52614e-16 0)
(2.7932e-15 4.25472e-16 0)
(2.70928e-15 4.95374e-16 0)
(2.6129e-15 5.61757e-16 0)
(2.50474e-15 6.24046e-16 0)
(2.38562e-15 6.81657e-16 0)
(2.25643e-15 7.34039e-16 0)
(2.11815e-15 7.8061e-16 0)
(1.97191e-15 8.20785e-16 0)
(1.81893e-15 8.53967e-16 0)
(1.66054e-15 8.7956e-16 0)
(1.49819e-15 8.96901e-16 0)
(1.33348e-15 9.05333e-16 0)
(1.16815e-15 9.04133e-16 0)
(1.00405e-15 8.92522e-16 0)
(8.43255e-16 8.69638e-16 0)
(6.88084e-16 8.34522e-16 0)
(5.409e-16 7.86012e-16 0)
(4.04389e-16 7.22737e-16 0)
(2.8198e-16 6.43039e-16 0)
(1.76571e-16 5.44639e-16 0)
(9.11169e-17 4.24613e-16 0)
(3.37634e-17 2.79174e-16 0)
(3.83317e-19 1.08166e-16 0)
(2.52516e-19 -1.23058e-16 0)
(2.92907e-17 -3.21446e-16 0)
(7.94781e-17 -4.91902e-16 0)
(1.5456e-16 -6.33464e-16 0)
(2.47899e-16 -7.5008e-16 0)
(3.56895e-16 -8.44688e-16 0)
(4.78724e-16 -9.19847e-16 0)
(6.10525e-16 -9.77513e-16 0)
(7.49829e-16 -1.0193e-15 0)
(8.94355e-16 -1.04659e-15 0)
(1.04202e-15 -1.06052e-15 0)
(1.19092e-15 -1.06217e-15 0)
(1.33932e-15 -1.05244e-15 0)
(1.48565e-15 -1.0322e-15 0)
(1.62844e-15 -1.00228e-15 0)
(1.76637e-15 -9.63407e-16 0)
(1.89823e-15 -9.16319e-16 0)
(2.0229e-15 -8.61729e-16 0)
(2.1394e-15 -8.00316e-16 0)
(2.24681e-15 -7.32749e-16 0)
(2.34432e-15 -6.59699e-16 0)
(2.43121e-15 -5.81826e-16 0)
(2.50683e-15 -4.99779e-16 0)
(2.57063e-15 -4.14196e-16 0)
(2.6221e-15 -3.25675e-16 0)
(2.66086e-15 -2.34718e-16 0)
(2.68673e-15 -1.41836e-16 0)
(2.69969e-15 -4.77096e-17 0)
(2.69972e-15 4.68411e-17 0)
(2.68683e-15 1.40982e-16 0)
(2.66102e-15 2.33889e-16 0)
(2.62232e-15 3.24873e-16 0)
(2.57092e-15 4.1343e-16 0)
(2.50717e-15 4.99059e-16 0)
(2.4316e-15 5.8116e-16 0)
(2.34477e-15 6.59092e-16 0)
(2.2473e-15 7.32212e-16 0)
(2.13993e-15 7.99853e-16 0)
(2.02347e-15 8.61351e-16 0)
(1.89881e-15 9.16033e-16 0)
(1.76697e-15 9.63215e-16 0)
(1.62906e-15 1.00219e-15 0)
(1.48627e-15 1.03223e-15 0)
(1.33994e-15 1.05256e-15 0)
(1.19153e-15 1.0624e-15 0)
(1.0426e-15 1.06087e-15 0)
(8.94916e-16 1.04703e-15 0)
(7.5037e-16 1.01984e-15 0)
(6.10981e-16 9.78131e-16 0)
(4.79093e-16 9.20513e-16 0)
(3.57304e-16 8.45409e-16 0)
(2.48203e-16 7.50796e-16 0)
(1.54586e-16 6.34161e-16 0)
(7.96411e-17 4.92536e-16 0)
(2.94295e-17 3.21989e-16 0)
(2.87e-19 1.23227e-16 0)
(2.06584e-19 -1.36034e-16 0)
(2.53286e-17 -3.5874e-16 0)
(6.88261e-17 -5.51162e-16 0)
(1.34173e-16 -7.12089e-16 0)
(2.15883e-16 -8.45046e-16 0)
(3.11545e-16 -9.53223e-16 0)
(4.18823e-16 -1.03927e-15 0)
(5.35226e-16 -1.10532e-15 0)
(6.58471e-16 -1.15322e-15 0)
(7.86513e-16 -1.18452e-15 0)
(9.17479e-16 -1.20058e-15 0)
(1.04964e-15 -1.20261e-15 0)
(1.18143e-15 -1.19169e-15 0)
(1.31141e-15 -1.16882e-15 0)
(1.43828e-15 -1.13493e-15 0)
(1.56084e-15 -1.09089e-15 0)
(1.67801e-15 -1.03754e-15 0)
(1.78879e-15 -9.75682e-16 0)
(1.89229e-15 -9.06099e-16 0)
(1.98771e-15 -8.29551e-16 0)
(2.07432e-15 -7.46796e-16 0)
(2.15147e-15 -6.58571e-16 0)
(2.2186e-15 -5.65603e-16 0)
(2.27521e-15 -4.68606e-16 0)
(2.32088e-15 -3.6827e-16 0)
(2.3553e-15 -2.65234e-16 0)
(2.37829e-15 -1.60168e-16 0)
(2.38981e-15 -5.38295e-17 0)
(2.38982e-15 5.29433e-17 0)
(2.37833e-15 1.59293e-16 0)
(2.35536e-15 2.64379e-16 0)
(2.32097e-15 3.67447e-16 0)
(2.27532e-15 4.67822e-16 0)
(2.21873e-15 5.64864e-16 0)
(2.15163e-15 6.57887e-16 0)
(2.07449e-15 7.46175e-16 0)
(1.98791e-15 8.29001e-16 0)
(1.8925e-15 9.0563e-16 0)
(1.78901e-15 9.75303e-16 0)
(1.67824e-15 1.03726e-15 0)
(1.56108e-15 1.09071e-15 0)
(1.43852e-15 1.13485e-15 0)
(1.31166e-15 1.16885e-15 0)
(1.18167e-15 1.19184e-15 0)
(1.04988e-15 1.20287e-15 0)
(9.17719e-16 1.20095e-15 0)
(7.86736e-16 1.185e-15 0)
(6.58659e-16 1.15379e-15 0)
(5.3542e-16 1.10597e-15 0)
(4.19016e-16 1.04e-15 0)
(3.11609e-16 9.53994e-16 0)
(2.15939e-16 8.45795e-16 0)
(1.34338e-16 7.12816e-16 0)
(6.88261e-17 5.51865e-16 0)
(2.52623e-17 3.59175e-16 0)
(2.48304e-19 1.36273e-16 0)
(1.99053e-19 -1.47227e-16 0)
(2.15644e-17 -3.90722e-16 0)
(5.87607e-17 -6.02369e-16 0)
(1.14773e-16 -7.80135e-16 0)
(1.85028e-16 -9.27611e-16 0)
(2.67545e-16 -1.0479e-15 0)
(3.60344e-16 -1.14368e-15 0)
(4.61235e-16 -1.2173e-15 0)
(5.68247e-16 -1.27075e-15 0)
(6.7959e-16 -1.30572e-15 0)
(7.93593e-16 -1.32377e-15 0)
(9.08715e-16 -1.32622e-15 0)
(1.02357e-15 -1.3143e-15 0)
(1.1369e-15 -1.28914e-15 0)
(1.24754e-15 -1.25178e-15 0)
(1.35444e-15 -1.2032e-15 0)
(1.45664e-15 -1.14433e-15 0)
(1.55326e-15 -1.07606e-15 0)
(1.64354e-15 -9.99272e-16 0)
(1.72675e-15 -9.14804e-16 0)
(1.80226e-15 -8.23482e-16 0)
(1.86951e-15 -7.26123e-16 0)
(1.92802e-15 -6.23531e-16 0)
(1.97735e-15 -5.16491e-16 0)
(2.01715e-15 -4.05771e-16 0)
(2.04717e-15 -2.9213e-16 0)
(2.06723e-15 -1.76338e-16 0)
(2.07728e-15 -5.92193e-17 0)
(2.07728e-15 5.83493e-17 0)
(2.06722e-15 1.75477e-16 0)
(2.04715e-15 2.91289e-16 0)
(2.01712e-15 4.04959e-16 0)
(1.97731e-15 5.15716e-16 0)
(1.92798e-15 6.22804e-16 0)
(1.86947e-15 7.25451e-16 0)
(1.8022e-15 8.22874e-16 0)
(1.72669e-15 9.14268e-16 0)
(1.64347e-15 9.98818e-16 0)
(1.55319e-15 1.0757e-15 0)
(1.45656e-15 1.14406e-15 0)
(1.35436e-15 1.20303e-15 0)
(1.24746e-15 1.25172e-15 0)
(1.13683e-15 1.28919e-15 0)
(1.0235e-15 1.31446e-15 0)
(9.08642e-16 1.32649e-15 0)
(7.93517e-16 1.32415e-15 0)
(6.79528e-16 1.30621e-15 0)
(5.68202e-16 1.27132e-15 0)
(4.61172e-16 1.21797e-15 0)
(3.60274e-16 1.1444e-15 0)
(2.67545e-16 1.04865e-15 0)
(1.85012e-16 9.28411e-16 0)
(1.14665e-16 7.80874e-16 0)
(5.87665e-17 6.02994e-16 0)
(2.16156e-17 3.9122e-16 0)
(1.87811e-19 1.47444e-16 0)
(1.45583e-19 -1.56688e-16 0)
(1.80021e-17 -4.17808e-16 0)
(4.91253e-17 -6.45757e-16 0)
(9.60967e-17 -8.38006e-16 0)
(1.55151e-16 -9.97991e-16 0)
(2.2469e-16 -1.12876e-15 0)
(3.03057e-16 -1.23309e-15 0)
(3.8841e-16 -1.31337e-15 0)
(4.79096e-16 -1.37172e-15 0)
(5.73556e-16 -1.40998e-15 0)
(6.70361e-16 -1.42982e-15 0)
(7.68202e-16 -1.4327e-15 0)
(8.65864e-16 -1.41997e-15 0)
(9.62253e-16 -1.39287e-15 0)
(1.05638e-15 -1.35254e-15 0)
(1.14734e-15 -1.30005e-15 0)
(1.23431e-15 -1.23643e-15 0)
(1.31654e-15 -1.16263e-15 0)
(1.39335e-15 -1.07962e-15 0)
(1.46415e-15 -9.88311e-16 0)
(1.52839e-15 -8.89593e-16 0)
(1.5856e-15 -7.84352e-16 0)
(1.63535e-15 -6.73454e-16 0)
(1.6773e-15 -5.57752e-16 0)
(1.71116e-15 -4.38093e-16 0)
(1.73669e-15 -3.15317e-16 0)
(1.75377e-15 -1.90277e-16 0)
(1.76232e-15 -6.38577e-17 0)
(1.7623e-15 6.30275e-17 0)
(1.75372e-15 1.89459e-16 0)
(1.7366e-15 3.14519e-16 0)
(1.71103e-15 4.37323e-16 0)
(1.67714e-15 5.57019e-16 0)
(1.63516e-15 6.72767e-16 0)
(1.58537e-15 7.83719e-16 0)
(1.52814e-15 8.89022e-16 0)
(1.46387e-15 9.8781e-16 0)
(1.39305e-15 1.0792e-15 0)
(1.31622e-15 1.16229e-15 0)
(1.23398e-15 1.23618e-15 0)
(1.147e-15 1.2999e-15 0)
(1.05603e-15 1.35249e-15 0)
(9.61902e-16 1.39293e-15 0)
(8.65516e-16 1.42013e-15 0)
(7.67867e-16 1.43297e-15 0)
(6.70047e-16 1.4302e-15 0)
(5.73255e-16 1.41045e-15 0)
(4.78814e-16 1.37228e-15 0)
(3.88176e-16 1.31401e-15 0)
(3.02862e-16 1.23379e-15 0)
(2.24491e-16 1.1295e-15 0)
(1.54999e-16 9.98711e-16 0)
(9.60655e-17 8.38711e-16 0)
(4.90705e-17 6.46388e-16 0)
(1.79548e-17 4.18244e-16 0)
(1.60839e-19 1.56876e-16 0)
(1.16677e-19 -1.64463e-16 0)
(1.45805e-17 -4.40145e-16 0)
(3.98225e-17 -6.81585e-16 0)
(7.79896e-17 -8.85884e-16 0)
(1.26059e-16 -1.05635e-15 0)
(1.82759e-16 -1.19596e-15 0)
(2.4677e-16 -1.30751e-15 0)
(3.16602e-16 -1.39346e-15 0)
(3.90885e-16 -1.45599e-15 0)
(4.68335e-16 -1.49709e-15 0)
(5.47784e-16 -1.51851e-15 0)
(6.28126e-16 -1.52179e-15 0)
(7.08357e-16 -1.50842e-15 0)
(7.8757e-16 -1.47973e-15 0)
(8.64949e-16 -1.43694e-15 0)
(9.39731e-16 -1.38118e-15 0)
(1.01123e-15 -1.31357e-15 0)
(1.07884e-15 -1.23515e-15 0)
(1.14199e-15 -1.14692e-15 0)
(1.20019e-15 -1.04987e-15 0)
(1.253e-15 -9.44954e-16 0)
(1.30001e-15 -8.33106e-16 0)
(1.34091e-15 -7.15248e-16 0)
(1.37538e-15 -5.92298e-16 0)
(1.4032e-15 -4.6516e-16 0)
(1.42419e-15 -3.3474e-16 0)
(1.43823e-15 -2.01952e-16 0)
(1.44525e-15 -6.77312e-17 0)
(1.44522e-15 6.6972e-17 0)
(1.43814e-15 2.01201e-16 0)
(1.42404e-15 3.34006e-16 0)
(1.40299e-15 4.64453e-16 0)
(1.37511e-15 5.91626e-16 0)
(1.34058e-15 7.14618e-16 0)
(1.29964e-15 8.32526e-16 0)
(1.25258e-15 9.44432e-16 0)
(1.19973e-15 1.04941e-15 0)
(1.14149e-15 1.14654e-15 0)
(1.07831e-15 1.23484e-15 0)
(1.01068e-15 1.31335e-15 0)
(9.39162e-16 1.38105e-15 0)
(8.64371e-16 1.4369e-15 0)
(7.86992e-16 1.4798e-15 0)
(7.07788e-16 1.50858e-15 0)
(6.27576e-16 1.52205e-15 0)
(5.47258e-16 1.51886e-15 0)
(4.67843e-16 1.49753e-15 0)
(3.90445e-16 1.45653e-15 0)
(3.16207e-16 1.39406e-15 0)
(2.46421e-16 1.30815e-15 0)
(1.82504e-16 1.19664e-15 0)
(1.25871e-16 1.05705e-15 0)
(7.78111e-17 8.86526e-16 0)
(3.9759e-17 6.82123e-16 0)
(1.4585e-17 4.40564e-16 0)
(1.20397e-19 1.64629e-16 0)
(8.70918e-20 -1.70627e-16 0)
(1.12628e-17 -4.57879e-16 0)
(3.07794e-17 -7.10058e-16 0)
(6.03145e-17 -9.23992e-16 0)
(9.75648e-17 -1.10286e-15 0)
(1.4157e-16 -1.2496e-15 0)
(1.91306e-16 -1.367e-15 0)
(2.45633e-16 -1.45756e-15 0)
(3.03479e-16 -1.52352e-15 0)
(3.63826e-16 -1.56693e-15 0)
(4.25797e-16 -1.58969e-15 0)
(4.88459e-16 -1.59334e-15 0)
(5.51073e-16 -1.57944e-15 0)
(6.1291e-16 -1.54951e-15 0)
(6.73344e-16 -1.50474e-15 0)
(7.31745e-16 -1.44637e-15 0)
(7.87583e-16 -1.37556e-15 0)
(8.40378e-16 -1.29341e-15 0)
(8.89694e-16 -1.20099e-15 0)
(9.35142e-16 -1.09933e-15 0)
(9.76373e-16 -9.89429e-16 0)
(1.01308e-15 -8.72268e-16 0)
(1.045e-15 -7.4882e-16 0)
(1.07191e-15 -6.20047e-16 0)
(1.09363e-15 -4.86901e-16 0)
(1.11001e-15 -3.50341e-16 0)
(1.12097e-15 -2.11326e-16 0)
(1.12644e-15 -7.0832e-17 0)
(1.1264e-15 7.01612e-17 0)
(1.12084e-15 2.10664e-16 0)
(1.10981e-15 3.49694e-16 0)
(1.09334e-15 4.86277e-16 0)
(1.07155e-15 6.19453e-16 0)
(1.04457e-15 7.48265e-16 0)
(1.01258e-15 8.71758e-16 0)
(9.75814e-16 9.88973e-16 0)
(9.34529e-16 1.09894e-15 0)
(8.89034e-16 1.20066e-15 0)
(8.39678e-16 1.29315e-15 0)
(7.86852e-16 1.37537e-15 0)
(7.30993e-16 1.44626e-15 0)
(6.72581e-16 1.50472e-15 0)
(6.12149e-16 1.54957e-15 0)
(5.50324e-16 1.5796e-15 0)
(4.8773e-16 1.59358e-15 0)
(4.25107e-16 1.59001e-15 0)
(3.63189e-16 1.56733e-15 0)
(3.02889e-16 1.52399e-15 0)
(2.45113e-16 1.45809e-15 0)
(1.90884e-16 1.36759e-15 0)
(1.41217e-16 1.2502e-15 0)
(9.72807e-17 1.10344e-15 0)
(6.01619e-17 9.24563e-16 0)
(3.06957e-17 7.10563e-16 0)
(1.12103e-17 4.58215e-16 0)
(9.4712e-20 1.70777e-16 0)
(6.01256e-20 -1.75224e-16 0)
(8.01871e-18 -4.7111e-16 0)
(2.1917e-17 -7.31322e-16 0)
(4.29628e-17 -9.52481e-16 0)
(6.95317e-17 -1.13766e-15 0)
(1.00939e-16 -1.28978e-15 0)
(1.36465e-16 -1.41162e-15 0)
(1.75308e-16 -1.50568e-15 0)
(2.16703e-16 -1.57426e-15 0)
(2.59869e-16 -1.61946e-15 0)
(3.04314e-16 -1.64325e-15 0)
(3.49098e-16 -1.64718e-15 0)
(3.9404e-16 -1.63294e-15 0)
(4.38315e-16 -1.60205e-15 0)
(4.81641e-16 -1.5558e-15 0)
(5.23498e-16 -1.49544e-15 0)
(5.63514e-16 -1.42222e-15 0)
(6.01351e-16 -1.33728e-15 0)
(6.36692e-16 -1.2417e-15 0)
(6.69258e-16 -1.13656e-15 0)
(6.988e-16 -1.0229e-15 0)
(7.25098e-16 -9.01737e-16 0)
(7.47964e-16 -7.74079e-16 0)
(7.67237e-16 -6.40921e-16 0)
(7.82788e-16 -5.03255e-16 0)
(7.94516e-16 -3.62073e-16 0)
(8.02354e-16 -2.1837e-16 0)
(8.06259e-16 -7.31488e-17 0)
(8.0621e-16 7.25813e-17 0)
(8.02208e-16 2.1781e-16 0)
(7.94272e-16 3.61527e-16 0)
(7.82448e-16 5.0273e-16 0)
(7.66807e-16 6.40423e-16 0)
(7.47449e-16 7.73614e-16 0)
(7.24505e-16 9.01312e-16 0)
(6.98134e-16 1.02252e-15 0)
(6.68525e-16 1.13623e-15 0)
(6.35903e-16 1.24143e-15 0)
(6.00515e-16 1.33706e-15 0)
(5.62642e-16 1.42208e-15 0)
(5.22602e-16 1.49537e-15 0)
(4.80732e-16 1.55579e-15 0)
(4.37406e-16 1.60212e-15 0)
(3.93147e-16 1.63307e-15 0)
(3.48234e-16 1.64739e-15 0)
(3.03495e-16 1.64353e-15 0)
(2.59102e-16 1.61981e-15 0)
(2.16015e-16 1.57466e-15 0)
(1.74711e-16 1.50613e-15 0)
(1.35938e-16 1.4121e-15 0)
(1.00517e-16 1.29029e-15 0)
(6.92496e-17 1.13818e-15 0)
(4.27531e-17 9.52944e-16 0)
(2.1793e-17 7.31713e-16 0)
(7.98485e-18 4.71412e-16 0)
(6.03376e-20 1.75345e-16 0)
(3.4372e-20 -1.78284e-16 0)
(4.82443e-18 -4.7991e-16 0)
(1.31815e-17 -7.45479e-16 0)
(2.58338e-17 -9.71449e-16 0)
(4.18074e-17 -1.16086e-15 0)
(6.06892e-17 -1.31658e-15 0)
(8.20527e-17 -1.44139e-15 0)
(1.05424e-16 -1.53781e-15 0)
(1.30317e-16 -1.60817e-15 0)
(1.56266e-16 -1.65456e-15 0)
(1.83528e-16 -1.67879e-15 0)
(2.09626e-16 -1.68279e-15 0)
(2.37243e-16 -1.66866e-15 0)
(2.63831e-16 -1.63717e-15 0)
(2.89895e-16 -1.58992e-15 0)
(3.15079e-16 -1.52825e-15 0)
(3.39148e-16 -1.45342e-15 0)
(3.61914e-16 -1.3666e-15 0)
(3.83179e-16 -1.26891e-15 0)
(4.02771e-16 -1.16144e-15 0)
(4.20541e-16 -1.04527e-15 0)
(4.36357e-16 -9.21429e-16 0)
(4.50103e-16 -7.90954e-16 0)
(4.61684e-16 -6.54863e-16 0)
(4.71025e-16 -5.14175e-16 0)
(4.78064e-16 -3.699e-16 0)
(4.82761e-16 -2.2306e-16 0)
(4.85087e-16 -7.46754e-17 0)
(4.8503e-16 7.42255e-17 0)
(4.82594e-16 2.22615e-16 0)
(4.7779e-16 3.69466e-16 0)
(4.70646e-16 5.13757e-16 0)
(4.61204e-16 6.54469e-16 0)
(4.49526e-16 7.90587e-16 0)
(4.35689e-16 9.21095e-16 0)
(4.19793e-16 1.04497e-15 0)
(4.0195e-16 1.16119e-15 0)
(3.82295e-16 1.2687e-15 0)
(3.60977e-16 1.36644e-15 0)
(3.38172e-16 1.45331e-15 0)
(3.14075e-16 1.5282e-15 0)
(2.88878e-16 1.58993e-15 0)
(2.62815e-16 1.63724e-15 0)
(2.36245e-16 1.66878e-15 0)
(2.08652e-16 1.68297e-15 0)
(1.82613e-16 1.67902e-15 0)
(1.55418e-16 1.65484e-15 0)
(1.29547e-16 1.60849e-15 0)
(1.04736e-16 1.53817e-15 0)
(8.14915e-17 1.44178e-15 0)
(6.02532e-17 1.31699e-15 0)
(4.14346e-17 1.16124e-15 0)
(2.55943e-17 9.71825e-16 0)
(1.3082e-17 7.45815e-16 0)
(4.76825e-18 4.80132e-16 0)
(3.87174e-20 1.78384e-16 0)
(1.48742e-20 -1.79823e-16 0)
(1.65783e-18 -4.8434e-16 0)
(4.51971e-18 -7.52596e-16 0)
(8.83254e-18 -9.80986e-16 0)
(1.42626e-17 -1.17252e-15 0)
(2.06662e-17 -1.33004e-15 0)
(2.78924e-17 -1.45633e-15 0)
(3.57908e-17 -1.55391e-15 0)
(4.4166e-17 -1.62516e-15 0)
(5.26946e-17 -1.6722e-15 0)
(6.19382e-17 -1.69696e-15 0)
(7.09192e-17 -1.70147e-15 0)
(8.09022e-17 -1.68673e-15 0)
(8.93577e-17 -1.65474e-15 0)
(9.80547e-17 -1.60697e-15 0)
(1.06505e-16 -1.54468e-15 0)
(1.14571e-16 -1.46906e-15 0)
(1.22203e-16 -1.3813e-15 0)
(1.29332e-16 -1.28255e-15 0)
(1.35896e-16 -1.17391e-15 0)
(1.41844e-16 -1.05647e-15 0)
(1.4713e-16 -9.3129e-16 0)
(1.51719e-16 -7.99398e-16 0)
(1.55578e-16 -6.61835e-16 0)
(1.58682e-16 -5.19625e-16 0)
(1.6101e-16 -3.73799e-16 0)
(1.62548e-16 -2.25382e-16 0)
(1.6329e-16 -7.54104e-17 0)
(1.63231e-16 7.50831e-17 0)
(1.62371e-16 2.25061e-16 0)
(1.60715e-16 3.73486e-16 0)
(1.58274e-16 5.19325e-16 0)
(1.55062e-16 6.61551e-16 0)
(1.51101e-16 7.99135e-16 0)
(1.46416e-16 9.31052e-16 0)
(1.41041e-16 1.05627e-15 0)
(1.35017e-16 1.17374e-15 0)
(1.28385e-16 1.2824e-15 0)
(1.21201e-16 1.38119e-15 0)
(1.13526e-16 1.46899e-15 0)
(1.0543e-16 1.54465e-15 0)
(9.69669e-17 1.60698e-15 0)
(8.82725e-17 1.6548e-15 0)
(7.98375e-17 1.68683e-15 0)
(6.98869e-17 1.7016e-15 0)
(6.09594e-17 1.69713e-15 0)
(5.17814e-17 1.6724e-15 0)
(4.33425e-17 1.62539e-15 0)
(3.50814e-17 1.55417e-15 0)
(2.72741e-17 1.4566e-15 0)
(2.0146e-17 1.33032e-15 0)
(1.392e-17 1.17281e-15 0)
(8.60863e-18 9.81247e-16 0)
(4.34972e-18 7.5281e-16 0)
(1.59026e-18 4.84521e-16 0)
(1.04814e-20 1.79892e-16 0)
(-1.22168e-20 -1.79855e-16 0)
(-1.49232e-18 -4.84416e-16 0)
(-4.1189e-18 -7.52707e-16 0)
(-8.13156e-18 -9.81122e-16 0)
(-1.32239e-17 -1.17266e-15 0)
(-1.92766e-17 -1.3302e-15 0)
(-2.61506e-17 -1.45648e-15 0)
(-3.36921e-17 -1.55407e-15 0)
(-4.17279e-17 -1.62531e-15 0)
(-4.99395e-17 -1.67234e-15 0)
(-5.88651e-17 -1.69709e-15 0)
(-6.75683e-17 -1.70159e-15 0)
(-7.72822e-17 -1.68684e-15 0)
(-8.54984e-17 -1.65484e-15 0)
(-9.39838e-17 -1.60705e-15 0)
(-1.02249e-16 -1.54475e-15 0)
(-1.10156e-16 -1.46912e-15 0)
(-1.17656e-16 -1.38134e-15 0)
(-1.24678e-16 -1.28258e-15 0)
(-1.31161e-16 -1.17394e-15 0)
(-1.37053e-16 -1.05649e-15 0)
(-1.42308e-16 -9.3129e-16 0)
(-1.4689e-16 -7.99387e-16 0)
(-1.50765e-16 -6.61813e-16 0)
(-1.53908e-16 -5.19593e-16 0)
(-1.56297e-16 -3.73757e-16 0)
(-1.57918e-16 -2.25332e-16 0)
(-1.58763e-16 -7.53494e-17 0)
(-1.58824e-16 7.51512e-17 0)
(-1.58102e-16 2.25136e-16 0)
(-1.56601e-16 3.73567e-16 0)
(-1.54329e-16 5.19413e-16 0)
(-1.51298e-16 6.61644e-16 0)
(-1.4753e-16 7.99235e-16 0)
(-1.43046e-16 9.31152e-16 0)
(-1.37881e-16 1.05637e-15 0)
(-1.32071e-16 1.17384e-15 0)
(-1.25657e-16 1.28251e-15 0)
(-1.18692e-16 1.38129e-15 0)
(-1.11236e-16 1.46909e-15 0)
(-1.03359e-16 1.54475e-15 0)
(-9.51087e-17 1.60708e-15 0)
(-8.66202e-17 1.65489e-15 0)
(-7.83863e-17 1.68691e-15 0)
(-6.86302e-17 1.70168e-15 0)
(-5.98758e-17 1.69721e-15 0)
(-5.08697e-17 1.67246e-15 0)
(-4.2579e-17 1.62545e-15 0)
(-3.44595e-17 1.55422e-15 0)
(-2.67794e-17 1.45665e-15 0)
(-1.97528e-17 1.33036e-15 0)
(-1.36403e-17 1.17281e-15 0)
(-8.43025e-18 9.81276e-16 0)
(-4.23173e-18 7.52851e-16 0)
(-1.5527e-18 4.84515e-16 0)
(-1.47279e-20 1.799e-16 0)
(-3.61551e-20 -1.78379e-16 0)
(-4.65947e-18 -4.80141e-16 0)
(-1.27919e-17 -7.45809e-16 0)
(-2.51487e-17 -9.71848e-16 0)
(-4.07928e-17 -1.1613e-15 0)
(-5.93383e-17 -1.31704e-15 0)
(-8.03599e-17 -1.44185e-15 0)
(-1.03387e-16 -1.53827e-15 0)
(-1.27949e-16 -1.60861e-15 0)
(-1.53584e-16 -1.65498e-15 0)
(-1.80547e-16 -1.67918e-15 0)
(-2.06358e-16 -1.68315e-15 0)
(-2.33734e-16 -1.66899e-15 0)
(-2.60094e-16 -1.63747e-15 0)
(-2.85955e-16 -1.59018e-15 0)
(-3.10961e-16 -1.52847e-15 0)
(-3.34877e-16 -1.4536e-15 0)
(-3.57515e-16 -1.36674e-15 0)
(-3.78677e-16 -1.26901e-15 0)
(-3.98192e-16 -1.16151e-15 0)
(-4.15906e-16 -1.0453e-15 0)
(-4.31691e-16 -9.21431e-16 0)
(-4.45432e-16 -7.90922e-16 0)
(-4.5703e-16 -6.548e-16 0)
(-4.66408e-16 -5.14079e-16 0)
(-4.73507e-16 -3.69776e-16 0)
(-4.78281e-16 -2.22908e-16 0)
(-4.80706e-16 -7.44985e-17 0)
(-4.80769e-16 7.44276e-17 0)
(-4.78466e-16 2.22839e-16 0)
(-4.7381e-16 3.69711e-16 0)
(-4.66828e-16 5.14019e-16 0)
(-4.57562e-16 6.54745e-16 0)
(-4.46071e-16 7.90875e-16 0)
(-4.32431e-16 9.21393e-16 0)
(-4.16736e-16 1.04528e-15 0)
(-3.99101e-16 1.1615e-15 0)
(-3.79656e-16 1.26901e-15 0)
(-3.58552e-16 1.36674e-15 0)
(-3.35959e-16 1.45361e-15 0)
(-3.12072e-16 1.52849e-15 0)
(-2.87081e-16 1.59021e-15 0)
(-2.61219e-16 1.6375e-15 0)
(-2.3484e-16 1.66904e-15 0)
(-2.07423e-16 1.6832e-15 0)
(-1.81564e-16 1.67923e-15 0)
(-1.54536e-16 1.65502e-15 0)
(-1.28809e-16 1.60866e-15 0)
(-1.04126e-16 1.53831e-15 0)
(-8.10129e-17 1.44189e-15 0)
(-5.99028e-17 1.31709e-15 0)
(-4.11598e-17 1.16135e-15 0)
(-2.53794e-17 9.71877e-16 0)
(-1.29925e-17 7.45845e-16 0)
(-4.75606e-18 4.80181e-16 0)
(-3.97036e-20 1.78397e-16 0)
(-5.79802e-20 -1.75379e-16 0)
(-7.8604e-18 -4.7148e-16 0)
(-2.15398e-17 -7.31862e-16 0)
(-4.23134e-17 -9.53126e-16 0)
(-6.85731e-17 -1.13838e-15 0)
(-9.9661e-17 -1.29053e-15 0)
(-1.34872e-16 -1.41237e-15 0)
(-1.73396e-16 -1.50642e-15 0)
(-2.14484e-16 -1.57497e-15 0)
(-2.57358e-16 -1.62014e-15 0)
(-3.01528e-16 -1.64388e-15 0)
(-3.46058e-16 -1.64776e-15 0)
(-3.90767e-16 -1.63346e-15 0)
(-4.34828e-16 -1.60252e-15 0)
(-4.77967e-16 -1.5562e-15 0)
(-5.19659e-16 -1.49579e-15 0)
(-5.59532e-16 -1.42251e-15 0)
(-5.9725e-16 -1.33751e-15 0)
(-6.32496e-16 -1.24187e-15 0)
(-6.64989e-16 -1.13667e-15 0)
(-6.94481e-16 -1.02295e-15 0)
(-7.20751e-16 -9.0174e-16 0)
(-7.43609e-16 -7.74025e-16 0)
(-7.62896e-16 -6.40817e-16 0)
(-7.78482e-16 -5.031e-16 0)
(-7.90266e-16 -3.61872e-16 0)
(-7.98179e-16 -2.1812e-16 0)
(-8.02175e-16 -7.28595e-17 0)
(-8.02234e-16 7.29135e-17 0)
(-7.98356e-16 2.18174e-16 0)
(-7.9056e-16 3.61927e-16 0)
(-7.7889e-16 5.03154e-16 0)
(-7.63413e-16 6.40874e-16 0)
(-7.44228e-16 7.74081e-16 0)
(-7.21465e-16 9.01799e-16 0)
(-6.95283e-16 1.02301e-15 0)
(-6.6587e-16 1.13673e-15 0)
(-6.33445e-16 1.24192e-15 0)
(-5.98255e-16 1.33756e-15 0)
(-5.60581e-16 1.42256e-15 0)
(-5.20738e-16 1.49584e-15 0)
(-4.7906e-16 1.55624e-15 0)
(-4.35921e-16 1.60255e-15 0)
(-3.91843e-16 1.63348e-15 0)
(-3.47103e-16 1.64777e-15 0)
(-3.02523e-16 1.64387e-15 0)
(-2.58275e-16 1.62012e-15 0)
(-2.1533e-16 1.57492e-15 0)
(-1.74169e-16 1.50636e-15 0)
(-1.35498e-16 1.41231e-15 0)
(-1.00133e-16 1.29044e-15 0)
(-6.90152e-17 1.13829e-15 0)
(-4.26397e-17 9.53062e-16 0)
(-2.16585e-17 7.31813e-16 0)
(-7.9315e-18 4.71447e-16 0)
(-6.52711e-20 1.75373e-16 0)
(-8.80853e-20 -1.70839e-16 0)
(-1.11147e-17 -4.58388e-16 0)
(-3.04321e-17 -7.10789e-16 0)
(-5.97139e-17 -9.24871e-16 0)
(-9.66912e-17 -1.10382e-15 0)
(-1.40412e-16 -1.25061e-15 0)
(-1.89868e-16 -1.36802e-15 0)
(-2.43908e-16 -1.45856e-15 0)
(-3.01487e-16 -1.52448e-15 0)
(-3.61582e-16 -1.56784e-15 0)
(-4.23306e-16 -1.59054e-15 0)
(-4.85744e-16 -1.59413e-15 0)
(-5.48155e-16 -1.58015e-15 0)
(-6.09803e-16 -1.55014e-15 0)
(-6.70069e-16 -1.5053e-15 0)
(-7.28323e-16 -1.44684e-15 0)
(-7.84035e-16 -1.37595e-15 0)
(-8.36724e-16 -1.29372e-15 0)
(-8.85956e-16 -1.20123e-15 0)
(-9.31338e-16 -1.09948e-15 0)
(-9.72524e-16 -9.89509e-16 0)
(-1.00921e-15 -8.72265e-16 0)
(-1.04112e-15 -7.48751e-16 0)
(-1.06804e-15 -6.199e-16 0)
(-1.08979e-15 -4.86694e-16 0)
(-1.10622e-15 -3.50062e-16 0)
(-1.11724e-15 -2.10994e-16 0)
(-1.1228e-15 -7.04338e-17 0)
(-1.12285e-15 7.06034e-17 0)
(-1.11741e-15 2.11163e-16 0)
(-1.1065e-15 3.50228e-16 0)
(-1.09017e-15 4.86859e-16 0)
(-1.06852e-15 6.2006e-16 0)
(-1.0417e-15 7.48908e-16 0)
(-1.00987e-15 8.72413e-16 0)
(-9.73274e-16 9.89649e-16 0)
(-9.32161e-16 1.09961e-15 0)
(-8.86843e-16 1.20135e-15 0)
(-8.37665e-16 1.29383e-15 0)
(-7.85016e-16 1.37604e-15 0)
(-7.29334e-16 1.4469e-15 0)
(-6.71095e-16 1.50534e-15 0)
(-6.1083e-16 1.55016e-15 0)
(-5.4917e-16 1.58015e-15 0)
(-4.86725e-16 1.59409e-15 0)
(-4.24243e-16 1.59048e-15 0)
(-3.62476e-16 1.56773e-15 0)
(-3.02291e-16 1.52436e-15 0)
(-2.44592e-16 1.4584e-15 0)
(-1.90504e-16 1.36782e-15 0)
(-1.40978e-16 1.25042e-15 0)
(-9.70376e-17 1.10364e-15 0)
(-5.99368e-17 9.24682e-16 0)
(-3.06596e-17 7.10633e-16 0)
(-1.12269e-17 4.58305e-16 0)
(-9.82161e-20 1.70804e-16 0)
(-1.13425e-19 -1.64724e-16 0)
(-1.44467e-17 -4.40778e-16 0)
(-3.95094e-17 -6.8248e-16 0)
(-7.74611e-17 -8.86958e-16 0)
(-1.25295e-16 -1.05752e-15 0)
(-1.81766e-16 -1.19718e-15 0)
(-2.45547e-16 -1.30874e-15 0)
(-3.15142e-16 -1.39467e-15 0)
(-3.89201e-16 -1.45716e-15 0)
(-4.66443e-16 -1.49819e-15 0)
(-5.45692e-16 -1.51954e-15 0)
(-6.2585e-16 -1.52274e-15 0)
(-7.05908e-16 -1.50927e-15 0)
(-7.84966e-16 -1.4805e-15 0)
(-8.62206e-16 -1.4376e-15 0)
(-9.36867e-16 -1.38175e-15 0)
(-1.00826e-15 -1.31404e-15 0)
(-1.07578e-15 -1.23552e-15 0)
(-1.13886e-15 -1.1472e-15 0)
(-1.19701e-15 -1.05005e-15 0)
(-1.24977e-15 -9.45041e-16 0)
(-1.29677e-15 -8.33099e-16 0)
(-1.33765e-15 -7.15157e-16 0)
(-1.37214e-15 -5.92118e-16 0)
(-1.39998e-15 -4.649e-16 0)
(-1.42101e-15 -3.34397e-16 0)
(-1.43511e-15 -2.01539e-16 0)
(-1.4422e-15 -6.72439e-17 0)
(-1.44225e-15 6.7519e-17 0)
(-1.43526e-15 2.01813e-16 0)
(-1.42126e-15 3.34665e-16 0)
(-1.40032e-15 4.65165e-16 0)
(-1.37257e-15 5.9237e-16 0)
(-1.33817e-15 7.15402e-16 0)
(-1.29737e-15 8.33326e-16 0)
(-1.25044e-15 9.45259e-16 0)
(-1.19774e-15 1.05024e-15 0)
(-1.13965e-15 1.14737e-15 0)
(-1.07662e-15 1.23566e-15 0)
(-1.00914e-15 1.31416e-15 0)
(-9.37774e-16 1.38183e-15 0)
(-8.6313e-16 1.43766e-15 0)
(-7.85892e-16 1.4805e-15 0)
(-7.06821e-16 1.50925e-15 0)
(-6.26745e-16 1.52266e-15 0)
(-5.46553e-16 1.51942e-15 0)
(-4.67232e-16 1.49803e-15 0)
(-3.89937e-16 1.45696e-15 0)
(-3.15854e-16 1.39441e-15 0)
(-2.46105e-16 1.30848e-15 0)
(-1.82166e-16 1.19689e-15 0)
(-1.25734e-16 1.05719e-15 0)
(-7.78089e-17 8.86685e-16 0)
(-3.96178e-17 6.82268e-16 0)
(-1.45155e-17 4.40605e-16 0)
(-1.27513e-19 1.64668e-16 0)
(-1.47292e-19 -1.56994e-16 0)
(-1.78856e-17 -4.18534e-16 0)
(-4.88591e-17 -6.46788e-16 0)
(-9.56644e-17 -8.39223e-16 0)
(-1.54541e-16 -9.99327e-16 0)
(-2.23902e-16 -1.13016e-15 0)
(-3.02102e-16 -1.23448e-15 0)
(-3.87287e-16 -1.31474e-15 0)
(-4.77806e-16 -1.37303e-15 0)
(-5.72112e-16 -1.41123e-15 0)
(-6.68771e-16 -1.43098e-15 0)
(-7.66474e-16 -1.43378e-15 0)
(-8.64007e-16 -1.42093e-15 0)
(-9.60281e-16 -1.39374e-15 0)
(-1.05431e-15 -1.35329e-15 0)
(-1.14518e-15 -1.3007e-15 0)
(-1.23206e-15 -1.23694e-15 0)
(-1.31422e-15 -1.16306e-15 0)
(-1.39098e-15 -1.07992e-15 0)
(-1.46174e-15 -9.8852e-16 0)
(-1.52595e-15 -8.89673e-16 0)
(-1.58314e-15 -7.84354e-16 0)
(-1.63289e-15 -6.73328e-16 0)
(-1.67484e-15 -5.57556e-16 0)
(-1.70871e-15 -4.37775e-16 0)
(-1.73428e-15 -3.14939e-16 0)
(-1.7514e-15 -1.89781e-16 0)
(-1.76e-15 -6.33144e-17 0)
(-1.76004e-15 6.36795e-17 0)
(-1.75152e-15 1.9014e-16 0)
(-1.73448e-15 3.15295e-16 0)
(-1.709e-15 4.38115e-16 0)
(-1.6752e-15 5.57891e-16 0)
(-1.63332e-15 6.73638e-16 0)
(-1.58364e-15 7.84656e-16 0)
(-1.52651e-15 8.89941e-16 0)
(-1.46236e-15 9.88774e-16 0)
(-1.39165e-15 1.08013e-15 0)
(-1.31493e-15 1.16325e-15 0)
(-1.23281e-15 1.23708e-15 0)
(-1.14594e-15 1.30081e-15 0)
(-1.05509e-15 1.35334e-15 0)
(-9.61067e-16 1.39376e-15 0)
(-8.64791e-16 1.42088e-15 0)
(-7.67238e-16 1.43368e-15 0)
(-6.69498e-16 1.43082e-15 0)
(-5.72821e-16 1.41102e-15 0)
(-4.78471e-16 1.37275e-15 0)
(-3.87821e-16 1.31445e-15 0)
(-3.02616e-16 1.23411e-15 0)
(-2.24447e-16 1.12974e-15 0)
(-1.54843e-16 9.98974e-16 0)
(-9.58225e-17 8.38859e-16 0)
(-4.91137e-17 6.46453e-16 0)
(-1.80263e-17 4.18346e-16 0)
(-1.62768e-19 1.56902e-16 0)
(-1.82451e-19 -1.47579e-16 0)
(-2.14757e-17 -3.91527e-16 0)
(-5.85503e-17 -6.03482e-16 0)
(-1.14458e-16 -7.81466e-16 0)
(-1.84616e-16 -9.29057e-16 0)
(-2.67025e-16 -1.04938e-15 0)
(-3.59727e-16 -1.14519e-15 0)
(-4.60522e-16 -1.21878e-15 0)
(-5.67445e-16 -1.27217e-15 0)
(-6.78693e-16 -1.30707e-15 0)
(-7.92605e-16 -1.32503e-15 0)
(-9.07649e-16 -1.32737e-15 0)
(-1.02243e-15 -1.31535e-15 0)
(-1.13569e-15 -1.29006e-15 0)
(-1.24626e-15 -1.25259e-15 0)
(-1.3531e-15 -1.20388e-15 0)
(-1.45525e-15 -1.1449e-15 0)
(-1.55183e-15 -1.07651e-15 0)
(-1.64207e-15 -9.9961e-16 0)
(-1.72525e-15 -9.1501e-16 0)
(-1.80075e-15 -8.23587e-16 0)
(-1.86799e-15 -7.26103e-16 0)
(-1.92649e-15 -6.23414e-16 0)
(-1.97582e-15 -5.16254e-16 0)
(-2.01563e-15 -4.05445e-16 0)
(-2.04566e-15 -2.91693e-16 0)
(-2.06575e-15 -1.7582e-16 0)
(-2.07583e-15 -5.86022e-17 0)
(-2.07586e-15 5.90328e-17 0)
(-2.06584e-15 1.76247e-16 0)
(-2.04582e-15 2.92114e-16 0)
(-2.01585e-15 4.05854e-16 0)
(-1.97609e-15 5.1665e-16 0)
(-1.92681e-15 6.23789e-16 0)
(-1.86837e-15 7.26457e-16 0)
(-1.80117e-15 8.23908e-16 0)
(-1.72572e-15 9.15306e-16 0)
(-1.64258e-15 9.99863e-16 0)
(-1.55238e-15 1.07672e-15 0)
(-1.45582e-15 1.14507e-15 0)
(-1.35369e-15 1.204e-15 0)
(-1.24686e-15 1.25265e-15 0)
(-1.13629e-15 1.29007e-15 0)
(-1.02304e-15 1.31528e-15 0)
(-9.08241e-16 1.32725e-15 0)
(-7.93195e-16 1.32483e-15 0)
(-6.79242e-16 1.30681e-15 0)
(-5.67939e-16 1.27185e-15 0)
(-4.61043e-16 1.21839e-15 0)
(-3.60191e-16 1.14474e-15 0)
(-2.67273e-16 1.04897e-15 0)
(-1.84954e-16 9.2857e-16 0)
(-1.14833e-16 7.81011e-16 0)
(-5.86319e-17 6.03132e-16 0)
(-2.15283e-17 3.91257e-16 0)
(-1.99456e-19 1.47473e-16 0)
(-2.20231e-19 -1.36414e-16 0)
(-2.52427e-17 -3.59541e-16 0)
(-6.87041e-17 -5.52339e-16 0)
(-1.34033e-16 -7.13424e-16 0)
(-2.15694e-16 -8.46511e-16 0)
(-3.11351e-16 -9.54749e-16 0)
(-4.18633e-16 -1.0408e-15 0)
(-5.35007e-16 -1.10682e-15 0)
(-6.58234e-16 -1.15466e-15 0)
(-7.86266e-16 -1.18588e-15 0)
(-9.17208e-16 -1.20186e-15 0)
(-1.04935e-15 -1.20377e-15 0)
(-1.18111e-15 -1.19275e-15 0)
(-1.31108e-15 -1.16975e-15 0)
(-1.43793e-15 -1.13576e-15 0)
(-1.56047e-15 -1.09157e-15 0)
(-1.67762e-15 -1.03813e-15 0)
(-1.78839e-15 -9.76111e-16 0)
(-1.89188e-15 -9.06442e-16 0)
(-1.98728e-15 -8.29734e-16 0)
(-2.07388e-15 -7.46906e-16 0)
(-2.15102e-15 -6.58514e-16 0)
(-2.21814e-15 -5.65491e-16 0)
(-2.27475e-15 -4.68329e-16 0)
(-2.32041e-15 -3.67947e-16 0)
(-2.35483e-15 -2.64747e-16 0)
(-2.37783e-15 -1.59652e-16 0)
(-2.38935e-15 -5.31525e-17 0)
(-2.38937e-15 5.36291e-17 0)
(-2.37788e-15 1.6013e-16 0)
(-2.35492e-15 2.65204e-16 0)
(-2.32054e-15 3.68405e-16 0)
(-2.27491e-15 4.6875e-16 0)
(-2.21834e-15 5.65912e-16 0)
(-2.15125e-15 6.58883e-16 0)
(-2.07413e-15 7.47279e-16 0)
(-1.98757e-15 8.30032e-16 0)
(-1.89219e-15 9.06737e-16 0)
(-1.78872e-15 9.76322e-16 0)
(-1.67797e-15 1.03833e-15 0)
(-1.56083e-15 1.09167e-15 0)
(-1.4383e-15 1.13585e-15 0)
(-1.31146e-15 1.16973e-15 0)
(-1.1815e-15 1.19271e-15 0)
(-1.04974e-15 1.20361e-15 0)
(-9.17578e-16 1.20167e-15 0)
(-7.8663e-16 1.18559e-15 0)
(-6.58614e-16 1.15432e-15 0)
(-5.35321e-16 1.10638e-15 0)
(-4.1889e-16 1.04038e-15 0)
(-3.11743e-16 9.54218e-16 0)
(-2.1595e-16 8.45985e-16 0)
(-1.3408e-16 7.12976e-16 0)
(-6.89259e-17 5.51903e-16 0)
(-2.54055e-17 3.59231e-16 0)
(-2.32904e-19 1.36288e-16 0)
(-2.71109e-19 -1.23387e-16 0)
(-2.92978e-17 -3.22305e-16 0)
(-7.94759e-17 -4.9303e-16 0)
(-1.54579e-16 -6.34775e-16 0)
(-2.48051e-16 -7.51477e-16 0)
(-3.57102e-16 -8.46152e-16 0)
(-4.78999e-16 -9.21313e-16 0)
(-6.10884e-16 -9.78965e-16 0)
(-7.50258e-16 -1.02069e-15 0)
(-8.94845e-16 -1.04791e-15 0)
(-1.04255e-15 -1.06175e-15 0)
(-1.19151e-15 -1.0633e-15 0)
(-1.33995e-15 -1.05345e-15 0)
(-1.48631e-15 -1.03313e-15 0)
(-1.62912e-15 -1.00305e-15 0)
(-1.76708e-15 -9.64088e-16 0)
(-1.89895e-15 -9.16848e-16 0)
(-2.02365e-15 -8.62176e-16 0)
(-2.14015e-15 -8.00595e-16 0)
(-2.24757e-15 -7.32964e-16 0)
(-2.34507e-15 -6.59745e-16 0)
(-2.43196e-15 -5.81818e-16 0)
(-2.50757e-15 -4.99601e-16 0)
(-2.57136e-15 -4.13976e-16 0)
(-2.62281e-15 -3.25287e-16 0)
(-2.66155e-15 -2.343e-16 0)
(-2.68739e-15 -1.4125e-16 0)
(-2.70033e-15 -4.71084e-17 0)
(-2.70033e-15 4.76018e-17 0)
(-2.68741e-15 1.41732e-16 0)
(-2.66157e-15 2.34778e-16 0)
(-2.62284e-15 3.2574e-16 0)
(-2.57139e-15 4.14425e-16 0)
(-2.50761e-15 5.0001e-16 0)
(-2.432e-15 5.8222e-16 0)
(-2.34513e-15 6.60091e-16 0)
(-2.24763e-15 7.33296e-16 0)
(-2.14022e-15 8.00869e-16 0)
(-2.02372e-15 8.62424e-16 0)
(-1.89904e-15 9.17017e-16 0)
(-1.76717e-15 9.64232e-16 0)
(-1.62922e-15 1.0031e-15 0)
(-1.48641e-15 1.03314e-15 0)
(-1.34006e-15 1.05336e-15 0)
(-1.19162e-15 1.06318e-15 0)
(-1.04268e-15 1.06153e-15 0)
(-8.94988e-16 1.04763e-15 0)
(-7.50387e-16 1.02033e-15 0)
(-6.11046e-16 9.78569e-16 0)
(-4.79195e-16 9.20814e-16 0)
(-3.57196e-16 8.45626e-16 0)
(-2.48163e-16 7.51013e-16 0)
(-1.54854e-16 6.34224e-16 0)
(-7.95584e-17 4.92585e-16 0)
(-2.93079e-17 3.22002e-16 0)
(-3.10139e-19 1.2324e-16 0)
(-3.76947e-19 -1.08312e-16 0)
(-3.37604e-17 -2.79476e-16 0)
(-9.11222e-17 -4.25105e-16 0)
(-1.76436e-16 -5.45167e-16 0)
(-2.81994e-16 -6.43681e-16 0)
(-4.04522e-16 -7.2345e-16 0)
(-5.41014e-16 -7.86748e-16 0)
(-6.88257e-16 -8.35299e-16 0)
(-8.43544e-16 -8.70444e-16 0)
(-1.0044e-15 -8.93347e-16 0)
(-1.16858e-15 -9.04964e-16 0)
(-1.334e-15 -9.06179e-16 0)
(-1.4988e-15 -8.97734e-16 0)
(-1.66122e-15 -8.80398e-16 0)
(-1.81971e-15 -8.54784e-16 0)
(-1.97277e-15 -8.216e-16 0)
(-2.11911e-15 -7.81377e-16 0)
(-2.25746e-15 -7.34808e-16 0)
(-2.38675e-15 -6.82364e-16 0)
(-2.50595e-15 -6.24744e-16 0)
(-2.61419e-15 -5.62376e-16 0)
(-2.71065e-15 -4.9599e-16 0)
(-2.79464e-15 -4.25981e-16 0)
(-2.86554e-15 -3.53118e-16 0)
(-2.92274e-15 -2.77718e-16 0)
(-2.96574e-15 -2.00301e-16 0)
(-2.99438e-15 -1.2088e-16 0)
(-3.00869e-15 -4.03185e-17 0)
(-3.00868e-15 4.07968e-17 0)
(-2.99434e-15 1.21347e-16 0)
(-2.96568e-15 2.0077e-16 0)
(-2.92265e-15 2.78155e-16 0)
(-2.86543e-15 3.53559e-16 0)
(-2.79451e-15 4.26376e-16 0)
(-2.7105e-15 4.96391e-16 0)
(-2.61402e-15 5.62705e-16 0)
(-2.50576e-15 6.25086e-16 0)
(-2.38655e-15 6.82612e-16 0)
(-2.25726e-15 7.35059e-16 0)
(-2.11889e-15 7.81528e-16 0)
(-1.97256e-15 8.21751e-16 0)
(-1.81949e-15 8.54815e-16 0)
(-1.66101e-15 8.80424e-16 0)
(-1.4986e-15 8.9764e-16 0)
(-1.33381e-15 9.06067e-16 0)
(-1.16842e-15 9.04724e-16 0)
(-1.00426e-15 8.93097e-16 0)
(-8.43445e-16 8.70078e-16 0)
(-6.88178e-16 8.34898e-16 0)
(-5.40965e-16 7.86271e-16 0)
(-4.04548e-16 7.23001e-16 0)
(-2.8207e-16 6.43108e-16 0)
(-1.76407e-16 5.44685e-16 0)
(-9.12032e-17 4.24707e-16 0)
(-3.38924e-17 2.7912e-16 0)
(-3.82823e-19 1.08167e-16 0)
(-5.00368e-19 -9.10142e-17 0)
(-3.89257e-17 -2.30666e-16 0)
(-1.04035e-16 -3.48167e-16 0)
(-1.99993e-16 -4.44359e-16 0)
(-3.17855e-16 -5.23046e-16 0)
(-4.53879e-16 -5.86764e-16 0)
(-6.04799e-16 -6.37351e-16 0)
(-7.67159e-16 -6.76158e-16 0)
(-9.38054e-16 -7.04312e-16 0)
(-1.11486e-15 -7.22634e-16 0)
(-1.29515e-15 -7.31949e-16 0)
(-1.47672e-15 -7.32853e-16 0)
(-1.65755e-15 -7.26054e-16 0)
(-1.83575e-15 -7.11999e-16 0)
(-2.0096e-15 -6.91363e-16 0)
(-2.17752e-15 -6.64491e-16 0)
(-2.33805e-15 -6.32067e-16 0)
(-2.48985e-15 -5.94345e-16 0)
(-2.63171e-15 -5.52048e-16 0)
(-2.76252e-15 -5.05348e-16 0)
(-2.88132e-15 -4.5503e-16 0)
(-2.98722e-15 -4.01203e-16 0)
(-3.07948e-15 -3.44723e-16 0)
(-3.15744e-15 -2.85686e-16 0)
(-3.2204e-15 -2.25056e-16 0)
(-3.26765e-15 -1.62445e-16 0)
(-3.29904e-15 -9.82873e-17 0)
(-3.31473e-15 -3.26462e-17 0)
(-3.3147e-15 3.30733e-17 0)
(-3.29895e-15 9.87164e-17 0)
(-3.2675e-15 1.62839e-16 0)
(-3.2202e-15 2.25462e-16 0)
(-3.15718e-15 2.86044e-16 0)
(-3.07916e-15 3.451e-16 0)
(-2.98685e-15 4.01509e-16 0)
(-2.88091e-15 4.55366e-16 0)
(-2.76208e-15 5.05591e-16 0)
(-2.63123e-15 5.52316e-16 0)
(-2.48934e-15 5.94515e-16 0)
(-2.33752e-15 6.32258e-16 0)
(-2.17698e-15 6.6456e-16 0)
(-2.00905e-15 6.9146e-16 0)
(-1.8352e-15 7.11961e-16 0)
(-1.65701e-15 7.2603e-16 0)
(-1.47621e-15 7.32698e-16 0)
(-1.29467e-15 7.31802e-16 0)
(-1.11442e-15 7.22358e-16 0)
(-9.37678e-16 7.04033e-16 0)
(-7.66845e-16 6.75782e-16 0)
(-6.04547e-16 6.36967e-16 0)
(-4.53681e-16 5.86296e-16 0)
(-3.1774e-16 5.22619e-16 0)
(-1.99982e-16 4.43947e-16 0)
(-1.04052e-16 3.47719e-16 0)
(-3.89284e-17 2.30407e-16 0)
(-5.31221e-19 9.08658e-17 0)
(-8.21698e-19 -7.10814e-17 0)
(-4.53607e-17 -1.74954e-16 0)
(-1.18931e-16 -2.61725e-16 0)
(-2.25856e-16 -3.32101e-16 0)
(-3.5603e-16 -3.89635e-16 0)
(-5.05373e-16 -4.3633e-16 0)
(-6.70389e-16 -4.73456e-16 0)
(-8.4752e-16 -5.02006e-16 0)
(-1.03367e-15 -5.22734e-16 0)
(-1.22608e-15 -5.36265e-16 0)
(-1.42216e-15 -5.43129e-16 0)
(-1.61959e-15 -5.43824e-16 0)
(-1.81617e-15 -5.38771e-16 0)
(-2.0099e-15 -5.28401e-16 0)
(-2.1989e-15 -5.13084e-16 0)
(-2.38149e-15 -4.93217e-16 0)
(-2.55603e-15 -4.69135e-16 0)
(-2.72112e-15 -4.41218e-16 0)
(-2.87539e-15 -4.09783e-16 0)
(-3.01769e-15 -3.75199e-16 0)
(-3.14689e-15 -3.37771e-16 0)
(-3.26208e-15 -2.97868e-16 0)
(-3.36241e-15 -2.55807e-16 0)
(-3.44732e-15 -2.12097e-16 0)
(-3.51609e-15 -1.67309e-16 0)
(-3.56787e-15 -1.21236e-16 0)
(-3.60244e-15 -7.3458e-17 0)
(-3.61981e-15 -2.44766e-17 0)
(-3.61976e-15 2.48169e-17 0)
(-3.60231e-15 7.37885e-17 0)
(-3.56764e-15 1.21553e-16 0)
(-3.51577e-15 1.67611e-16 0)
(-3.4469e-15 2.12387e-16 0)
(-3.36192e-15 2.56083e-16 0)
(-3.26151e-15 2.98124e-16 0)
(-3.14626e-15 3.38008e-16 0)
(-3.01698e-15 3.75407e-16 0)
(-2.87463e-15 4.09973e-16 0)
(-2.72032e-15 4.41365e-16 0)
(-2.5552e-15 4.69259e-16 0)
(-2.38062e-15 4.93298e-16 0)
(-2.19803e-15 5.13132e-16 0)
(-2.00903e-15 5.28396e-16 0)
(-1.81531e-15 5.3873e-16 0)
(-1.61876e-15 5.43725e-16 0)
(-1.42138e-15 5.42993e-16 0)
(-1.22536e-15 5.36068e-16 0)
(-1.03301e-15 5.22502e-16 0)
(-8.46952e-16 5.01719e-16 0)
(-6.69923e-16 4.73147e-16 0)
(-5.05034e-16 4.35989e-16 0)
(-3.55761e-16 3.89283e-16 0)
(-2.25699e-16 3.31734e-16 0)
(-1.18875e-16 2.61452e-16 0)
(-4.5372e-17 1.74711e-16 0)
(-8.38544e-19 7.09695e-17 0)
(-2.20638e-18 -4.62212e-17 0)
(-5.46871e-17 -1.10632e-16 0)
(-1.37266e-16 -1.6424e-16 0)
(-2.5471e-16 -2.07403e-16 0)
(-3.96813e-16 -2.4266e-16 0)
(-5.5898e-16 -2.71396e-16 0)
(-7.37631e-16 -2.94304e-16 0)
(-9.29086e-16 -3.11965e-16 0)
(-1.13013e-15 -3.24801e-16 0)
(-1.33784e-15 -3.33212e-16 0)
(-1.54949e-15 -3.37484e-16 0)
(-1.76257e-15 -3.37949e-16 0)
(-1.97476e-15 -3.34821e-16 0)
(-2.18389e-15 -3.28421e-16 0)
(-2.38796e-15 -3.1891e-16 0)
(-2.58511e-15 -3.06608e-16 0)
(-2.77363e-15 -2.91634e-16 0)
(-2.95194e-15 -2.74332e-16 0)
(-3.11861e-15 -2.54774e-16 0)
(-3.27233e-15 -2.33336e-16 0)
(-3.41192e-15 -2.10051e-16 0)
(-3.53631e-15 -1.85347e-16 0)
(-3.64462e-15 -1.5928e-16 0)
(-3.73617e-15 -1.32377e-16 0)
(-3.81069e-15 -1.0573e-16 0)
(-3.86751e-15 -7.8333e-17 0)
(-3.90613e-15 -4.83339e-17 0)
(-3.92541e-15 -1.62467e-17 0)
(-3.92535e-15 1.64731e-17 0)
(-3.90595e-15 4.85449e-17 0)
(-3.86722e-15 7.8542e-17 0)
(-3.81028e-15 1.05914e-16 0)
(-3.73565e-15 1.32588e-16 0)
(-3.64399e-15 1.59457e-16 0)
(-3.53558e-15 1.85543e-16 0)
(-3.4111e-15 2.10195e-16 0)
(-3.27142e-15 2.33502e-16 0)
(-3.11764e-15 2.54876e-16 0)
(-2.9509e-15 2.74454e-16 0)
(-2.77254e-15 2.91686e-16 0)
(-2.584e-15 3.06678e-16 0)
(-2.38684e-15 3.18898e-16 0)
(-2.18276e-15 3.28434e-16 0)
(-1.97365e-15 3.34756e-16 0)
(-1.76149e-15 3.37898e-16 0)
(-1.54846e-15 3.37355e-16 0)
(-1.33687e-15 3.33097e-16 0)
(-1.12927e-15 3.2462e-16 0)
(-9.2833e-16 3.11787e-16 0)
(-7.36983e-16 2.9407e-16 0)
(-5.58459e-16 2.71177e-16 0)
(-3.96456e-16 2.42429e-16 0)
(-2.54469e-16 2.07179e-16 0)
(-1.37142e-16 1.64042e-16 0)
(-5.46642e-17 1.10482e-16 0)
(-2.21344e-18 4.61652e-17 0)
(-7.94021e-18 -1.62439e-17 0)
(-6.0787e-17 -3.9149e-17 0)
(-1.5372e-16 -5.81604e-17 0)
(-2.82154e-16 -7.28395e-17 0)
(-4.35643e-16 -8.48769e-17 0)
(-6.10409e-16 -9.48253e-17 0)
(-8.02544e-16 -1.02762e-16 0)
(-1.00826e-15 -1.08884e-16 0)
(-1.2242e-15 -1.13351e-16 0)
(-1.44726e-15 -1.16272e-16 0)
(-1.67454e-15 -1.17765e-16 0)
(-1.90338e-15 -1.17921e-16 0)
(-2.13127e-15 -1.16843e-16 0)
(-2.35591e-15 -1.14603e-16 0)
(-2.57513e-15 -1.113e-16 0)
(-2.78695e-15 -1.06997e-16 0)
(-2.98952e-15 -1.01795e-16 0)
(-3.18115e-15 -9.57409e-17 0)
(-3.36029e-15 -8.89464e-17 0)
(-3.52556e-15 -8.14497e-17 0)
(-3.67568e-15 -7.33668e-17 0)
(-3.80963e-15 -6.46945e-17 0)
(-3.9265e-15 -5.53889e-17 0)
(-4.02457e-15 -4.3899e-17 0)
(-4.10402e-15 -3.17455e-17 0)
(-4.16502e-15 -2.08221e-17 0)
(-4.20696e-15 -1.04837e-17 0)
(-4.22767e-15 -2.73872e-18 0)
(-4.2276e-15 2.78411e-18 0)
(-4.20675e-15 1.05451e-17 0)
(-4.16467e-15 2.08869e-17 0)
(-4.10354e-15 3.18279e-17 0)
(-4.02397e-15 4.39745e-17 0)
(-3.92577e-15 5.5449e-17 0)
(-3.8088e-15 6.4741e-17 0)
(-3.67474e-15 7.34184e-17 0)
(-3.52452e-15 8.14846e-17 0)
(-3.35918e-15 8.89878e-17 0)
(-3.17997e-15 9.57597e-17 0)
(-2.98829e-15 1.01824e-16 0)
(-2.78568e-15 1.07008e-16 0)
(-2.57383e-15 1.11316e-16 0)
(-2.35461e-15 1.1459e-16 0)
(-2.12999e-15 1.16836e-16 0)
(-1.90213e-15 1.17889e-16 0)
(-1.67336e-15 1.17738e-16 0)
(-1.44615e-15 1.1622e-16 0)
(-1.2232e-15 1.13301e-16 0)
(-1.00738e-15 1.08813e-16 0)
(-8.01799e-16 1.02696e-16 0)
(-6.09809e-16 9.47498e-17 0)
(-4.35185e-16 8.48031e-17 0)
(-2.8185e-16 7.27638e-17 0)
(-1.53566e-16 5.80955e-17 0)
(-6.07366e-17 3.91174e-17 0)
(-7.93972e-18 1.62319e-17 0)
)
;

boundaryField
{
    top
    {
        type            slip;
    }
    bottom
    {
        type            slip;
    }
    rotatingWall
    {
        type            rotatingWallVelocity;
        origin          (0 0 0);
        axis            (0 1 0);
        omega           constant 1140;
        value           uniform (0 0 0);
    }
    wall
    {
        type            rotatingWallVelocity;
        origin          (0 0 0);
        axis            (0 1 0);
        omega           constant 0;
        value           uniform (0 -0 -0);
    }
    frontAndBack
    {
        type            empty;
    }
}


// ************************************************************************* //
