/*--------------------------------*- C++ -*----------------------------------*\
| =========                 |                                                 |
| \\      /  F ield         | OpenFOAM: The Open Source CFD Toolbox           |
|  \\    /   O peration     | Version:  5.0                                   |
|   \\  /    A nd           | Web:      www.OpenFOAM.org                      |
|    \\/     M anipulation  |                                                 |
\*---------------------------------------------------------------------------*/
FoamFile
{
    version     2.0;
    format      ascii;
    class       volVectorField;
    location    "230";
    object      U;
}
// * * * * * * * * * * * * * * * * * * * * * * * * * * * * * * * * * * * * * //

dimensions      [0 1 -1 0 0 0 0];

internalField   nonuniform List<vector> 
1568
(
(-2.57443e-14 -1.9674e-13 0)
(2.45518e-13 -2.11198e-13 0)
(1.35804e-12 -8.89452e-13 0)
(3.02173e-12 -9.11677e-13 0)
(4.60653e-12 -8.47316e-13 0)
(6.52881e-12 -1.12621e-12 0)
(8.77825e-12 -1.18963e-12 0)
(1.10845e-11 -1.21884e-12 0)
(1.34995e-11 -1.2903e-12 0)
(1.60244e-11 -1.32746e-12 0)
(1.85871e-11 -1.33822e-12 0)
(2.11585e-11 -1.33839e-12 0)
(2.37221e-11 -1.32409e-12 0)
(2.62482e-11 -1.29615e-12 0)
(2.87093e-11 -1.25943e-12 0)
(3.10852e-11 -1.21017e-12 0)
(3.33541e-11 -1.15021e-12 0)
(3.54975e-11 -1.08261e-12 0)
(3.74984e-11 -1.00563e-12 0)
(3.93411e-11 -9.20227e-13 0)
(4.10104e-11 -8.26554e-13 0)
(4.24968e-11 -7.29619e-13 0)
(4.3791e-11 -6.22296e-13 0)
(4.4872e-11 -4.90436e-13 0)
(4.57402e-11 -3.48746e-13 0)
(4.64012e-11 -2.26094e-13 0)
(4.68488e-11 -1.07334e-13 0)
(4.70578e-11 -2.38294e-14 0)
(4.70299e-11 4.4971e-14 0)
(4.6769e-11 1.27461e-13 0)
(4.6274e-11 2.45085e-13 0)
(4.5571e-11 3.70722e-13 0)
(4.4662e-11 5.15181e-13 0)
(4.35449e-11 6.35703e-13 0)
(4.22237e-11 7.42745e-13 0)
(4.07166e-11 8.3446e-13 0)
(3.90303e-11 9.27952e-13 0)
(3.71765e-11 1.0075e-12 0)
(3.51733e-11 1.08543e-12 0)
(3.30307e-11 1.15043e-12 0)
(3.07665e-11 1.20822e-12 0)
(2.84032e-11 1.25078e-12 0)
(2.59616e-11 1.28689e-12 0)
(2.34612e-11 1.3096e-12 0)
(2.0929e-11 1.32108e-12 0)
(1.83919e-11 1.31536e-12 0)
(1.58781e-11 1.29793e-12 0)
(1.34151e-11 1.26231e-12 0)
(1.10356e-11 1.21151e-12 0)
(8.77355e-12 1.13842e-12 0)
(6.66192e-12 1.04811e-12 0)
(4.74228e-12 9.42872e-13 0)
(3.09195e-12 7.91133e-13 0)
(1.67498e-12 6.77662e-13 0)
(6.44242e-13 4.21377e-13 0)
(9.00936e-14 1.75412e-13 0)
(1.83348e-13 -6.88549e-13 0)
(3.82693e-13 -1.37405e-12 0)
(1.50175e-12 -1.89768e-12 0)
(2.47675e-12 -2.30511e-12 0)
(4.24319e-12 -2.83001e-12 0)
(6.06819e-12 -3.11745e-12 0)
(8.04283e-12 -3.35749e-12 0)
(1.02312e-11 -3.55921e-12 0)
(1.24995e-11 -3.70291e-12 0)
(1.48351e-11 -3.79458e-12 0)
(1.72167e-11 -3.83544e-12 0)
(1.96252e-11 -3.83896e-12 0)
(2.20181e-11 -3.80357e-12 0)
(2.43698e-11 -3.72818e-12 0)
(2.66657e-11 -3.61516e-12 0)
(2.88795e-11 -3.47336e-12 0)
(3.09939e-11 -3.29938e-12 0)
(3.29921e-11 -3.09884e-12 0)
(3.48576e-11 -2.87183e-12 0)
(3.65745e-11 -2.62582e-12 0)
(3.81308e-11 -2.35769e-12 0)
(3.95135e-11 -2.07416e-12 0)
(4.07159e-11 -1.77463e-12 0)
(4.17276e-11 -1.46867e-12 0)
(4.25485e-11 -1.16473e-12 0)
(4.31682e-11 -8.54247e-13 0)
(4.35815e-11 -5.13379e-13 0)
(4.37733e-11 -1.49279e-13 0)
(4.37501e-11 2.24542e-13 0)
(4.35093e-11 5.89186e-13 0)
(4.30499e-11 9.27525e-13 0)
(4.23897e-11 1.23469e-12 0)
(4.1541e-11 1.53705e-12 0)
(4.05059e-11 1.83536e-12 0)
(3.92815e-11 2.12678e-12 0)
(3.78764e-11 2.40089e-12 0)
(3.63054e-11 2.65986e-12 0)
(3.45815e-11 2.89387e-12 0)
(3.27106e-11 3.10824e-12 0)
(3.07158e-11 3.2954e-12 0)
(2.86088e-11 3.45752e-12 0)
(2.64015e-11 3.58757e-12 0)
(2.4119e-11 3.68979e-12 0)
(2.17876e-11 3.75317e-12 0)
(1.94251e-11 3.7824e-12 0)
(1.70585e-11 3.77091e-12 0)
(1.47106e-11 3.71829e-12 0)
(1.24133e-11 3.61908e-12 0)
(1.01957e-11 3.47094e-12 0)
(8.08542e-12 3.27089e-12 0)
(6.12007e-12 3.02208e-12 0)
(4.33885e-12 2.68154e-12 0)
(2.76691e-12 2.29812e-12 0)
(1.52557e-12 1.81608e-12 0)
(6.12745e-13 1.21335e-12 0)
(3.39223e-14 5.12715e-13 0)
(-3.19723e-14 -9.31465e-13 0)
(3.46286e-13 -1.95653e-12 0)
(1.15064e-12 -3.17608e-12 0)
(2.49112e-12 -3.87595e-12 0)
(3.77439e-12 -4.50552e-12 0)
(5.47119e-12 -5.07907e-12 0)
(7.37846e-12 -5.45391e-12 0)
(9.36157e-12 -5.77396e-12 0)
(1.14456e-11 -6.01364e-12 0)
(1.36337e-11 -6.16095e-12 0)
(1.5852e-11 -6.22855e-12 0)
(1.80705e-11 -6.22993e-12 0)
(2.0288e-11 -6.1685e-12 0)
(2.24756e-11 -6.04492e-12 0)
(2.46023e-11 -5.86764e-12 0)
(2.66558e-11 -5.63659e-12 0)
(2.86191e-11 -5.35672e-12 0)
(3.04734e-11 -5.03275e-12 0)
(3.2203e-11 -4.66792e-12 0)
(3.37964e-11 -4.26626e-12 0)
(3.52409e-11 -3.83154e-12 0)
(3.65264e-11 -3.36854e-12 0)
(3.76423e-11 -2.88037e-12 0)
(3.85843e-11 -2.37625e-12 0)
(3.93424e-11 -1.85977e-12 0)
(3.99082e-11 -1.33274e-12 0)
(4.02797e-11 -7.8432e-13 0)
(4.04566e-11 -2.25378e-13 0)
(4.04352e-11 3.4178e-13 0)
(4.02187e-11 9.00623e-13 0)
(3.98118e-11 1.45306e-12 0)
(3.92141e-11 1.98187e-12 0)
(3.84263e-11 2.50098e-12 0)
(3.74584e-11 2.99579e-12 0)
(3.63203e-11 3.47294e-12 0)
(3.50192e-11 3.91557e-12 0)
(3.35612e-11 4.33467e-12 0)
(3.19584e-11 4.71277e-12 0)
(3.02266e-11 5.05648e-12 0)
(2.83724e-11 5.35541e-12 0)
(2.64124e-11 5.61225e-12 0)
(2.43684e-11 5.8196e-12 0)
(2.22546e-11 5.98142e-12 0)
(2.0088e-11 6.08706e-12 0)
(1.78952e-11 6.13643e-12 0)
(1.56965e-11 6.12069e-12 0)
(1.35176e-11 6.03667e-12 0)
(1.13822e-11 5.87617e-12 0)
(9.32218e-12 5.63965e-12 0)
(7.37481e-12 5.30938e-12 0)
(5.53796e-12 4.88832e-12 0)
(3.89693e-12 4.37556e-12 0)
(2.50585e-12 3.71417e-12 0)
(1.29819e-12 2.92035e-12 0)
(4.83892e-13 1.95152e-12 0)
(8.90443e-15 7.87254e-13 0)
(-7.92588e-14 -9.91895e-13 0)
(4.75335e-13 -2.83298e-12 0)
(1.10568e-12 -3.96948e-12 0)
(2.11679e-12 -5.1878e-12 0)
(3.44883e-12 -6.06025e-12 0)
(4.97635e-12 -6.74099e-12 0)
(6.6881e-12 -7.30184e-12 0)
(8.49887e-12 -7.75307e-12 0)
(1.04301e-11 -8.06448e-12 0)
(1.24355e-11 -8.25805e-12 0)
(1.44683e-11 -8.36233e-12 0)
(1.65199e-11 -8.36677e-12 0)
(1.85635e-11 -8.28145e-12 0)
(2.0571e-11 -8.11777e-12 0)
(2.25319e-11 -7.8782e-12 0)
(2.4426e-11 -7.56518e-12 0)
(2.62337e-11 -7.18981e-12 0)
(2.79426e-11 -6.7525e-12 0)
(2.95391e-11 -6.26312e-12 0)
(3.10089e-11 -5.72307e-12 0)
(3.23412e-11 -5.14133e-12 0)
(3.35259e-11 -4.51939e-12 0)
(3.45552e-11 -3.86844e-12 0)
(3.54209e-11 -3.18857e-12 0)
(3.61163e-11 -2.49415e-12 0)
(3.66343e-11 -1.77694e-12 0)
(3.69729e-11 -1.04487e-12 0)
(3.7134e-11 -2.96426e-13 0)
(3.71196e-11 4.5152e-13 0)
(3.69306e-11 1.20094e-12 0)
(3.65615e-11 1.93264e-12 0)
(3.60121e-11 2.64839e-12 0)
(3.52887e-11 3.33674e-12 0)
(3.43981e-11 4.00562e-12 0)
(3.33456e-11 4.63948e-12 0)
(3.21415e-11 5.24218e-12 0)
(3.07971e-11 5.79822e-12 0)
(2.93186e-11 6.3152e-12 0)
(2.77169e-11 6.77679e-12 0)
(2.60086e-11 7.18531e-12 0)
(2.42064e-11 7.53253e-12 0)
(2.23213e-11 7.82113e-12 0)
(2.03724e-11 8.03702e-12 0)
(1.83793e-11 8.1848e-12 0)
(1.63586e-11 8.24965e-12 0)
(1.4332e-11 8.23065e-12 0)
(1.23204e-11 8.11722e-12 0)
(1.03571e-11 7.90364e-12 0)
(8.46041e-12 7.57836e-12 0)
(6.65986e-12 7.14003e-12 0)
(5.01091e-12 6.56783e-12 0)
(3.49539e-12 5.85406e-12 0)
(2.16431e-12 4.96628e-12 0)
(1.16603e-12 3.89746e-12 0)
(4.40074e-13 2.56383e-12 0)
(1.5516e-14 1.01309e-12 0)
(7.2672e-14 -1.22182e-12 0)
(3.14767e-13 -3.19728e-12 0)
(1.0115e-12 -4.91448e-12 0)
(1.93415e-12 -6.22627e-12 0)
(3.10248e-12 -7.34807e-12 0)
(4.48025e-12 -8.22829e-12 0)
(6.01037e-12 -8.94699e-12 0)
(7.65097e-12 -9.4999e-12 0)
(9.41246e-12 -9.88808e-12 0)
(1.12399e-11 -1.01422e-11 0)
(1.30923e-11 -1.02702e-11 0)
(1.49596e-11 -1.02794e-11 0)
(1.68204e-11 -1.01802e-11 0)
(1.8656e-11 -9.97846e-12 0)
(2.0447e-11 -9.67892e-12 0)
(2.21748e-11 -9.2955e-12 0)
(2.38269e-11 -8.82938e-12 0)
(2.53881e-11 -8.29137e-12 0)
(2.68441e-11 -7.68621e-12 0)
(2.81862e-11 -7.02475e-12 0)
(2.94035e-11 -6.30877e-12 0)
(3.04855e-11 -5.54904e-12 0)
(3.14247e-11 -4.74839e-12 0)
(3.22137e-11 -3.91772e-12 0)
(3.28466e-11 -3.05757e-12 0)
(3.3319e-11 -2.1777e-12 0)
(3.36285e-11 -1.27569e-12 0)
(3.37769e-11 -3.62952e-13 0)
(3.37646e-11 5.55279e-13 0)
(3.35919e-11 1.46363e-12 0)
(3.32587e-11 2.35685e-12 0)
(3.27611e-11 3.22668e-12 0)
(3.21007e-11 4.07286e-12 0)
(3.1286e-11 4.88702e-12 0)
(3.03259e-11 5.66707e-12 0)
(2.92273e-11 6.40578e-12 0)
(2.79984e-11 7.09783e-12 0)
(2.66485e-11 7.73263e-12 0)
(2.51861e-11 8.30989e-12 0)
(2.36237e-11 8.81945e-12 0)
(2.1976e-11 9.25698e-12 0)
(2.02568e-11 9.61371e-12 0)
(1.848e-11 9.8892e-12 0)
(1.66591e-11 1.00697e-11 0)
(1.48129e-11 1.01522e-11 0)
(1.29638e-11 1.01267e-11 0)
(1.11307e-11 9.98655e-12 0)
(9.33474e-12 9.72154e-12 0)
(7.61151e-12 9.32339e-12 0)
(5.98912e-12 8.77447e-12 0)
(4.46086e-12 8.06003e-12 0)
(3.10434e-12 7.17193e-12 0)
(1.98212e-12 6.08079e-12 0)
(9.88704e-13 4.73063e-12 0)
(3.47641e-13 3.10564e-12 0)
(-1.25785e-15 1.20218e-12 0)
(-1.30373e-15 -1.42033e-12 0)
(3.12273e-13 -3.64167e-12 0)
(8.86199e-13 -5.60661e-12 0)
(1.7329e-12 -7.21127e-12 0)
(2.76547e-12 -8.53405e-12 0)
(3.99008e-12 -9.59905e-12 0)
(5.3461e-12 -1.0463e-11 0)
(6.82339e-12 -1.1114e-11 0)
(8.40643e-12 -1.15743e-11 0)
(1.00418e-11 -1.18817e-11 0)
(1.17067e-11 -1.20391e-11 0)
(1.3391e-11 -1.20535e-11 0)
(1.50713e-11 -1.1936e-11 0)
(1.67274e-11 -1.16979e-11 0)
(1.83426e-11 -1.13499e-11 0)
(1.99029e-11 -1.08983e-11 0)
(2.13942e-11 -1.03522e-11 0)
(2.28025e-11 -9.72163e-12 0)
(2.41166e-11 -9.01386e-12 0)
(2.53269e-11 -8.23592e-12 0)
(2.64245e-11 -7.39773e-12 0)
(2.74e-11 -6.50607e-12 0)
(2.82465e-11 -5.56835e-12 0)
(2.89584e-11 -4.59159e-12 0)
(2.95293e-11 -3.58278e-12 0)
(2.99554e-11 -2.54776e-12 0)
(3.02364e-11 -1.49332e-12 0)
(3.03713e-11 -4.26137e-13 0)
(3.03604e-11 6.42971e-13 0)
(3.02042e-11 1.70593e-12 0)
(2.99014e-11 2.7511e-12 0)
(2.94519e-11 3.77142e-12 0)
(2.88588e-11 4.76256e-12 0)
(2.81264e-11 5.72033e-12 0)
(2.72617e-11 6.6367e-12 0)
(2.62713e-11 7.50441e-12 0)
(2.51616e-11 8.31623e-12 0)
(2.39423e-11 9.06431e-12 0)
(2.26226e-11 9.74159e-12 0)
(2.12132e-11 1.03422e-11 0)
(1.97261e-11 1.08581e-11 0)
(1.81739e-11 1.12814e-11 0)
(1.65685e-11 1.16033e-11 0)
(1.49246e-11 1.18161e-11 0)
(1.32605e-11 1.19122e-11 0)
(1.15922e-11 1.18826e-11 0)
(9.93887e-12 1.17154e-11 0)
(8.33091e-12 1.1401e-11 0)
(6.77869e-12 1.09286e-11 0)
(5.30576e-12 1.02771e-11 0)
(3.97887e-12 9.43173e-12 0)
(2.76884e-12 8.37791e-12 0)
(1.68486e-12 7.07232e-12 0)
(8.97452e-13 5.4878e-12 0)
(3.44929e-13 3.59532e-12 0)
(8.83963e-15 1.36643e-12 0)
(-1.56355e-14 -1.51963e-12 0)
(3.01192e-13 -4.06083e-12 0)
(7.90096e-13 -6.23047e-12 0)
(1.52275e-12 -8.0729e-12 0)
(2.43139e-12 -9.58932e-12 0)
(3.49495e-12 -1.0825e-11 0)
(4.68949e-12 -1.18096e-11 0)
(6.00535e-12 -1.25541e-11 0)
(7.4024e-12 -1.30926e-11 0)
(8.84511e-12 -1.34503e-11 0)
(1.03235e-11 -1.36297e-11 0)
(1.18207e-11 -1.3646e-11 0)
(1.3313e-11 -1.3515e-11 0)
(1.47837e-11 -1.32477e-11 0)
(1.62206e-11 -1.2854e-11 0)
(1.76091e-11 -1.23435e-11 0)
(1.89349e-11 -1.17273e-11 0)
(2.01871e-11 -1.1014e-11 0)
(2.13562e-11 -1.02132e-11 0)
(2.24329e-11 -9.33305e-12 0)
(2.34082e-11 -8.38346e-12 0)
(2.42758e-11 -7.37272e-12 0)
(2.5029e-11 -6.3089e-12 0)
(2.56614e-11 -5.20062e-12 0)
(2.61688e-11 -4.05682e-12 0)
(2.65481e-11 -2.88367e-12 0)
(2.67979e-11 -1.68998e-12 0)
(2.69183e-11 -4.84511e-13 0)
(2.69096e-11 7.23444e-13 0)
(2.6771e-11 1.92357e-12 0)
(2.65018e-11 3.10674e-12 0)
(2.61026e-11 4.26501e-12 0)
(2.55758e-11 5.39053e-12 0)
(2.49253e-11 6.47636e-12 0)
(2.4156e-11 7.51533e-12 0)
(2.32746e-11 8.4983e-12 0)
(2.22876e-11 9.41818e-12 0)
(2.12027e-11 1.02675e-11 0)
(2.00285e-11 1.10373e-11 0)
(1.87745e-11 1.17193e-11 0)
(1.74515e-11 1.2305e-11 0)
(1.60703e-11 1.27854e-11 0)
(1.46428e-11 1.31513e-11 0)
(1.31816e-11 1.3394e-11 0)
(1.17022e-11 1.35028e-11 0)
(1.02209e-11 1.34671e-11 0)
(8.75451e-12 1.32757e-11 0)
(7.3242e-12 1.29152e-11 0)
(5.95351e-12 1.23693e-11 0)
(4.66701e-12 1.16259e-11 0)
(3.46597e-12 1.06593e-11 0)
(2.40198e-12 9.44121e-12 0)
(1.52918e-12 7.96123e-12 0)
(7.61496e-13 6.16726e-12 0)
(2.55916e-13 3.99959e-12 0)
(8.28537e-15 1.51865e-12 0)
(9.79828e-15 -1.63527e-12 0)
(2.56965e-13 -4.39938e-12 0)
(6.79037e-13 -6.79365e-12 0)
(1.30019e-12 -8.82611e-12 0)
(2.08567e-12 -1.05135e-11 0)
(3.01203e-12 -1.18864e-11 0)
(4.0521e-12 -1.29727e-11 0)
(5.19081e-12 -1.38073e-11 0)
(6.39809e-12 -1.44168e-11 0)
(7.65291e-12 -1.48147e-11 0)
(8.94319e-12 -1.50161e-11 0)
(1.02468e-11 -1.50387e-11 0)
(1.15464e-11 -1.4897e-11 0)
(1.28296e-11 -1.46034e-11 0)
(1.40833e-11 -1.41694e-11 0)
(1.52941e-11 -1.36076e-11 0)
(1.64512e-11 -1.29287e-11 0)
(1.75445e-11 -1.21423e-11 0)
(1.85649e-11 -1.12589e-11 0)
(1.95044e-11 -1.0289e-11 0)
(2.0356e-11 -9.24184e-12 0)
(2.11133e-11 -8.12648e-12 0)
(2.17704e-11 -6.95371e-12 0)
(2.2322e-11 -5.73179e-12 0)
(2.27647e-11 -4.46993e-12 0)
(2.30961e-11 -3.17702e-12 0)
(2.33145e-11 -1.86213e-12 0)
(2.34198e-11 -5.34577e-13 0)
(2.34114e-11 7.95134e-13 0)
(2.32899e-11 2.11632e-12 0)
(2.3055e-11 3.41946e-12 0)
(2.27065e-11 4.69558e-12 0)
(2.22469e-11 5.9366e-12 0)
(2.16799e-11 7.13373e-12 0)
(2.10091e-11 8.27884e-12 0)
(2.024e-11 9.36387e-12 0)
(1.93793e-11 1.03793e-11 0)
(1.84331e-11 1.13168e-11 0)
(1.74082e-11 1.21668e-11 0)
(1.63135e-11 1.29204e-11 0)
(1.51584e-11 1.35676e-11 0)
(1.39527e-11 1.40985e-11 0)
(1.27066e-11 1.4503e-11 0)
(1.14311e-11 1.47699e-11 0)
(1.01407e-11 1.48884e-11 0)
(8.84923e-12 1.48467e-11 0)
(7.57152e-12 1.46314e-11 0)
(6.33191e-12 1.42282e-11 0)
(5.14122e-12 1.36217e-11 0)
(4.01376e-12 1.27892e-11 0)
(3.00088e-12 1.17101e-11 0)
(2.09017e-12 1.03703e-11 0)
(1.26965e-12 8.71702e-12 0)
(6.63578e-13 6.71885e-12 0)
(2.53674e-13 4.3693e-12 0)
(4.1914e-16 1.64061e-12 0)
(2.67135e-15 -1.7588e-12 0)
(2.13473e-13 -4.71344e-12 0)
(5.66257e-13 -7.29913e-12 0)
(1.08791e-12 -9.48778e-12 0)
(1.75667e-12 -1.13079e-11 0)
(2.54287e-12 -1.27952e-11 0)
(3.41955e-12 -1.3983e-11 0)
(4.37879e-12 -1.48996e-11 0)
(5.4025e-12 -1.55657e-11 0)
(6.4679e-12 -1.59984e-11 0)
(7.56204e-12 -1.6221e-11 0)
(8.67017e-12 -1.62498e-11 0)
(9.7758e-12 -1.60988e-11 0)
(1.08671e-11 -1.57825e-11 0)
(1.19338e-11 -1.53149e-11 0)
(1.29642e-11 -1.47079e-11 0)
(1.39492e-11 -1.39738e-11 0)
(1.48799e-11 -1.31239e-11 0)
(1.57482e-11 -1.21694e-11 0)
(1.65478e-11 -1.11204e-11 0)
(1.72731e-11 -9.98827e-12 0)
(1.79173e-11 -8.783e-12 0)
(1.84761e-11 -7.5149e-12 0)
(1.89459e-11 -6.19389e-12 0)
(1.93227e-11 -4.82996e-12 0)
(1.96045e-11 -3.43313e-12 0)
(1.97906e-11 -2.01313e-12 0)
(1.98805e-11 -5.79995e-13 0)
(1.98734e-11 8.55782e-13 0)
(1.97694e-11 2.284e-12 0)
(1.95686e-11 3.69325e-12 0)
(1.9272e-11 5.07365e-12 0)
(1.88811e-11 6.41635e-12 0)
(1.83981e-11 7.71177e-12 0)
(1.78277e-11 8.95071e-12 0)
(1.71738e-11 1.01241e-11 0)
(1.64409e-11 1.12224e-11 0)
(1.56352e-11 1.22352e-11 0)
(1.4763e-11 1.31535e-11 0)
(1.38311e-11 1.39673e-11 0)
(1.28476e-11 1.4666e-11 0)
(1.1821e-11 1.52387e-11 0)
(1.07599e-11 1.56744e-11 0)
(9.67424e-12 1.59613e-11 0)
(8.57686e-12 1.60875e-11 0)
(7.47974e-12 1.60395e-11 0)
(6.39567e-12 1.5803e-11 0)
(5.34268e-12 1.53622e-11 0)
(4.33492e-12 1.46979e-11 0)
(3.39143e-12 1.37909e-11 0)
(2.5221e-12 1.26187e-11 0)
(1.74696e-12 1.1144e-11 0)
(1.10397e-12 9.35616e-12 0)
(5.54496e-13 7.21671e-12 0)
(1.89243e-13 4.65505e-12 0)
(2.148e-15 1.7462e-12 0)
(-6.60357e-15 -1.85247e-12 0)
(1.75016e-13 -4.97016e-12 0)
(4.57823e-13 -7.70694e-12 0)
(8.8738e-13 -1.00253e-11 0)
(1.43504e-12 -1.19645e-11 0)
(2.07439e-12 -1.35545e-11 0)
(2.78735e-12 -1.48293e-11 0)
(3.57307e-12 -1.5811e-11 0)
(4.41379e-12 -1.65221e-11 0)
(5.28744e-12 -1.69885e-11 0)
(6.18457e-12 -1.72303e-11 0)
(7.09392e-12 -1.72626e-11 0)
(8.00209e-12 -1.71043e-11 0)
(8.89876e-12 -1.67701e-11 0)
(9.7753e-12 -1.62743e-11 0)
(1.06223e-11 -1.56301e-11 0)
(1.14317e-11 -1.48503e-11 0)
(1.21966e-11 -1.39476e-11 0)
(1.29111e-11 -1.29334e-11 0)
(1.35688e-11 -1.1819e-11 0)
(1.41644e-11 -1.06155e-11 0)
(1.46944e-11 -9.33493e-12 0)
(1.51541e-11 -7.98698e-12 0)
(1.55397e-11 -6.58335e-12 0)
(1.58491e-11 -5.13412e-12 0)
(1.60806e-11 -3.64965e-12 0)
(1.62336e-11 -2.14029e-12 0)
(1.63078e-11 -6.17158e-13 0)
(1.63026e-11 9.08463e-13 0)
(1.62174e-11 2.42555e-12 0)
(1.60519e-11 3.92308e-12 0)
(1.58073e-11 5.39097e-12 0)
(1.54853e-11 6.81847e-12 0)
(1.50882e-11 8.19611e-12 0)
(1.46188e-11 9.51386e-12 0)
(1.40807e-11 1.07612e-11 0)
(1.34779e-11 1.19283e-11 0)
(1.2815e-11 1.30052e-11 0)
(1.20977e-11 1.39812e-11 0)
(1.13314e-11 1.48459e-11 0)
(1.05225e-11 1.5588e-11 0)
(9.67822e-12 1.61959e-11 0)
(8.80591e-12 1.6658e-11 0)
(7.91389e-12 1.69618e-11 0)
(7.01268e-12 1.70941e-11 0)
(6.11204e-12 1.70407e-11 0)
(5.22286e-12 1.67853e-11 0)
(4.3631e-12 1.63114e-11 0)
(3.53909e-12 1.56001e-11 0)
(2.76117e-12 1.46265e-11 0)
(2.0616e-12 1.33682e-11 0)
(1.43963e-12 1.18074e-11 0)
(8.82148e-13 9.8935e-12 0)
(4.52969e-13 7.59879e-12 0)
(1.70313e-13 4.91787e-12 0)
(5.42437e-16 1.83142e-12 0)
(-4.52856e-15 -1.92141e-12 0)
(1.38412e-13 -5.17221e-12 0)
(3.57373e-13 -8.02653e-12 0)
(6.87275e-13 -1.04546e-11 0)
(1.11215e-12 -1.24904e-11 0)
(1.60968e-12 -1.41619e-11 0)
(2.16269e-12 -1.55007e-11 0)
(2.77662e-12 -1.65324e-11 0)
(3.43158e-12 -1.72826e-11 0)
(4.10932e-12 -1.77762e-11 0)
(4.80915e-12 -1.80332e-11 0)
(5.51887e-12 -1.80704e-11 0)
(6.2265e-12 -1.79062e-11 0)
(6.92572e-12 -1.7558e-11 0)
(7.60971e-12 -1.70397e-11 0)
(8.27079e-12 -1.63661e-11 0)
(8.9024e-12 -1.55498e-11 0)
(9.49932e-12 -1.46047e-11 0)
(1.00567e-11 -1.35423e-11 0)
(1.05702e-11 -1.23759e-11 0)
(1.10354e-11 -1.11159e-11 0)
(1.14487e-11 -9.77501e-12 0)
(1.18071e-11 -8.36415e-12 0)
(1.2108e-11 -6.89459e-12 0)
(1.23498e-11 -5.37664e-12 0)
(1.25311e-11 -3.82185e-12 0)
(1.26512e-11 -2.24085e-12 0)
(1.2709e-11 -6.45947e-13 0)
(1.27041e-11 9.51395e-13 0)
(1.26365e-11 2.53912e-12 0)
(1.25069e-11 4.1066e-12 0)
(1.23157e-11 5.64281e-12 0)
(1.2064e-11 7.13762e-12 0)
(1.17536e-11 8.58023e-12 0)
(1.13867e-11 9.96015e-12 0)
(1.09662e-11 1.1267e-11 0)
(1.04953e-11 1.24896e-11 0)
(9.97785e-12 1.36178e-11 0)
(9.4177e-12 1.46405e-11 0)
(8.81926e-12 1.55461e-11 0)
(8.18757e-12 1.63232e-11 0)
(7.5285e-12 1.69598e-11 0)
(6.84771e-12 1.74433e-11 0)
(6.15165e-12 1.77602e-11 0)
(5.44901e-12 1.78971e-11 0)
(4.74766e-12 1.78387e-11 0)
(4.05569e-12 1.75682e-11 0)
(3.38716e-12 1.70669e-11 0)
(2.74631e-12 1.63143e-11 0)
(2.14717e-12 1.52915e-11 0)
(1.6059e-12 1.39693e-11 0)
(1.11311e-12 1.23164e-11 0)
(6.95614e-13 1.03163e-11 0)
(3.5881e-13 7.93405e-12 0)
(1.23672e-13 5.10239e-12 0)
(2.38702e-15 1.90382e-12 0)
(-5.07374e-15 -1.97543e-12 0)
(1.01624e-13 -5.32539e-12 0)
(2.55396e-13 -8.27103e-12 0)
(4.89859e-13 -1.07816e-11 0)
(7.95911e-13 -1.28858e-11 0)
(1.1524e-12 -1.46163e-11 0)
(1.54594e-12 -1.60031e-11 0)
(1.98409e-12 -1.70738e-11 0)
(2.45228e-12 -1.78551e-11 0)
(2.93619e-12 -1.8369e-11 0)
(3.43696e-12 -1.86369e-11 0)
(3.94291e-12 -1.8678e-11 0)
(4.45035e-12 -1.85098e-11 0)
(4.95011e-12 -1.81511e-11 0)
(5.43933e-12 -1.76162e-11 0)
(5.91231e-12 -1.69198e-11 0)
(6.36425e-12 -1.60763e-11 0)
(6.7913e-12 -1.50991e-11 0)
(7.18998e-12 -1.4001e-11 0)
(7.55718e-12 -1.27944e-11 0)
(7.88988e-12 -1.14924e-11 0)
(8.18536e-12 -1.01059e-11 0)
(8.44195e-12 -8.64743e-12 0)
(8.65769e-12 -7.12775e-12 0)
(8.83104e-12 -5.55846e-12 0)
(8.96112e-12 -3.95044e-12 0)
(9.04707e-12 -2.31602e-12 0)
(9.08804e-12 -6.67201e-13 0)
(9.084e-12 9.83332e-13 0)
(9.03486e-12 2.62409e-12 0)
(8.94094e-12 4.24433e-12 0)
(8.80319e-12 5.83276e-12 0)
(8.62263e-12 7.37845e-12 0)
(8.4e-12 8.87045e-12 0)
(8.13724e-12 1.02975e-11 0)
(7.83581e-12 1.16488e-11 0)
(7.49823e-12 1.29135e-11 0)
(7.12766e-12 1.40802e-11 0)
(6.72639e-12 1.51375e-11 0)
(6.29766e-12 1.60736e-11 0)
(5.84541e-12 1.68768e-11 0)
(5.37379e-12 1.75346e-11 0)
(4.88657e-12 1.80338e-11 0)
(4.38861e-12 1.83603e-11 0)
(3.88564e-12 1.85003e-11 0)
(3.38607e-12 1.84378e-11 0)
(2.8913e-12 1.81541e-11 0)
(2.41571e-12 1.76323e-11 0)
(1.9633e-12 1.6851e-11 0)
(1.53415e-12 1.5785e-11 0)
(1.14659e-12 1.44124e-11 0)
(8.10616e-13 1.27098e-11 0)
(5.07979e-13 1.06324e-11 0)
(2.497e-13 8.1535e-12 0)
(9.03097e-14 5.26152e-12 0)
(-4.4954e-15 1.95085e-12 0)
(-6.03571e-15 -2.01158e-12 0)
(6.43336e-14 -5.427e-12 0)
(1.56679e-13 -8.43477e-12 0)
(2.9631e-13 -1.09975e-11 0)
(4.83869e-13 -1.31484e-11 0)
(6.98995e-13 -1.49185e-11 0)
(9.32264e-13 -1.6339e-11 0)
(1.195e-12 -1.74367e-11 0)
(1.47583e-12 -1.82376e-11 0)
(1.76466e-12 -1.87646e-11 0)
(2.07109e-12 -1.90377e-11 0)
(2.36381e-12 -1.90793e-11 0)
(2.67457e-12 -1.89128e-11 0)
(2.97284e-12 -1.85475e-11 0)
(3.26616e-12 -1.80014e-11 0)
(3.5496e-12 -1.729e-11 0)
(3.82006e-12 -1.64284e-11 0)
(4.0757e-12 -1.54298e-11 0)
(4.31475e-12 -1.43079e-11 0)
(4.53458e-12 -1.30749e-11 0)
(4.73358e-12 -1.17442e-11 0)
(4.91055e-12 -1.03274e-11 0)
(5.06403e-12 -8.83697e-12 0)
(5.1936e-12 -7.28385e-12 0)
(5.29849e-12 -5.6799e-12 0)
(5.37749e-12 -4.03613e-12 0)
(5.42925e-12 -2.3659e-12 0)
(5.45274e-12 -6.81248e-13 0)
(5.44817e-12 1.00507e-12 0)
(5.41735e-12 2.68161e-12 0)
(5.3606e-12 4.3371e-12 0)
(5.27762e-12 5.96076e-12 0)
(5.16872e-12 7.5407e-12 0)
(5.03436e-12 9.06564e-12 0)
(4.87568e-12 1.05246e-11 0)
(4.69437e-12 1.19055e-11 0)
(4.49152e-12 1.31983e-11 0)
(4.26852e-12 1.43905e-11 0)
(4.02731e-12 1.54707e-11 0)
(3.76985e-12 1.64272e-11 0)
(3.4985e-12 1.72477e-11 0)
(3.21591e-12 1.79194e-11 0)
(2.92404e-12 1.84291e-11 0)
(2.62643e-12 1.87615e-11 0)
(2.32091e-12 1.88999e-11 0)
(2.02742e-12 1.88362e-11 0)
(1.72966e-12 1.85459e-11 0)
(1.44929e-12 1.80096e-11 0)
(1.17733e-12 1.72062e-11 0)
(9.25157e-13 1.61159e-11 0)
(7.09017e-13 1.4712e-11 0)
(4.94377e-13 1.29573e-11 0)
(3.02799e-13 1.08402e-11 0)
(1.70366e-13 8.32319e-12 0)
(5.79355e-14 5.34725e-12 0)
(3.20231e-15 1.98615e-12 0)
(-5.58505e-15 -2.02956e-12 0)
(2.76351e-14 -5.4787e-12 0)
(5.84567e-14 -8.51608e-12 0)
(1.05569e-13 -1.11051e-11 0)
(1.73692e-13 -1.32793e-11 0)
(2.4733e-13 -1.50695e-11 0)
(3.20192e-13 -1.65061e-11 0)
(4.07724e-13 -1.76168e-11 0)
(5.0146e-13 -1.84273e-11 0)
(5.92627e-13 -1.89612e-11 0)
(6.94641e-13 -1.92404e-11 0)
(7.93214e-13 -1.92872e-11 0)
(9.02518e-13 -1.91144e-11 0)
(9.9497e-13 -1.87435e-11 0)
(1.09082e-12 -1.81916e-11 0)
(1.18375e-12 -1.74736e-11 0)
(1.27227e-12 -1.66032e-11 0)
(1.35596e-12 -1.55941e-11 0)
(1.43419e-12 -1.44598e-11 0)
(1.50607e-12 -1.32139e-11 0)
(1.5709e-12 -1.18683e-11 0)
(1.62844e-12 -1.04363e-11 0)
(1.67908e-12 -8.92891e-12 0)
(1.72272e-12 -7.35857e-12 0)
(1.75879e-12 -5.73702e-12 0)
(1.7857e-12 -4.07687e-12 0)
(1.80215e-12 -2.39013e-12 0)
(1.80824e-12 -6.89295e-13 0)
(1.80459e-12 1.01438e-12 0)
(1.79244e-12 2.70937e-12 0)
(1.77232e-12 4.3833e-12 0)
(1.74392e-12 6.02448e-12 0)
(1.7068e-12 7.62151e-12 0)
(1.6615e-12 9.16289e-12 0)
(1.6079e-12 1.06374e-11 0)
(1.54696e-12 1.20339e-11 0)
(1.47912e-12 1.334e-11 0)
(1.40445e-12 1.45449e-11 0)
(1.32419e-12 1.56366e-11 0)
(1.2387e-12 1.66031e-11 0)
(1.14887e-12 1.74318e-11 0)
(1.05619e-12 1.81101e-11 0)
(9.60922e-13 1.86245e-11 0)
(8.67936e-13 1.89624e-11 0)
(7.61255e-13 1.91077e-11 0)
(6.63149e-13 1.90362e-11 0)
(5.68176e-13 1.87392e-11 0)
(4.8093e-13 1.81951e-11 0)
(4.01027e-13 1.73822e-11 0)
(3.22689e-13 1.62768e-11 0)
(2.45087e-13 1.48544e-11 0)
(1.91357e-13 1.30894e-11 0)
(1.40349e-13 1.09435e-11 0)
(5.27496e-14 8.38598e-12 0)
(1.05865e-14 5.40354e-12 0)
(-4.70789e-15 1.99983e-12 0)
(-5.77433e-15 -2.03146e-12 0)
(-6.32011e-15 -5.47885e-12 0)
(-3.59003e-14 -8.51786e-12 0)
(-8.44809e-14 -1.11066e-11 0)
(-1.35592e-13 -1.32796e-11 0)
(-2.03054e-13 -1.50691e-11 0)
(-2.90145e-13 -1.65046e-11 0)
(-3.77791e-13 -1.76145e-11 0)
(-4.70129e-13 -1.84245e-11 0)
(-5.68694e-13 -1.89584e-11 0)
(-6.75243e-13 -1.92373e-11 0)
(-7.75905e-13 -1.9284e-11 0)
(-8.89944e-13 -1.91112e-11 0)
(-9.8734e-13 -1.87405e-11 0)
(-1.08713e-12 -1.81888e-11 0)
(-1.18404e-12 -1.74709e-11 0)
(-1.2769e-12 -1.66005e-11 0)
(-1.36483e-12 -1.55914e-11 0)
(-1.44724e-12 -1.44571e-11 0)
(-1.5234e-12 -1.32109e-11 0)
(-1.59274e-12 -1.18649e-11 0)
(-1.65407e-12 -1.04314e-11 0)
(-1.70659e-12 -8.92304e-12 0)
(-1.7501e-12 -7.35253e-12 0)
(-1.78462e-12 -5.73166e-12 0)
(-1.81082e-12 -4.07364e-12 0)
(-1.82935e-12 -2.38915e-12 0)
(-1.84014e-12 -6.8984e-13 0)
(-1.84194e-12 1.01314e-12 0)
(-1.83424e-12 2.70757e-12 0)
(-1.81733e-12 4.38195e-12 0)
(-1.7912e-12 6.0235e-12 0)
(-1.75624e-12 7.62099e-12 0)
(-1.71293e-12 9.16271e-12 0)
(-1.66111e-12 1.06371e-11 0)
(-1.60155e-12 1.20334e-11 0)
(-1.53461e-12 1.33394e-11 0)
(-1.46037e-12 1.4544e-11 0)
(-1.37976e-12 1.56354e-11 0)
(-1.29333e-12 1.66013e-11 0)
(-1.2017e-12 1.74299e-11 0)
(-1.10551e-12 1.81078e-11 0)
(-1.00605e-12 1.86218e-11 0)
(-9.09405e-13 1.89591e-11 0)
(-7.96427e-13 1.9104e-11 0)
(-6.89899e-13 1.90319e-11 0)
(-5.8528e-13 1.87345e-11 0)
(-4.80093e-13 1.81896e-11 0)
(-3.82132e-13 1.73759e-11 0)
(-2.86749e-13 1.62724e-11 0)
(-1.82023e-13 1.48503e-11 0)
(-1.18977e-13 1.30775e-11 0)
(-8.36419e-14 1.09379e-11 0)
(-1.76848e-14 8.39231e-12 0)
(-8.68634e-15 5.39289e-12 0)
(2.62641e-15 1.99943e-12 0)
(-9.54402e-15 -2.01486e-12 0)
(-3.91425e-14 -5.43217e-12 0)
(-1.33733e-13 -8.43939e-12 0)
(-2.73619e-13 -1.09997e-11 0)
(-4.44553e-13 -1.31489e-11 0)
(-6.53964e-13 -1.4917e-11 0)
(-9.0157e-13 -1.63347e-11 0)
(-1.16513e-12 -1.74309e-11 0)
(-1.44527e-12 -1.82302e-11 0)
(-1.74182e-12 -1.8756e-11 0)
(-2.05239e-12 -1.90288e-11 0)
(-2.34771e-12 -1.90703e-11 0)
(-2.66274e-12 -1.89037e-11 0)
(-2.96576e-12 -1.85386e-11 0)
(-3.26268e-12 -1.79928e-11 0)
(-3.5498e-12 -1.72819e-11 0)
(-3.82427e-12 -1.64204e-11 0)
(-4.0839e-12 -1.54221e-11 0)
(-4.32661e-12 -1.43002e-11 0)
(-4.5501e-12 -1.3067e-11 0)
(-4.75242e-12 -1.17355e-11 0)
(-4.93247e-12 -1.03174e-11 0)
(-5.0889e-12 -8.82554e-12 0)
(-5.21993e-12 -7.27159e-12 0)
(-5.32547e-12 -5.66884e-12 0)
(-5.40522e-12 -4.0284e-12 0)
(-5.45834e-12 -2.3626e-12 0)
(-5.48488e-12 -6.81301e-13 0)
(-5.48469e-12 1.00359e-12 0)
(-5.45711e-12 2.68062e-12 0)
(-5.40254e-12 4.3369e-12 0)
(-5.32174e-12 5.96128e-12 0)
(-5.21496e-12 7.54107e-12 0)
(-5.08309e-12 9.06634e-12 0)
(-4.9267e-12 1.05248e-11 0)
(-4.74681e-12 1.19057e-11 0)
(-4.54489e-12 1.31974e-11 0)
(-4.3224e-12 1.43888e-11 0)
(-4.08114e-12 1.54677e-11 0)
(-3.82276e-12 1.64234e-11 0)
(-3.54948e-12 1.72426e-11 0)
(-3.26374e-12 1.79133e-11 0)
(-2.96814e-12 1.84215e-11 0)
(-2.66703e-12 1.87525e-11 0)
(-2.35582e-12 1.88894e-11 0)
(-2.05373e-12 1.88244e-11 0)
(-1.74702e-12 1.85321e-11 0)
(-1.44935e-12 1.79949e-11 0)
(-1.15711e-12 1.71917e-11 0)
(-8.87142e-13 1.60986e-11 0)
(-6.54084e-13 1.46926e-11 0)
(-4.24837e-13 1.29485e-11 0)
(-2.29941e-13 1.08244e-11 0)
(-1.4286e-13 8.30113e-12 0)
(-6.75314e-14 5.34688e-12 0)
(-3.18805e-15 1.98141e-12 0)
(-5.27424e-15 -1.98106e-12 0)
(-7.55437e-14 -5.3328e-12 0)
(-2.26652e-13 -8.2796e-12 0)
(-4.64866e-13 -1.07849e-11 0)
(-7.56314e-13 -1.28857e-11 0)
(-1.10673e-12 -1.46123e-11 0)
(-1.51545e-12 -1.59958e-11 0)
(-1.95494e-12 -1.70647e-11 0)
(-2.4221e-12 -1.78433e-11 0)
(-2.91447e-12 -1.83553e-11 0)
(-3.41981e-12 -1.8623e-11 0)
(-3.92749e-12 -1.86635e-11 0)
(-4.43902e-12 -1.84952e-11 0)
(-4.94342e-12 -1.81368e-11 0)
(-5.43632e-12 -1.76022e-11 0)
(-5.91249e-12 -1.69065e-11 0)
(-6.36786e-12 -1.60633e-11 0)
(-6.79845e-12 -1.50868e-11 0)
(-7.20031e-12 -1.39888e-11 0)
(-7.57056e-12 -1.27827e-11 0)
(-7.90624e-12 -1.14798e-11 0)
(-8.20442e-12 -1.00934e-11 0)
(-8.46299e-12 -8.63383e-12 0)
(-8.68086e-12 -7.11451e-12 0)
(-8.85649e-12 -5.54619e-12 0)
(-8.98876e-12 -3.94114e-12 0)
(-9.07651e-12 -2.30938e-12 0)
(-9.11889e-12 -6.63795e-13 0)
(-9.11617e-12 9.85748e-13 0)
(-9.06899e-12 2.62612e-12 0)
(-8.97777e-12 4.24704e-12 0)
(-8.84302e-12 5.83553e-12 0)
(-8.6648e-12 7.38187e-12 0)
(-8.44425e-12 8.87328e-12 0)
(-8.18346e-12 1.03005e-11 0)
(-7.88398e-12 1.16506e-11 0)
(-7.54801e-12 1.29143e-11 0)
(-7.17805e-12 1.40788e-11 0)
(-6.77654e-12 1.51345e-11 0)
(-6.34711e-12 1.60684e-11 0)
(-5.89337e-12 1.68698e-11 0)
(-5.41871e-12 1.75249e-11 0)
(-4.92822e-12 1.80222e-11 0)
(-4.42725e-12 1.8346e-11 0)
(-3.91881e-12 1.84836e-11 0)
(-3.41175e-12 1.84185e-11 0)
(-2.90809e-12 1.81333e-11 0)
(-2.41335e-12 1.7609e-11 0)
(-1.94605e-12 1.68251e-11 0)
(-1.50349e-12 1.57605e-11 0)
(-1.077e-12 1.43873e-11 0)
(-7.38489e-13 1.26759e-11 0)
(-4.70353e-13 1.06079e-11 0)
(-2.06857e-13 8.14504e-12 0)
(-7.91053e-14 5.23831e-12 0)
(4.52173e-15 1.94817e-12 0)
(-9.97056e-15 -1.92889e-12 0)
(-1.10132e-13 -5.18112e-12 0)
(-3.27255e-13 -8.03704e-12 0)
(-6.57539e-13 -1.04595e-11 0)
(-1.07008e-12 -1.24873e-11 0)
(-1.56366e-12 -1.41531e-11 0)
(-2.13377e-12 -1.5486e-11 0)
(-2.74891e-12 -1.65147e-11 0)
(-3.40273e-12 -1.72634e-11 0)
(-4.08987e-12 -1.77547e-11 0)
(-4.7937e-12 -1.80102e-11 0)
(-5.50455e-12 -1.80471e-11 0)
(-6.21671e-12 -1.78833e-11 0)
(-6.92009e-12 -1.75354e-11 0)
(-7.60702e-12 -1.70178e-11 0)
(-8.27069e-12 -1.63443e-11 0)
(-8.90534e-12 -1.55292e-11 0)
(-9.50511e-12 -1.45844e-11 0)
(-1.00652e-11 -1.35231e-11 0)
(-1.05807e-11 -1.23569e-11 0)
(-1.1048e-11 -1.10977e-11 0)
(-1.14635e-11 -9.75683e-12 0)
(-1.18244e-11 -8.34617e-12 0)
(-1.21283e-11 -6.87716e-12 0)
(-1.23728e-11 -5.3608e-12 0)
(-1.25561e-11 -3.80838e-12 0)
(-1.26773e-11 -2.23056e-12 0)
(-1.27359e-11 -6.3858e-13 0)
(-1.27321e-11 9.5639e-13 0)
(-1.26656e-11 2.54288e-12 0)
(-1.25373e-11 4.11006e-12 0)
(-1.2348e-11 5.64635e-12 0)
(-1.20986e-11 7.14152e-12 0)
(-1.17909e-11 8.58358e-12 0)
(-1.14267e-11 9.96279e-12 0)
(-1.10086e-11 1.12679e-11 0)
(-1.05395e-11 1.24889e-11 0)
(-1.00231e-11 1.36142e-11 0)
(-9.46303e-12 1.4634e-11 0)
(-8.86415e-12 1.5536e-11 0)
(-8.23128e-12 1.63101e-11 0)
(-7.5697e-12 1.69431e-11 0)
(-6.88584e-12 1.74233e-11 0)
(-6.18748e-12 1.77366e-11 0)
(-5.47995e-12 1.78705e-11 0)
(-4.77089e-12 1.78089e-11 0)
(-4.07132e-12 1.75355e-11 0)
(-3.38838e-12 1.70315e-11 0)
(-2.72543e-12 1.62788e-11 0)
(-2.10874e-12 1.52505e-11 0)
(-1.56356e-12 1.39274e-11 0)
(-1.04927e-12 1.22838e-11 0)
(-6.06982e-13 1.0278e-11 0)
(-3.43074e-13 7.88835e-12 0)
(-1.42909e-13 5.09115e-12 0)
(-8.28498e-15 1.89277e-12 0)
(-5.49781e-15 -1.85703e-12 0)
(-1.49087e-13 -4.97883e-12 0)
(-4.24131e-13 -7.71007e-12 0)
(-8.533e-13 -1.00231e-11 0)
(-1.3896e-12 -1.1956e-11 0)
(-2.02681e-12 -1.35408e-11 0)
(-2.75815e-12 -1.48068e-11 0)
(-3.5492e-12 -1.57828e-11 0)
(-4.38888e-12 -1.64926e-11 0)
(-5.26964e-12 -1.69571e-11 0)
(-6.17156e-12 -1.71975e-11 0)
(-7.08275e-12 -1.72298e-11 0)
(-7.99419e-12 -1.7072e-11 0)
(-8.89436e-12 -1.67377e-11 0)
(-9.77304e-12 -1.62433e-11 0)
(-1.06222e-11 -1.55992e-11 0)
(-1.1434e-11 -1.48215e-11 0)
(-1.22013e-11 -1.39185e-11 0)
(-1.29175e-11 -1.29068e-11 0)
(-1.35769e-11 -1.17925e-11 0)
(-1.41744e-11 -1.05925e-11 0)
(-1.47056e-11 -9.31156e-12 0)
(-1.5167e-11 -7.96748e-12 0)
(-1.55554e-11 -6.56334e-12 0)
(-1.5868e-11 -5.1177e-12 0)
(-1.61026e-11 -3.63286e-12 0)
(-1.62573e-11 -2.1284e-12 0)
(-1.63314e-11 -6.05336e-13 0)
(-1.63252e-11 9.15548e-13 0)
(-1.62393e-11 2.43365e-12 0)
(-1.60746e-11 3.92753e-12 0)
(-1.58317e-11 5.39729e-12 0)
(-1.55122e-11 6.82129e-12 0)
(-1.51178e-11 8.2005e-12 0)
(-1.46512e-11 9.51343e-12 0)
(-1.41157e-11 1.07616e-11 0)
(-1.35153e-11 1.19232e-11 0)
(-1.28543e-11 1.29994e-11 0)
(-1.21375e-11 1.39685e-11 0)
(-1.13709e-11 1.48315e-11 0)
(-1.05611e-11 1.55665e-11 0)
(-9.71461e-12 1.61728e-11 0)
(-8.84005e-12 1.66284e-11 0)
(-7.94587e-12 1.69303e-11 0)
(-7.03993e-12 1.70568e-11 0)
(-6.13355e-12 1.70019e-11 0)
(-5.23709e-12 1.6742e-11 0)
(-4.35783e-12 1.62672e-11 0)
(-3.52446e-12 1.55491e-11 0)
(-2.7371e-12 1.45779e-11 0)
(-1.98776e-12 1.33215e-11 0)
(-1.37237e-12 1.1744e-11 0)
(-8.71011e-13 9.83913e-12 0)
(-4.02077e-13 7.57092e-12 0)
(-1.46695e-13 4.87586e-12 0)
(2.06913e-15 1.8213e-12 0)
(-8.33419e-15 -1.76792e-12 0)
(-1.86654e-13 -4.72085e-12 0)
(-5.28158e-13 -7.30113e-12 0)
(-1.05528e-12 -9.47682e-12 0)
(-1.71547e-12 -1.12914e-11 0)
(-2.49695e-12 -1.27783e-11 0)
(-3.3905e-12 -1.3962e-11 0)
(-4.35753e-12 -1.4874e-11 0)
(-5.38235e-12 -1.55358e-11 0)
(-6.45526e-12 -1.59692e-11 0)
(-7.55321e-12 -1.61904e-11 0)
(-8.66225e-12 -1.62195e-11 0)
(-9.77042e-12 -1.60677e-11 0)
(-1.08649e-11 -1.57537e-11 0)
(-1.19329e-11 -1.52849e-11 0)
(-1.29647e-11 -1.46807e-11 0)
(-1.39507e-11 -1.39457e-11 0)
(-1.48833e-11 -1.30997e-11 0)
(-1.57533e-11 -1.21438e-11 0)
(-1.65546e-11 -1.10996e-11 0)
(-1.72803e-11 -9.96614e-12 0)
(-1.79261e-11 -8.76622e-12 0)
(-1.84863e-11 -7.49683e-12 0)
(-1.89578e-11 -6.18118e-12 0)
(-1.93365e-11 -4.81534e-12 0)
(-1.96207e-11 -3.42331e-12 0)
(-1.98075e-11 -1.99995e-12 0)
(-1.98973e-11 -5.71387e-13 0)
(-1.98894e-11 8.68046e-13 0)
(-1.97846e-11 2.29156e-12 0)
(-1.95834e-11 3.70565e-12 0)
(-1.92878e-11 5.08328e-12 0)
(-1.88989e-11 6.43112e-12 0)
(-1.84193e-11 7.72248e-12 0)
(-1.78517e-11 8.96438e-12 0)
(-1.72005e-11 1.01306e-11 0)
(-1.64707e-11 1.12291e-11 0)
(-1.56672e-11 1.22337e-11 0)
(-1.47961e-11 1.31508e-11 0)
(-1.38643e-11 1.39548e-11 0)
(-1.28801e-11 1.4651e-11 0)
(-1.18511e-11 1.52147e-11 0)
(-1.07883e-11 1.5649e-11 0)
(-9.70108e-12 1.59294e-11 0)
(-8.6e-12 1.60548e-11 0)
(-7.49583e-12 1.60012e-11 0)
(-6.40611e-12 1.57635e-11 0)
(-5.34395e-12 1.53159e-11 0)
(-4.31421e-12 1.46515e-11 0)
(-3.34833e-12 1.37401e-11 0)
(-2.49896e-12 1.25575e-11 0)
(-1.70078e-12 1.10934e-11 0)
(-9.96301e-13 9.30135e-12 0)
(-5.50902e-13 7.14686e-12 0)
(-2.25798e-13 4.63061e-12 0)
(-7.34485e-15 1.72818e-12 0)
(-5.58881e-15 -1.65804e-12 0)
(-2.29684e-13 -4.41308e-12 0)
(-6.34023e-13 -6.80415e-12 0)
(-1.26205e-12 -8.82081e-12 0)
(-2.05264e-12 -1.04916e-11 0)
(-2.97948e-12 -1.18599e-11 0)
(-4.03327e-12 -1.2949e-11 0)
(-5.17567e-12 -1.37849e-11 0)
(-6.38496e-12 -1.43913e-11 0)
(-7.64717e-12 -1.47871e-11 0)
(-8.93938e-12 -1.4989e-11 0)
(-1.02431e-11 -1.50127e-11 0)
(-1.15454e-11 -1.48709e-11 0)
(-1.28294e-11 -1.45783e-11 0)
(-1.40836e-11 -1.41446e-11 0)
(-1.52948e-11 -1.35846e-11 0)
(-1.64534e-11 -1.29049e-11 0)
(-1.75468e-11 -1.21213e-11 0)
(-1.85683e-11 -1.12379e-11 0)
(-1.95082e-11 -1.02711e-11 0)
(-2.03609e-11 -9.22344e-12 0)
(-2.11181e-11 -8.11291e-12 0)
(-2.17758e-11 -6.93861e-12 0)
(-2.23284e-11 -5.72161e-12 0)
(-2.27729e-11 -4.45756e-12 0)
(-2.31049e-11 -3.16982e-12 0)
(-2.33237e-11 -1.85162e-12 0)
(-2.34277e-11 -5.29269e-13 0)
(-2.34175e-11 8.05467e-13 0)
(-2.3293e-11 2.12385e-12 0)
(-2.3056e-11 3.43559e-12 0)
(-2.27081e-11 4.71064e-12 0)
(-2.22513e-11 5.96041e-12 0)
(-2.16884e-11 7.15336e-12 0)
(-2.10228e-11 8.30357e-12 0)
(-2.02585e-11 9.37958e-12 0)
(-1.94009e-11 1.03968e-11 0)
(-1.84575e-11 1.13226e-11 0)
(-1.74349e-11 1.21715e-11 0)
(-1.63414e-11 1.29114e-11 0)
(-1.5185e-11 1.35566e-11 0)
(-1.39769e-11 1.40755e-11 0)
(-1.27272e-11 1.448e-11 0)
(-1.14505e-11 1.47384e-11 0)
(-1.01563e-11 1.48583e-11 0)
(-8.86185e-12 1.48086e-11 0)
(-7.58084e-12 1.45944e-11 0)
(-6.32374e-12 1.4184e-11 0)
(-5.12504e-12 1.35751e-11 0)
(-4.00319e-12 1.27329e-11 0)
(-2.93078e-12 1.1661e-11 0)
(-2.02667e-12 1.02995e-11 0)
(-1.29587e-12 8.64255e-12 0)
(-6.10731e-13 6.66837e-12 0)
(-2.18042e-13 4.31984e-12 0)
(3.51734e-15 1.62211e-12 0)
(-2.03412e-15 -1.53264e-12 0)
(-2.69934e-13 -4.055e-12 0)
(-7.46746e-13 -6.23135e-12 0)
(-1.48071e-12 -8.05799e-12 0)
(-2.39527e-12 -9.56574e-12 0)
(-3.47345e-12 -1.07927e-11 0)
(-4.68922e-12 -1.17718e-11 0)
(-6.00445e-12 -1.25197e-11 0)
(-7.39603e-12 -1.30639e-11 0)
(-8.84673e-12 -1.34153e-11 0)
(-1.03291e-11 -1.35976e-11 0)
(-1.18235e-11 -1.36129e-11 0)
(-1.33155e-11 -1.34878e-11 0)
(-1.47872e-11 -1.32164e-11 0)
(-1.62236e-11 -1.28302e-11 0)
(-1.76103e-11 -1.23149e-11 0)
(-1.89361e-11 -1.17085e-11 0)
(-2.01888e-11 -1.09878e-11 0)
(-2.13582e-11 -1.01991e-11 0)
(-2.24343e-11 -9.31013e-12 0)
(-2.34104e-11 -8.37502e-12 0)
(-2.42772e-11 -7.35278e-12 0)
(-2.50306e-11 -6.3055e-12 0)
(-2.5663e-11 -5.18411e-12 0)
(-2.61715e-11 -4.05738e-12 0)
(-2.65509e-11 -2.86882e-12 0)
(-2.68003e-11 -1.69333e-12 0)
(-2.69177e-11 -4.69423e-13 0)
(-2.69046e-11 7.20087e-13 0)
(-2.67605e-11 1.94142e-12 0)
(-2.64881e-11 3.10705e-12 0)
(-2.60886e-11 4.2873e-12 0)
(-2.55659e-11 5.3932e-12 0)
(-2.49213e-11 6.49907e-12 0)
(-2.41588e-11 7.51484e-12 0)
(-2.32827e-11 8.51699e-12 0)
(-2.23008e-11 9.4133e-12 0)
(-2.12206e-11 1.0279e-11 0)
(-2.00495e-11 1.10247e-11 0)
(-1.87965e-11 1.17212e-11 0)
(-1.74716e-11 1.22838e-11 0)
(-1.60868e-11 1.27791e-11 0)
(-1.46552e-11 1.31256e-11 0)
(-1.31928e-11 1.33812e-11 0)
(-1.17111e-11 1.34723e-11 0)
(-1.02256e-11 1.34476e-11 0)
(-8.75556e-12 1.32404e-11 0)
(-7.32303e-12 1.28863e-11 0)
(-5.937e-12 1.23248e-11 0)
(-4.62321e-12 1.15887e-11 0)
(-3.45961e-12 1.06061e-11 0)
(-2.39011e-12 9.38671e-12 0)
(-1.41839e-12 7.91011e-12 0)
(-7.60953e-13 6.10576e-12 0)
(-3.07164e-13 3.96665e-12 0)
(2.16967e-15 1.50343e-12 0)
(-3.62389e-15 -1.39343e-12 0)
(-3.15163e-13 -3.63811e-12 0)
(-8.64459e-13 -5.57421e-12 0)
(-1.70663e-12 -7.17803e-12 0)
(-2.75165e-12 -8.50452e-12 0)
(-3.9777e-12 -9.5763e-12 0)
(-5.35604e-12 -1.04272e-11 0)
(-6.84426e-12 -1.1082e-11 0)
(-8.41554e-12 -1.15528e-11 0)
(-1.00517e-11 -1.18617e-11 0)
(-1.17203e-11 -1.20146e-11 0)
(-1.34042e-11 -1.20323e-11 0)
(-1.50809e-11 -1.19146e-11 0)
(-1.67364e-11 -1.16832e-11 0)
(-1.83488e-11 -1.13333e-11 0)
(-1.99094e-11 -1.08897e-11 0)
(-2.13971e-11 -1.03429e-11 0)
(-2.28057e-11 -9.72081e-12 0)
(-2.41175e-11 -9.00923e-12 0)
(-2.53289e-11 -8.24148e-12 0)
(-2.64233e-11 -7.39741e-12 0)
(-2.73994e-11 -6.51464e-12 0)
(-2.82436e-11 -5.56906e-12 0)
(-2.8956e-11 -4.60037e-12 0)
(-2.95253e-11 -3.58265e-12 0)
(-2.9952e-11 -2.55518e-12 0)
(-3.02291e-11 -1.49004e-12 0)
(-3.03615e-11 -4.30354e-13 0)
(-3.03446e-11 6.50248e-13 0)
(-3.01833e-11 1.70481e-12 0)
(-2.98763e-11 2.76183e-12 0)
(-2.94281e-11 3.77575e-12 0)
(-2.88386e-11 4.77805e-12 0)
(-2.81126e-11 5.72555e-12 0)
(-2.72528e-11 6.64956e-12 0)
(-2.62665e-11 7.50696e-12 0)
(-2.51618e-11 8.32711e-12 0)
(-2.39453e-11 9.06897e-12 0)
(-2.26295e-11 9.75422e-12 0)
(-2.12203e-11 1.03482e-11 0)
(-1.9732e-11 1.08713e-11 0)
(-1.81743e-11 1.12891e-11 0)
(-1.65685e-11 1.16181e-11 0)
(-1.49233e-11 1.18264e-11 0)
(-1.32594e-11 1.19262e-11 0)
(-1.15886e-11 1.18902e-11 0)
(-9.93943e-12 1.17227e-11 0)
(-8.31741e-12 1.14013e-11 0)
(-6.76045e-12 1.09262e-11 0)
(-5.29829e-12 1.02658e-11 0)
(-3.92606e-12 9.41361e-12 0)
(-2.70942e-12 8.37077e-12 0)
(-1.73125e-12 7.04118e-12 0)
(-8.47779e-13 5.46375e-12 0)
(-2.904e-13 3.57472e-12 0)
(1.64746e-16 1.36696e-12 0)
(-1.50167e-14 -1.22675e-12 0)
(-3.56232e-13 -3.16108e-12 0)
(-9.9368e-13 -4.81648e-12 0)
(-1.94734e-12 -6.16697e-12 0)
(-3.12535e-12 -7.28197e-12 0)
(-4.49544e-12 -8.18087e-12 0)
(-6.03803e-12 -8.89342e-12 0)
(-7.69593e-12 -9.44317e-12 0)
(-9.4446e-12 -9.83719e-12 0)
(-1.12607e-11 -1.00972e-11 0)
(-1.31146e-11 -1.02232e-11 0)
(-1.49796e-11 -1.02388e-11 0)
(-1.684e-11 -1.01349e-11 0)
(-1.86717e-11 -9.94201e-12 0)
(-2.04606e-11 -9.64023e-12 0)
(-2.21852e-11 -9.26915e-12 0)
(-2.38352e-11 -8.79726e-12 0)
(-2.53916e-11 -8.27637e-12 0)
(-2.68475e-11 -7.66222e-12 0)
(-2.81852e-11 -7.01876e-12 0)
(-2.94002e-11 -6.2889e-12 0)
(-3.0478e-11 -5.54964e-12 0)
(-3.14154e-11 -4.73097e-12 0)
(-3.22022e-11 -3.92376e-12 0)
(-3.28346e-11 -3.0421e-12 0)
(-3.33043e-11 -2.18672e-12 0)
(-3.3612e-11 -1.25897e-12 0)
(-3.37551e-11 -3.74388e-13 0)
(-3.37377e-11 5.69085e-13 0)
(-3.35575e-11 1.44358e-12 0)
(-3.32177e-11 2.36064e-12 0)
(-3.2719e-11 3.19048e-12 0)
(-3.20652e-11 4.06034e-12 0)
(-3.12584e-11 4.83876e-12 0)
(-3.03037e-11 5.65178e-12 0)
(-2.92083e-11 6.3582e-12 0)
(-2.79793e-11 7.08608e-12 0)
(-2.66337e-11 7.69263e-12 0)
(-2.51743e-11 8.30718e-12 0)
(-2.36134e-11 8.79363e-12 0)
(-2.1963e-11 9.26912e-12 0)
(-2.02411e-11 9.60158e-12 0)
(-1.84602e-11 9.90589e-12 0)
(-1.66431e-11 1.00615e-11 0)
(-1.47985e-11 1.0169e-11 0)
(-1.29516e-11 1.01193e-11 0)
(-1.11184e-11 1.00008e-11 0)
(-9.32619e-12 9.71414e-12 0)
(-7.59348e-12 9.32737e-12 0)
(-5.95258e-12 8.76278e-12 0)
(-4.44725e-12 8.07316e-12 0)
(-3.10793e-12 7.1577e-12 0)
(-1.89616e-12 6.06509e-12 0)
(-9.8974e-13 4.7476e-12 0)
(-3.80301e-13 3.09576e-12 0)
(-1.43683e-14 1.20363e-12 0)
(-1.1224e-15 -1.03327e-12 0)
(-4.18971e-13 -2.61584e-12 0)
(-1.12668e-12 -3.94436e-12 0)
(-2.19033e-12 -5.02722e-12 0)
(-3.50775e-12 -5.90412e-12 0)
(-5.02741e-12 -6.61907e-12 0)
(-6.73125e-12 -7.18694e-12 0)
(-8.55789e-12 -7.61633e-12 0)
(-1.04802e-11 -7.93569e-12 0)
(-1.24735e-11 -8.13578e-12 0)
(-1.45061e-11 -8.24366e-12 0)
(-1.65505e-11 -8.24464e-12 0)
(-1.85891e-11 -8.17403e-12 0)
(-2.05952e-11 -8.00309e-12 0)
(-2.25536e-11 -7.77886e-12 0)
(-2.44414e-11 -7.45857e-12 0)
(-2.62478e-11 -7.10386e-12 0)
(-2.79513e-11 -6.65567e-12 0)
(-2.95444e-11 -6.1925e-12 0)
(-3.10084e-11 -5.63698e-12 0)
(-3.23382e-11 -5.08706e-12 0)
(-3.35179e-11 -4.44719e-12 0)
(-3.45467e-11 -3.83338e-12 0)
(-3.54086e-11 -3.13276e-12 0)
(-3.61025e-11 -2.4768e-12 0)
(-3.66159e-11 -1.73367e-12 0)
(-3.6953e-11 -1.04315e-12 0)
(-3.71104e-11 -2.67459e-13 0)
(-3.70937e-11 4.29752e-13 0)
(-3.68989e-11 1.19521e-12 0)
(-3.65302e-11 1.85788e-12 0)
(-3.59811e-11 2.584e-12 0)
(-3.52556e-11 3.20887e-12 0)
(-3.43603e-11 3.90324e-12 0)
(-3.33074e-11 4.48932e-12 0)
(-3.21029e-11 5.13341e-12 0)
(-3.07581e-11 5.6551e-12 0)
(-2.92799e-11 6.21914e-12 0)
(-2.76762e-11 6.65877e-12 0)
(-2.5967e-11 7.12004e-12 0)
(-2.41649e-11 7.44651e-12 0)
(-2.22841e-11 7.77833e-12 0)
(-2.03365e-11 7.96844e-12 0)
(-1.83476e-11 8.1469e-12 0)
(-1.63282e-11 8.18599e-12 0)
(-1.43047e-11 8.1939e-12 0)
(-1.22977e-11 8.0589e-12 0)
(-1.0334e-11 7.86811e-12 0)
(-8.43062e-12 7.53286e-12 0)
(-6.63196e-12 7.11529e-12 0)
(-4.9544e-12 6.53539e-12 0)
(-3.46384e-12 5.83854e-12 0)
(-2.18345e-12 4.97063e-12 0)
(-1.11766e-12 3.86794e-12 0)
(-4.10405e-13 2.58703e-12 0)
(-8.72925e-17 1.00814e-12 0)
(-3.03343e-14 -7.96076e-13 0)
(-4.78654e-13 -1.97772e-12 0)
(-1.28658e-12 -2.94141e-12 0)
(-2.46369e-12 -3.74347e-12 0)
(-3.91029e-12 -4.3819e-12 0)
(-5.58363e-12 -4.90882e-12 0)
(-7.43676e-12 -5.32603e-12 0)
(-9.43008e-12 -5.64575e-12 0)
(-1.15226e-11 -5.8782e-12 0)
(-1.36895e-11 -6.02988e-12 0)
(-1.58947e-11 -6.10487e-12 0)
(-1.81178e-11 -6.11187e-12 0)
(-2.03271e-11 -6.05286e-12 0)
(-2.25076e-11 -5.93472e-12 0)
(-2.46288e-11 -5.75934e-12 0)
(-2.66814e-11 -5.53326e-12 0)
(-2.86361e-11 -5.25829e-12 0)
(-3.04886e-11 -4.93985e-12 0)
(-3.22114e-11 -4.58104e-12 0)
(-3.3804e-11 -4.18681e-12 0)
(-3.5242e-11 -3.76012e-12 0)
(-3.6527e-11 -3.30624e-12 0)
(-3.76372e-11 -2.82981e-12 0)
(-3.8578e-11 -2.33425e-12 0)
(-3.93301e-11 -1.82783e-12 0)
(-3.98957e-11 -1.3056e-12 0)
(-4.02629e-11 -7.66705e-13 0)
(-4.04416e-11 -2.14258e-13 0)
(-4.04237e-11 3.35183e-13 0)
(-4.02152e-11 8.77309e-13 0)
(-3.98063e-11 1.39912e-12 0)
(-3.92014e-11 1.9051e-12 0)
(-3.84038e-11 2.39776e-12 0)
(-3.74258e-11 2.88391e-12 0)
(-3.62748e-11 3.34927e-12 0)
(-3.49614e-11 3.79638e-12 0)
(-3.34962e-11 4.21096e-12 0)
(-3.18841e-11 4.6024e-12 0)
(-3.01488e-11 4.9498e-12 0)
(-2.82944e-11 5.2675e-12 0)
(-2.63411e-11 5.53075e-12 0)
(-2.43001e-11 5.75212e-12 0)
(-2.2196e-11 5.91204e-12 0)
(-2.00347e-11 6.02569e-12 0)
(-1.78491e-11 6.07081e-12 0)
(-1.56508e-11 6.06157e-12 0)
(-1.34787e-11 5.97411e-12 0)
(-1.13385e-11 5.82436e-12 0)
(-9.27498e-12 5.58434e-12 0)
(-7.31125e-12 5.26874e-12 0)
(-5.50619e-12 4.85261e-12 0)
(-3.86022e-12 4.32925e-12 0)
(-2.4359e-12 3.68859e-12 0)
(-1.28647e-12 2.91153e-12 0)
(-4.95896e-13 1.93951e-12 0)
(-3.45228e-14 7.7997e-13 0)
(-1.82392e-14 -5.01367e-13 0)
(-5.89824e-13 -1.21846e-12 0)
(-1.47969e-12 -1.82412e-12 0)
(-2.77964e-12 -2.30394e-12 0)
(-4.35188e-12 -2.70902e-12 0)
(-6.16628e-12 -3.04175e-12 0)
(-8.17218e-12 -3.30489e-12 0)
(-1.03194e-11 -3.50755e-12 0)
(-1.25752e-11 -3.6508e-12 0)
(-1.49077e-11 -3.74946e-12 0)
(-1.7286e-11 -3.79451e-12 0)
(-1.96781e-11 -3.80337e-12 0)
(-2.20615e-11 -3.76117e-12 0)
(-2.44069e-11 -3.6939e-12 0)
(-2.66961e-11 -3.57728e-12 0)
(-2.89034e-11 -3.44488e-12 0)
(-3.10141e-11 -3.26258e-12 0)
(-3.30054e-11 -3.07649e-12 0)
(-3.48671e-11 -2.83946e-12 0)
(-3.65783e-11 -2.6104e-12 0)
(-3.81318e-11 -2.32929e-12 0)
(-3.95115e-11 -2.06769e-12 0)
(-4.07115e-11 -1.75253e-12 0)
(-4.17187e-11 -1.47015e-12 0)
(-4.25346e-11 -1.14566e-12 0)
(-4.31496e-11 -8.61257e-13 0)
(-4.35621e-11 -4.97873e-13 0)
(-4.37561e-11 -1.61799e-13 0)
(-4.37375e-11 2.35598e-13 0)
(-4.34987e-11 5.66273e-13 0)
(-4.30465e-11 9.31557e-13 0)
(-4.23834e-11 1.21104e-12 0)
(-4.15183e-11 1.54893e-12 0)
(-4.04597e-11 1.81751e-12 0)
(-3.92188e-11 2.1366e-12 0)
(-3.78039e-11 2.376e-12 0)
(-3.62222e-11 2.66086e-12 0)
(-3.44894e-11 2.86378e-12 0)
(-3.26102e-11 3.10371e-12 0)
(-3.06111e-11 3.26021e-12 0)
(-2.8509e-11 3.44473e-12 0)
(-2.63153e-11 3.54761e-12 0)
(-2.40415e-11 3.67381e-12 0)
(-2.17184e-11 3.71644e-12 0)
(-1.93606e-11 3.76797e-12 0)
(-1.69986e-11 3.73725e-12 0)
(-1.46535e-11 3.70353e-12 0)
(-1.23587e-11 3.58833e-12 0)
(-1.01343e-11 3.4544e-12 0)
(-8.02164e-12 3.23902e-12 0)
(-6.05807e-12 2.98547e-12 0)
(-4.29172e-12 2.65746e-12 0)
(-2.75067e-12 2.2639e-12 0)
(-1.47037e-12 1.78781e-12 0)
(-5.98055e-13 1.19569e-12 0)
(-1.82894e-14 4.93627e-13 0)
(-8.11667e-14 -1.73923e-13 0)
(-6.57335e-13 -4.22896e-13 0)
(-1.66537e-12 -6.19013e-13 0)
(-3.07794e-12 -8.07064e-13 0)
(-4.78917e-12 -9.38333e-13 0)
(-6.73431e-12 -1.05053e-12 0)
(-8.87967e-12 -1.14001e-12 0)
(-1.11813e-11 -1.21026e-12 0)
(-1.36006e-11 -1.26304e-12 0)
(-1.61015e-11 -1.29546e-12 0)
(-1.86485e-11 -1.3111e-12 0)
(-2.12129e-11 -1.31266e-12 0)
(-2.37663e-11 -1.30089e-12 0)
(-2.62826e-11 -1.27415e-12 0)
(-2.87353e-11 -1.23588e-12 0)
(-3.11034e-11 -1.18619e-12 0)
(-3.33656e-11 -1.12822e-12 0)
(-3.55033e-11 -1.0582e-12 0)
(-3.7498e-11 -9.82876e-13 0)
(-3.93358e-11 -8.96499e-13 0)
(-4.10013e-11 -8.06771e-13 0)
(-4.24839e-11 -7.06426e-13 0)
(-4.37713e-11 -6.05259e-13 0)
(-4.485e-11 -4.72932e-13 0)
(-4.57154e-11 -3.39525e-13 0)
(-4.63754e-11 -2.12772e-13 0)
(-4.68211e-11 -1.02554e-13 0)
(-4.70274e-11 -1.59861e-14 0)
(-4.70005e-11 4.24019e-14 0)
(-4.67409e-11 1.34167e-13 0)
(-4.62435e-11 2.43051e-13 0)
(-4.55316e-11 3.74837e-13 0)
(-4.46149e-11 5.07436e-13 0)
(-4.34846e-11 6.30044e-13 0)
(-4.21523e-11 7.26258e-13 0)
(-4.06316e-11 8.25447e-13 0)
(-3.89337e-11 9.09008e-13 0)
(-3.70705e-11 9.93782e-13 0)
(-3.50619e-11 1.05951e-12 0)
(-3.29203e-11 1.12929e-12 0)
(-3.06594e-11 1.18176e-12 0)
(-2.82993e-11 1.23184e-12 0)
(-2.58642e-11 1.25951e-12 0)
(-2.3373e-11 1.28687e-12 0)
(-2.08487e-11 1.29321e-12 0)
(-1.8317e-11 1.29283e-12 0)
(-1.58086e-11 1.26965e-12 0)
(-1.33477e-11 1.24231e-12 0)
(-1.09673e-11 1.18734e-12 0)
(-8.70928e-12 1.11631e-12 0)
(-6.61005e-12 1.02625e-12 0)
(-4.70286e-12 9.1788e-13 0)
(-3.02564e-12 7.8619e-13 0)
(-1.64973e-12 6.00689e-13 0)
(-6.59705e-13 4.24356e-13 0)
(-8.28914e-14 1.74259e-13 0)
)
;

boundaryField
{
    top
    {
        type            slip;
    }
    bottom
    {
        type            slip;
    }
    rotatingWall
    {
        type            rotatingWallVelocity;
        origin          (0 0 0);
        axis            (0 1 0);
        omega           constant 1140;
        value           uniform (0 0 0);
    }
    wall
    {
        type            rotatingWallVelocity;
        origin          (0 0 0);
        axis            (0 1 0);
        omega           constant 0;
        value           uniform (0 -0 -0);
    }
    frontAndBack
    {
        type            empty;
    }
}


// ************************************************************************* //
