/*--------------------------------*- C++ -*----------------------------------*\
| =========                 |                                                 |
| \\      /  F ield         | OpenFOAM: The Open Source CFD Toolbox           |
|  \\    /   O peration     | Version:  5.0                                   |
|   \\  /    A nd           | Web:      www.OpenFOAM.org                      |
|    \\/     M anipulation  |                                                 |
\*---------------------------------------------------------------------------*/
FoamFile
{
    version     2.0;
    format      ascii;
    class       volVectorField;
    location    "43";
    object      U;
}
// * * * * * * * * * * * * * * * * * * * * * * * * * * * * * * * * * * * * * //

dimensions      [0 1 -1 0 0 0 0];

internalField   nonuniform List<vector> 
1568
(
(-2.14498e-09 -5.62581e-09 0)
(3.72742e-10 3.30718e-08 0)
(3.24275e-08 -1.41917e-08 0)
(1.03085e-07 -4.00312e-08 0)
(1.67072e-07 -4.02574e-08 0)
(2.2698e-07 -4.07013e-08 0)
(2.92816e-07 -4.23795e-08 0)
(3.61323e-07 -4.29847e-08 0)
(4.29214e-07 -4.22354e-08 0)
(4.95155e-07 -4.08383e-08 0)
(5.58392e-07 -3.91337e-08 0)
(6.18137e-07 -3.69433e-08 0)
(6.73607e-07 -3.41256e-08 0)
(7.24142e-07 -3.10206e-08 0)
(7.69081e-07 -2.75459e-08 0)
(8.08002e-07 -2.32527e-08 0)
(8.41315e-07 -1.93463e-08 0)
(8.69422e-07 -1.62691e-08 0)
(8.92098e-07 -1.31035e-08 0)
(9.09144e-07 -9.93282e-09 0)
(9.2056e-07 -6.74556e-09 0)
(9.26779e-07 -4.34313e-09 0)
(9.28264e-07 -2.7074e-09 0)
(9.25316e-07 -1.03346e-09 0)
(9.17684e-07 1.3588e-09 0)
(9.05592e-07 3.80935e-09 0)
(8.89993e-07 6.25695e-09 0)
(8.7174e-07 8.17396e-09 0)
(8.51181e-07 1.00182e-08 0)
(8.28851e-07 1.15149e-08 0)
(8.04971e-07 1.31505e-08 0)
(7.79667e-07 1.45124e-08 0)
(7.53211e-07 1.58936e-08 0)
(7.25745e-07 1.69679e-08 0)
(6.97377e-07 1.81932e-08 0)
(6.68228e-07 1.92375e-08 0)
(6.38321e-07 2.0696e-08 0)
(6.07407e-07 2.18579e-08 0)
(5.7537e-07 2.28467e-08 0)
(5.42225e-07 2.36443e-08 0)
(5.08047e-07 2.4596e-08 0)
(4.72911e-07 2.53769e-08 0)
(4.36899e-07 2.62534e-08 0)
(3.99985e-07 2.70093e-08 0)
(3.62259e-07 2.772e-08 0)
(3.23878e-07 2.80934e-08 0)
(2.85186e-07 2.83187e-08 0)
(2.46457e-07 2.83982e-08 0)
(2.07799e-07 2.83066e-08 0)
(1.69594e-07 2.74027e-08 0)
(1.32705e-07 2.59042e-08 0)
(9.76507e-08 2.462e-08 0)
(6.68125e-08 2.3368e-08 0)
(3.75376e-08 2.21244e-08 0)
(1.50153e-08 1.4134e-08 0)
(2.81528e-09 4.68065e-09 0)
(4.92649e-08 -3.18281e-08 0)
(-1.25849e-08 -7.32974e-08 0)
(5.20237e-08 -8.46762e-08 0)
(7.85293e-08 -8.47154e-08 0)
(1.33953e-07 -8.8526e-08 0)
(1.85805e-07 -9.31412e-08 0)
(2.40785e-07 -9.61765e-08 0)
(2.98667e-07 -9.67261e-08 0)
(3.55909e-07 -9.51383e-08 0)
(4.11196e-07 -9.18685e-08 0)
(4.64131e-07 -8.71259e-08 0)
(5.14271e-07 -8.13374e-08 0)
(5.60729e-07 -7.47197e-08 0)
(6.02882e-07 -6.72963e-08 0)
(6.40536e-07 -5.90151e-08 0)
(6.7356e-07 -5.08971e-08 0)
(7.01892e-07 -4.33663e-08 0)
(7.2533e-07 -3.57024e-08 0)
(7.43907e-07 -2.76761e-08 0)
(7.57764e-07 -1.95639e-08 0)
(7.67097e-07 -1.16313e-08 0)
(7.71969e-07 -4.14418e-09 0)
(7.7254e-07 3.12275e-09 0)
(7.691e-07 1.01049e-08 0)
(7.62054e-07 1.66907e-08 0)
(7.51794e-07 2.22528e-08 0)
(7.38806e-07 2.6502e-08 0)
(7.23403e-07 2.96982e-08 0)
(7.06004e-07 3.23536e-08 0)
(6.86951e-07 3.45053e-08 0)
(6.66465e-07 3.6309e-08 0)
(6.44832e-07 3.77619e-08 0)
(6.22335e-07 3.90465e-08 0)
(5.99045e-07 4.00839e-08 0)
(5.74955e-07 4.09999e-08 0)
(5.50072e-07 4.17453e-08 0)
(5.24478e-07 4.26075e-08 0)
(4.98259e-07 4.37629e-08 0)
(4.71308e-07 4.51343e-08 0)
(4.43705e-07 4.64059e-08 0)
(4.15349e-07 4.76188e-08 0)
(3.8617e-07 4.87329e-08 0)
(3.56244e-07 4.984e-08 0)
(3.25768e-07 5.08108e-08 0)
(2.94699e-07 5.16992e-08 0)
(2.6319e-07 5.23666e-08 0)
(2.31433e-07 5.27272e-08 0)
(1.9969e-07 5.26651e-08 0)
(1.68135e-07 5.22332e-08 0)
(1.37055e-07 5.1214e-08 0)
(1.06727e-07 4.92986e-08 0)
(7.88985e-08 4.57254e-08 0)
(5.27355e-08 3.9847e-08 0)
(3.01133e-08 3.3027e-08 0)
(1.62916e-08 2.27828e-08 0)
(-2.6363e-09 1.30261e-08 0)
(2.55823e-08 -4.95452e-08 0)
(-8.32481e-09 -6.74025e-08 0)
(2.53039e-08 -1.17592e-07 0)
(6.40824e-08 -1.31662e-07 0)
(1.05179e-07 -1.41939e-07 0)
(1.44613e-07 -1.49481e-07 0)
(1.87908e-07 -1.53033e-07 0)
(2.34345e-07 -1.53397e-07 0)
(2.8038e-07 -1.50818e-07 0)
(3.24884e-07 -1.45697e-07 0)
(3.67515e-07 -1.38306e-07 0)
(4.07795e-07 -1.2912e-07 0)
(4.45159e-07 -1.1849e-07 0)
(4.79103e-07 -1.06753e-07 0)
(5.09388e-07 -9.42274e-08 0)
(5.3595e-07 -8.13337e-08 0)
(5.58507e-07 -6.84396e-08 0)
(5.76871e-07 -5.56501e-08 0)
(5.91104e-07 -4.28894e-08 0)
(6.0142e-07 -3.03912e-08 0)
(6.07991e-07 -1.82782e-08 0)
(6.10999e-07 -6.84349e-09 0)
(6.10557e-07 3.94686e-09 0)
(6.0699e-07 1.39509e-08 0)
(6.00685e-07 2.31862e-08 0)
(5.9201e-07 3.1164e-08 0)
(5.81152e-07 3.79427e-08 0)
(5.68326e-07 4.34632e-08 0)
(5.53799e-07 4.82149e-08 0)
(5.37896e-07 5.21302e-08 0)
(5.20868e-07 5.56721e-08 0)
(5.02926e-07 5.86356e-08 0)
(4.84284e-07 6.133e-08 0)
(4.65068e-07 6.35322e-08 0)
(4.45294e-07 6.55994e-08 0)
(4.25002e-07 6.73493e-08 0)
(4.04232e-07 6.92293e-08 0)
(3.83025e-07 7.1017e-08 0)
(3.61498e-07 7.2922e-08 0)
(3.39587e-07 7.47105e-08 0)
(3.17219e-07 7.65542e-08 0)
(2.94389e-07 7.82703e-08 0)
(2.71152e-07 8.00336e-08 0)
(2.475e-07 8.16396e-08 0)
(2.23479e-07 8.31171e-08 0)
(1.99132e-07 8.42058e-08 0)
(1.74738e-07 8.48654e-08 0)
(1.5045e-07 8.49107e-08 0)
(1.26107e-07 8.42311e-08 0)
(1.0202e-07 8.22802e-08 0)
(7.90361e-08 7.87755e-08 0)
(5.75338e-08 7.34554e-08 0)
(3.8965e-08 6.55959e-08 0)
(2.09354e-08 5.45346e-08 0)
(9.38019e-09 3.82706e-08 0)
(-1.81018e-09 1.84969e-08 0)
(7.76668e-11 -4.31856e-08 0)
(4.12735e-09 -9.66261e-08 0)
(2.20061e-08 -1.34518e-07 0)
(4.91832e-08 -1.59049e-07 0)
(7.84464e-08 -1.77634e-07 0)
(1.06077e-07 -1.89722e-07 0)
(1.38295e-07 -1.95107e-07 0)
(1.73476e-07 -1.9578e-07 0)
(2.08613e-07 -1.92709e-07 0)
(2.4251e-07 -1.86216e-07 0)
(2.74959e-07 -1.76863e-07 0)
(3.05679e-07 -1.65099e-07 0)
(3.34085e-07 -1.51512e-07 0)
(3.59739e-07 -1.36536e-07 0)
(3.8255e-07 -1.20599e-07 0)
(4.02339e-07 -1.04119e-07 0)
(4.18872e-07 -8.75757e-08 0)
(4.32042e-07 -7.10351e-08 0)
(4.41914e-07 -5.4691e-08 0)
(4.48625e-07 -3.86451e-08 0)
(4.52392e-07 -2.3187e-08 0)
(4.53377e-07 -8.44049e-09 0)
(4.51755e-07 5.33553e-09 0)
(4.47766e-07 1.81556e-08 0)
(4.41768e-07 2.9722e-08 0)
(4.34038e-07 3.99603e-08 0)
(4.24729e-07 4.86502e-08 0)
(4.13983e-07 5.60417e-08 0)
(4.02026e-07 6.21972e-08 0)
(3.89095e-07 6.74905e-08 0)
(3.75325e-07 7.19591e-08 0)
(3.60901e-07 7.588e-08 0)
(3.46062e-07 7.91886e-08 0)
(3.30906e-07 8.2109e-08 0)
(3.15426e-07 8.4579e-08 0)
(2.99706e-07 8.68928e-08 0)
(2.83842e-07 8.90153e-08 0)
(2.67859e-07 9.12304e-08 0)
(2.51784e-07 9.33871e-08 0)
(2.35671e-07 9.55873e-08 0)
(2.19456e-07 9.77188e-08 0)
(2.03052e-07 9.99152e-08 0)
(1.86502e-07 1.02013e-07 0)
(1.69837e-07 1.0408e-07 0)
(1.52942e-07 1.05871e-07 0)
(1.35878e-07 1.07273e-07 0)
(1.18849e-07 1.0804e-07 0)
(1.02007e-07 1.08086e-07 0)
(8.5093e-08 1.07075e-07 0)
(6.82649e-08 1.0471e-07 0)
(5.21214e-08 1.00412e-07 0)
(3.79563e-08 9.37135e-08 0)
(2.46173e-08 8.33757e-08 0)
(1.35564e-08 6.84825e-08 0)
(6.03286e-09 4.73673e-08 0)
(-2.37004e-11 2.27528e-08 0)
(-2.60973e-09 -3.86765e-08 0)
(7.47961e-09 -9.80512e-08 0)
(1.57816e-08 -1.44006e-07 0)
(3.28938e-08 -1.76264e-07 0)
(4.99909e-08 -2.01889e-07 0)
(6.88459e-08 -2.17544e-07 0)
(9.16361e-08 -2.24536e-07 0)
(1.16152e-07 -2.25665e-07 0)
(1.40636e-07 -2.22302e-07 0)
(1.64344e-07 -2.14985e-07 0)
(1.87009e-07 -2.04181e-07 0)
(2.08301e-07 -1.906e-07 0)
(2.27808e-07 -1.74871e-07 0)
(2.45292e-07 -1.57501e-07 0)
(2.60598e-07 -1.38938e-07 0)
(2.73568e-07 -1.19756e-07 0)
(2.84072e-07 -1.00304e-07 0)
(2.92049e-07 -8.08948e-08 0)
(2.97519e-07 -6.16949e-08 0)
(3.00641e-07 -4.29868e-08 0)
(3.01569e-07 -2.49455e-08 0)
(3.00462e-07 -7.87717e-09 0)
(2.97484e-07 8.09686e-09 0)
(2.92858e-07 2.27635e-08 0)
(2.86865e-07 3.6055e-08 0)
(2.79753e-07 4.77291e-08 0)
(2.71631e-07 5.7817e-08 0)
(2.62623e-07 6.63151e-08 0)
(2.52902e-07 7.34644e-08 0)
(2.42651e-07 7.93667e-08 0)
(2.31989e-07 8.43067e-08 0)
(2.21012e-07 8.84191e-08 0)
(2.09863e-07 9.19287e-08 0)
(1.9865e-07 9.4877e-08 0)
(1.87454e-07 9.74995e-08 0)
(1.7636e-07 9.98977e-08 0)
(1.65444e-07 1.02233e-07 0)
(1.54714e-07 1.04518e-07 0)
(1.4418e-07 1.06897e-07 0)
(1.33864e-07 1.09302e-07 0)
(1.23742e-07 1.1176e-07 0)
(1.13763e-07 1.14186e-07 0)
(1.03917e-07 1.16627e-07 0)
(9.41179e-08 1.18906e-07 0)
(8.4251e-08 1.20939e-07 0)
(7.43613e-08 1.22446e-07 0)
(6.45931e-08 1.23238e-07 0)
(5.51512e-08 1.23248e-07 0)
(4.55224e-08 1.22241e-07 0)
(3.59295e-08 1.19525e-07 0)
(2.70847e-08 1.14741e-07 0)
(1.89079e-08 1.07217e-07 0)
(1.26445e-08 9.55165e-08 0)
(6.04288e-09 7.82581e-08 0)
(1.84918e-09 5.33013e-08 0)
(-7.65433e-10 2.51461e-08 0)
(-1.85948e-09 -4.13158e-08 0)
(5.46379e-09 -1.02795e-07 0)
(8.05738e-09 -1.5231e-07 0)
(1.53923e-08 -1.89772e-07 0)
(2.38066e-08 -2.17323e-07 0)
(3.49732e-08 -2.33954e-07 0)
(4.87818e-08 -2.41736e-07 0)
(6.28868e-08 -2.43202e-07 0)
(7.72125e-08 -2.39798e-07 0)
(9.09282e-08 -2.31891e-07 0)
(1.04026e-07 -2.20163e-07 0)
(1.1619e-07 -2.0537e-07 0)
(1.27127e-07 -1.88139e-07 0)
(1.36648e-07 -1.69027e-07 0)
(1.44627e-07 -1.48597e-07 0)
(1.50944e-07 -1.27363e-07 0)
(1.55527e-07 -1.05788e-07 0)
(1.58355e-07 -8.42334e-08 0)
(1.5947e-07 -6.30109e-08 0)
(1.58971e-07 -4.23863e-08 0)
(1.57003e-07 -2.26698e-08 0)
(1.53709e-07 -4.0835e-09 0)
(1.49258e-07 1.31533e-08 0)
(1.43844e-07 2.89211e-08 0)
(1.37677e-07 4.30614e-08 0)
(1.30936e-07 5.54842e-08 0)
(1.23744e-07 6.61132e-08 0)
(1.16186e-07 7.50666e-08 0)
(1.084e-07 8.24429e-08 0)
(1.00533e-07 8.84681e-08 0)
(9.26814e-08 9.32859e-08 0)
(8.49255e-08 9.71567e-08 0)
(7.73843e-08 1.00259e-07 0)
(7.01473e-08 1.02847e-07 0)
(6.32715e-08 1.05089e-07 0)
(5.68139e-08 1.07184e-07 0)
(5.08219e-08 1.09148e-07 0)
(4.53132e-08 1.11102e-07 0)
(4.02814e-08 1.13126e-07 0)
(3.57214e-08 1.15284e-07 0)
(3.15932e-08 1.17508e-07 0)
(2.78513e-08 1.19777e-07 0)
(2.44526e-08 1.22e-07 0)
(2.13019e-08 1.24122e-07 0)
(1.82641e-08 1.26021e-07 0)
(1.55208e-08 1.27477e-07 0)
(1.30049e-08 1.28293e-07 0)
(1.0547e-08 1.2831e-07 0)
(8.14858e-09 1.27148e-07 0)
(5.75212e-09 1.24239e-07 0)
(3.72872e-09 1.19137e-07 0)
(2.64174e-09 1.11105e-07 0)
(9.08277e-10 9.8947e-08 0)
(-1.72309e-10 8.0525e-08 0)
(-1.8582e-10 5.50237e-08 0)
(-8.33206e-10 2.49431e-08 0)
(-2.00057e-09 -4.40682e-08 0)
(1.40719e-09 -1.05943e-07 0)
(4.67421e-10 -1.58166e-07 0)
(7.95666e-10 -1.96899e-07 0)
(1.63473e-09 -2.24509e-07 0)
(4.88718e-09 -2.41623e-07 0)
(9.44668e-09 -2.50306e-07 0)
(1.41523e-08 -2.52435e-07 0)
(1.88749e-08 -2.48776e-07 0)
(2.29827e-08 -2.40427e-07 0)
(2.69834e-08 -2.28083e-07 0)
(3.04552e-08 -2.12423e-07 0)
(3.32147e-08 -1.94129e-07 0)
(3.51344e-08 -1.73821e-07 0)
(3.61178e-08 -1.52087e-07 0)
(3.60799e-08 -1.29479e-07 0)
(3.49809e-08 -1.06483e-07 0)
(3.28339e-08 -8.35268e-08 0)
(2.96867e-08 -6.09816e-08 0)
(2.56304e-08 -3.91815e-08 0)
(2.07839e-08 -1.8421e-08 0)
(1.52991e-08 1.03127e-09 0)
(9.32699e-09 1.89806e-08 0)
(3.02154e-09 3.52545e-08 0)
(-3.45957e-09 4.97378e-08 0)
(-9.97294e-09 6.23485e-08 0)
(-1.64165e-08 7.30863e-08 0)
(-2.27025e-08 8.20192e-08 0)
(-2.87232e-08 8.93128e-08 0)
(-3.4379e-08 9.5134e-08 0)
(-3.96081e-08 9.9696e-08 0)
(-4.43357e-08 1.03206e-07 0)
(-4.84607e-08 1.05896e-07 0)
(-5.19137e-08 1.07961e-07 0)
(-5.46825e-08 1.09661e-07 0)
(-5.67086e-08 1.11151e-07 0)
(-5.79258e-08 1.12438e-07 0)
(-5.84118e-08 1.13666e-07 0)
(-5.81707e-08 1.15006e-07 0)
(-5.72259e-08 1.16496e-07 0)
(-5.56146e-08 1.18113e-07 0)
(-5.33914e-08 1.19813e-07 0)
(-5.0605e-08 1.21549e-07 0)
(-4.74243e-08 1.23233e-07 0)
(-4.38389e-08 1.24739e-07 0)
(-3.98431e-08 1.25944e-07 0)
(-3.54277e-08 1.26713e-07 0)
(-3.0841e-08 1.26648e-07 0)
(-2.62774e-08 1.25309e-07 0)
(-2.20193e-08 1.22334e-07 0)
(-1.73926e-08 1.17103e-07 0)
(-1.28648e-08 1.08949e-07 0)
(-8.37086e-09 9.65199e-08 0)
(-5.38662e-09 7.87573e-08 0)
(-2.89178e-09 5.3193e-08 0)
(-5.79508e-10 2.38249e-08 0)
(-2.74117e-09 -4.37571e-08 0)
(-1.74279e-09 -1.04483e-07 0)
(-6.08798e-09 -1.56798e-07 0)
(-1.14955e-08 -1.95725e-07 0)
(-1.74183e-08 -2.23366e-07 0)
(-2.15761e-08 -2.41057e-07 0)
(-2.54987e-08 -2.50415e-07 0)
(-2.99947e-08 -2.52932e-07 0)
(-3.47921e-08 -2.49358e-07 0)
(-3.89083e-08 -2.40846e-07 0)
(-4.32311e-08 -2.28165e-07 0)
(-4.77675e-08 -2.12012e-07 0)
(-5.26199e-08 -1.93098e-07 0)
(-5.78206e-08 -1.72099e-07 0)
(-6.34095e-08 -1.49649e-07 0)
(-6.94215e-08 -1.26311e-07 0)
(-7.5853e-08 -1.02597e-07 0)
(-8.26818e-08 -7.89576e-08 0)
(-8.98511e-08 -5.58038e-08 0)
(-9.72724e-08 -3.3487e-08 0)
(-1.04837e-07 -1.23249e-08 0)
(-1.12417e-07 7.42206e-09 0)
(-1.19881e-07 2.55112e-08 0)
(-1.27104e-07 4.17821e-08 0)
(-1.33951e-07 5.61162e-08 0)
(-1.40308e-07 6.84819e-08 0)
(-1.46091e-07 7.88922e-08 0)
(-1.51229e-07 8.74418e-08 0)
(-1.55641e-07 9.42634e-08 0)
(-1.59258e-07 9.95465e-08 0)
(-1.62041e-07 1.03499e-07 0)
(-1.63951e-07 1.06367e-07 0)
(-1.64906e-07 1.08368e-07 0)
(-1.6485e-07 1.09658e-07 0)
(-1.63857e-07 1.10477e-07 0)
(-1.61692e-07 1.11004e-07 0)
(-1.58384e-07 1.11391e-07 0)
(-1.54199e-07 1.11797e-07 0)
(-1.49096e-07 1.12301e-07 0)
(-1.43033e-07 1.12963e-07 0)
(-1.36049e-07 1.13794e-07 0)
(-1.28218e-07 1.14796e-07 0)
(-1.19604e-07 1.15918e-07 0)
(-1.10348e-07 1.17066e-07 0)
(-1.00567e-07 1.181e-07 0)
(-9.03925e-08 1.18971e-07 0)
(-7.96876e-08 1.19472e-07 0)
(-6.86486e-08 1.19252e-07 0)
(-5.78659e-08 1.17937e-07 0)
(-4.73755e-08 1.15104e-07 0)
(-3.67773e-08 1.10069e-07 0)
(-2.61881e-08 1.0212e-07 0)
(-1.73759e-08 9.05069e-08 0)
(-9.94156e-09 7.32475e-08 0)
(-4.31301e-09 4.97325e-08 0)
(-3.22256e-10 2.20568e-08 0)
(-3.21691e-09 -4.10409e-08 0)
(-4.08414e-09 -9.93361e-08 0)
(-1.16503e-08 -1.49843e-07 0)
(-2.2109e-08 -1.87779e-07 0)
(-3.41867e-08 -2.1499e-07 0)
(-4.52611e-08 -2.32723e-07 0)
(-5.68201e-08 -2.4221e-07 0)
(-6.89476e-08 -2.44694e-07 0)
(-8.15311e-08 -2.41457e-07 0)
(-9.3641e-08 -2.33027e-07 0)
(-1.0559e-07 -2.20269e-07 0)
(-1.17439e-07 -2.04004e-07 0)
(-1.29223e-07 -1.84951e-07 0)
(-1.4093e-07 -1.63804e-07 0)
(-1.52525e-07 -1.41205e-07 0)
(-1.63988e-07 -1.17732e-07 0)
(-1.7529e-07 -9.39122e-08 0)
(-1.86389e-07 -7.02254e-08 0)
(-1.97223e-07 -4.70903e-08 0)
(-2.07704e-07 -2.48762e-08 0)
(-2.1774e-07 -3.9138e-09 0)
(-2.27232e-07 1.55195e-08 0)
(-2.36075e-07 3.31898e-08 0)
(-2.44151e-07 4.89181e-08 0)
(-2.51345e-07 6.26045e-08 0)
(-2.57561e-07 7.42322e-08 0)
(-2.62742e-07 8.38543e-08 0)
(-2.66843e-07 9.15538e-08 0)
(-2.69801e-07 9.74662e-08 0)
(-2.71566e-07 1.01779e-07 0)
(-2.72118e-07 1.04721e-07 0)
(-2.71456e-07 1.06525e-07 0)
(-2.69455e-07 1.07421e-07 0)
(-2.66164e-07 1.076e-07 0)
(-2.61642e-07 1.07244e-07 0)
(-2.55764e-07 1.06541e-07 0)
(-2.48621e-07 1.05819e-07 0)
(-2.40235e-07 1.05179e-07 0)
(-2.3063e-07 1.04655e-07 0)
(-2.1985e-07 1.04304e-07 0)
(-2.0796e-07 1.04193e-07 0)
(-1.95033e-07 1.04332e-07 0)
(-1.8115e-07 1.04692e-07 0)
(-1.66467e-07 1.05192e-07 0)
(-1.51174e-07 1.05739e-07 0)
(-1.35357e-07 1.06219e-07 0)
(-1.1893e-07 1.0643e-07 0)
(-1.02125e-07 1.0608e-07 0)
(-8.56641e-08 1.04821e-07 0)
(-6.96747e-08 1.02225e-07 0)
(-5.36807e-08 9.77246e-08 0)
(-3.83622e-08 9.06768e-08 0)
(-2.47177e-08 8.00044e-08 0)
(-1.39288e-08 6.51456e-08 0)
(-6.16883e-09 4.37484e-08 0)
(-3.97369e-10 1.94809e-08 0)
(-3.40401e-09 -3.72434e-08 0)
(-5.74993e-09 -9.14153e-08 0)
(-1.64138e-08 -1.3882e-07 0)
(-3.1101e-08 -1.74624e-07 0)
(-4.84871e-08 -2.00515e-07 0)
(-6.55284e-08 -2.17541e-07 0)
(-8.34404e-08 -2.26804e-07 0)
(-1.02469e-07 -2.29275e-07 0)
(-1.21795e-07 -2.25915e-07 0)
(-1.40786e-07 -2.17574e-07 0)
(-1.59429e-07 -2.05016e-07 0)
(-1.77724e-07 -1.8899e-07 0)
(-1.95627e-07 -1.70241e-07 0)
(-2.13059e-07 -1.4943e-07 0)
(-2.29936e-07 -1.27194e-07 0)
(-2.46195e-07 -1.04117e-07 0)
(-2.6178e-07 -8.07408e-08 0)
(-2.76629e-07 -5.75579e-08 0)
(-2.90666e-07 -3.50012e-08 0)
(-3.03821e-07 -1.34525e-08 0)
(-3.16014e-07 6.75736e-09 0)
(-3.2716e-07 2.53405e-08 0)
(-3.37181e-07 4.20722e-08 0)
(-3.45987e-07 5.67593e-08 0)
(-3.53461e-07 6.93009e-08 0)
(-3.59513e-07 7.97182e-08 0)
(-3.64123e-07 8.80924e-08 0)
(-3.67282e-07 9.45129e-08 0)
(-3.6892e-07 9.9089e-08 0)
(-3.69013e-07 1.02033e-07 0)
(-3.67561e-07 1.03592e-07 0)
(-3.64573e-07 1.03993e-07 0)
(-3.60025e-07 1.0344e-07 0)
(-3.53944e-07 1.02205e-07 0)
(-3.46326e-07 1.00446e-07 0)
(-3.3718e-07 9.83955e-08 0)
(-3.26538e-07 9.62958e-08 0)
(-3.14417e-07 9.42925e-08 0)
(-3.00869e-07 9.24696e-08 0)
(-2.85967e-07 9.09078e-08 0)
(-2.69791e-07 8.96634e-08 0)
(-2.52424e-07 8.87631e-08 0)
(-2.33965e-07 8.81894e-08 0)
(-2.14582e-07 8.78899e-08 0)
(-1.94491e-07 8.77832e-08 0)
(-1.73786e-07 8.77569e-08 0)
(-1.52406e-07 8.7636e-08 0)
(-1.3063e-07 8.71832e-08 0)
(-1.0928e-07 8.60939e-08 0)
(-8.85523e-08 8.39804e-08 0)
(-6.80553e-08 8.03398e-08 0)
(-4.84244e-08 7.45462e-08 0)
(-3.12602e-08 6.60331e-08 0)
(-1.73378e-08 5.33474e-08 0)
(-7.43333e-09 3.62375e-08 0)
(-3.92634e-10 1.60096e-08 0)
(-3.42802e-09 -3.29439e-08 0)
(-7.02817e-09 -8.14074e-08 0)
(-2.00523e-08 -1.24419e-07 0)
(-3.83622e-08 -1.57186e-07 0)
(-6.01364e-08 -1.80935e-07 0)
(-8.21309e-08 -1.96604e-07 0)
(-1.05398e-07 -2.05101e-07 0)
(-1.30084e-07 -2.07249e-07 0)
(-1.55145e-07 -2.03866e-07 0)
(-1.79902e-07 -1.95727e-07 0)
(-2.0418e-07 -1.83555e-07 0)
(-2.2791e-07 -1.6807e-07 0)
(-2.5098e-07 -1.49964e-07 0)
(-2.73233e-07 -1.29883e-07 0)
(-2.94547e-07 -1.08447e-07 0)
(-3.14825e-07 -8.62414e-08 0)
(-3.33992e-07 -6.37983e-08 0)
(-3.51968e-07 -4.16205e-08 0)
(-3.68673e-07 -2.01405e-08 0)
(-3.84031e-07 2.46499e-10 0)
(-3.97977e-07 1.92235e-08 0)
(-4.10446e-07 3.65053e-08 0)
(-4.21392e-07 5.1862e-08 0)
(-4.30751e-07 6.50815e-08 0)
(-4.38393e-07 7.6056e-08 0)
(-4.44221e-07 8.48549e-08 0)
(-4.48252e-07 9.1626e-08 0)
(-4.50567e-07 9.64032e-08 0)
(-4.51003e-07 9.92935e-08 0)
(-4.4961e-07 1.00547e-07 0)
(-4.464e-07 1.00442e-07 0)
(-4.41421e-07 9.91828e-08 0)
(-4.34683e-07 9.69833e-08 0)
(-4.2619e-07 9.40762e-08 0)
(-4.15952e-07 9.06847e-08 0)
(-4.04003e-07 8.70405e-08 0)
(-3.90376e-07 8.33673e-08 0)
(-3.75111e-07 7.98255e-08 0)
(-3.58272e-07 7.65333e-08 0)
(-3.39942e-07 7.35809e-08 0)
(-3.20213e-07 7.10397e-08 0)
(-2.99175e-07 6.89468e-08 0)
(-2.7694e-07 6.73078e-08 0)
(-2.53686e-07 6.60903e-08 0)
(-2.29644e-07 6.52332e-08 0)
(-2.04923e-07 6.46409e-08 0)
(-1.79492e-07 6.41745e-08 0)
(-1.53671e-07 6.36392e-08 0)
(-1.28326e-07 6.27887e-08 0)
(-1.03737e-07 6.13016e-08 0)
(-7.95827e-08 5.87587e-08 0)
(-5.6564e-08 5.47422e-08 0)
(-3.64487e-08 4.84849e-08 0)
(-2.00374e-08 3.96692e-08 0)
(-8.62167e-09 2.66285e-08 0)
(-2.41032e-10 1.20372e-08 0)
(-3.41309e-09 -2.80092e-08 0)
(-8.10341e-09 -6.99319e-08 0)
(-2.28351e-08 -1.0736e-07 0)
(-4.39001e-08 -1.36205e-07 0)
(-6.90756e-08 -1.5716e-07 0)
(-9.498e-08 -1.70991e-07 0)
(-1.22496e-07 -1.78399e-07 0)
(-1.51652e-07 -1.8004e-07 0)
(-1.81275e-07 -1.76597e-07 0)
(-2.10592e-07 -1.68733e-07 0)
(-2.39358e-07 -1.571e-07 0)
(-2.67423e-07 -1.42373e-07 0)
(-2.94589e-07 -1.25181e-07 0)
(-3.20662e-07 -1.06152e-07 0)
(-3.45483e-07 -8.58827e-08 0)
(-3.6892e-07 -6.49412e-08 0)
(-3.90881e-07 -4.38587e-08 0)
(-4.11278e-07 -2.31189e-08 0)
(-4.3002e-07 -3.15819e-09 0)
(-4.47036e-07 1.56501e-08 0)
(-4.62262e-07 3.29731e-08 0)
(-4.75655e-07 4.8558e-08 0)
(-4.87204e-07 6.21705e-08 0)
(-4.96882e-07 7.35921e-08 0)
(-5.04539e-07 8.26459e-08 0)
(-5.10034e-07 8.94965e-08 0)
(-5.13449e-07 9.4421e-08 0)
(-5.14888e-07 9.73728e-08 0)
(-5.14334e-07 9.82863e-08 0)
(-5.11647e-07 9.75816e-08 0)
(-5.06955e-07 9.5599e-08 0)
(-5.0033e-07 9.24937e-08 0)
(-4.91778e-07 8.84439e-08 0)
(-4.81309e-07 8.37038e-08 0)
(-4.68945e-07 7.85116e-08 0)
(-4.54738e-07 7.31082e-08 0)
(-4.38737e-07 6.77126e-08 0)
(-4.20992e-07 6.25008e-08 0)
(-4.0158e-07 5.76076e-08 0)
(-3.8059e-07 5.3145e-08 0)
(-3.58117e-07 4.9195e-08 0)
(-3.3426e-07 4.58128e-08 0)
(-3.09137e-07 4.30216e-08 0)
(-2.8294e-07 4.08119e-08 0)
(-2.55906e-07 3.91435e-08 0)
(-2.28154e-07 3.79493e-08 0)
(-1.99674e-07 3.7124e-08 0)
(-1.7081e-07 3.65344e-08 0)
(-1.42483e-07 3.59949e-08 0)
(-1.15028e-07 3.52566e-08 0)
(-8.81005e-08 3.40279e-08 0)
(-6.26461e-08 3.19695e-08 0)
(-4.01228e-08 2.88246e-08 0)
(-2.21595e-08 2.35326e-08 0)
(-9.69167e-09 1.62602e-08 0)
(-2.25628e-10 7.45907e-09 0)
(-3.30544e-09 -2.26025e-08 0)
(-8.94653e-09 -5.72612e-08 0)
(-2.47639e-08 -8.82956e-08 0)
(-4.77976e-08 -1.1251e-07 0)
(-7.53633e-08 -1.30189e-07 0)
(-1.04074e-07 -1.41829e-07 0)
(-1.34658e-07 -1.47906e-07 0)
(-1.67044e-07 -1.48898e-07 0)
(-1.99985e-07 -1.45343e-07 0)
(-2.32622e-07 -1.378e-07 0)
(-2.64644e-07 -1.26836e-07 0)
(-2.95838e-07 -1.13035e-07 0)
(-3.25965e-07 -9.69822e-08 0)
(-3.54787e-07 -7.92672e-08 0)
(-3.82104e-07 -6.04592e-08 0)
(-4.07772e-07 -4.11006e-08 0)
(-4.3168e-07 -2.17087e-08 0)
(-4.53725e-07 -2.74841e-09 0)
(-4.73816e-07 1.53533e-08 0)
(-4.91888e-07 3.22283e-08 0)
(-5.07881e-07 4.7562e-08 0)
(-5.21748e-07 6.11124e-08 0)
(-5.33494e-07 7.26797e-08 0)
(-5.43163e-07 8.19741e-08 0)
(-5.50643e-07 8.87454e-08 0)
(-5.55693e-07 9.34011e-08 0)
(-5.58473e-07 9.64002e-08 0)
(-5.59147e-07 9.7517e-08 0)
(-5.57625e-07 9.64202e-08 0)
(-5.5385e-07 9.34983e-08 0)
(-5.4795e-07 8.9393e-08 0)
(-5.40037e-07 8.42721e-08 0)
(-5.30075e-07 7.82346e-08 0)
(-5.18086e-07 7.15338e-08 0)
(-5.04126e-07 6.44308e-08 0)
(-4.8825e-07 5.71609e-08 0)
(-4.70522e-07 4.99614e-08 0)
(-4.51011e-07 4.30078e-08 0)
(-4.29798e-07 3.64556e-08 0)
(-4.06971e-07 3.04261e-08 0)
(-3.82632e-07 2.50177e-08 0)
(-3.56879e-07 2.02974e-08 0)
(-3.29836e-07 1.63092e-08 0)
(-3.01699e-07 1.30658e-08 0)
(-2.72709e-07 1.05563e-08 0)
(-2.42994e-07 8.74425e-09 0)
(-2.12547e-07 7.56936e-09 0)
(-1.81732e-07 6.95056e-09 0)
(-1.51499e-07 6.77691e-09 0)
(-1.22207e-07 6.89018e-09 0)
(-9.35921e-08 7.11349e-09 0)
(-6.62924e-08 7.31449e-09 0)
(-4.27675e-08 7.17772e-09 0)
(-2.33668e-08 6.61498e-09 0)
(-1.01303e-08 4.63795e-09 0)
(1.2801e-10 2.63861e-09 0)
(-3.21086e-09 -1.6957e-08 0)
(-9.45124e-09 -4.38511e-08 0)
(-2.59241e-08 -6.79832e-08 0)
(-5.00558e-08 -8.70626e-08 0)
(-7.90383e-08 -1.0111e-07 0)
(-1.09433e-07 -1.10297e-07 0)
(-1.4187e-07 -1.14861e-07 0)
(-1.76219e-07 -1.15105e-07 0)
(-2.11187e-07 -1.1141e-07 0)
(-2.45858e-07 -1.04219e-07 0)
(-2.79861e-07 -9.40024e-08 0)
(-3.12948e-07 -8.12632e-08 0)
(-3.4484e-07 -6.65306e-08 0)
(-3.75277e-07 -5.03347e-08 0)
(-4.04034e-07 -3.32125e-08 0)
(-4.30947e-07 -1.56795e-08 0)
(-4.55891e-07 1.78041e-09 0)
(-4.78763e-07 1.87189e-08 0)
(-4.99479e-07 3.47247e-08 0)
(-5.17976e-07 4.94391e-08 0)
(-5.34202e-07 6.25769e-08 0)
(-5.48118e-07 7.3939e-08 0)
(-5.59676e-07 8.3518e-08 0)
(-5.68889e-07 9.10862e-08 0)
(-5.75775e-07 9.56489e-08 0)
(-5.80197e-07 9.74417e-08 0)
(-5.82329e-07 9.79843e-08 0)
(-5.82322e-07 9.64408e-08 0)
(-5.79973e-07 9.24238e-08 0)
(-5.75438e-07 8.73646e-08 0)
(-5.68709e-07 8.16802e-08 0)
(-5.5978e-07 7.47389e-08 0)
(-5.48743e-07 6.67074e-08 0)
(-5.35683e-07 5.80227e-08 0)
(-5.20661e-07 4.89789e-08 0)
(-5.0373e-07 3.98371e-08 0)
(-4.8496e-07 3.08172e-08 0)
(-4.64433e-07 2.21217e-08 0)
(-4.42226e-07 1.39081e-08 0)
(-4.18434e-07 6.31492e-09 0)
(-3.93153e-07 -5.51091e-10 0)
(-3.66481e-07 -6.60656e-09 0)
(-3.38539e-07 -1.17931e-08 0)
(-3.09522e-07 -1.60693e-08 0)
(-2.7967e-07 -1.94211e-08 0)
(-2.49108e-07 -2.1848e-08 0)
(-2.17831e-07 -2.33624e-08 0)
(-1.86203e-07 -2.39879e-08 0)
(-1.55195e-07 -2.37597e-08 0)
(-1.25183e-07 -2.27311e-08 0)
(-9.57774e-08 -2.09544e-08 0)
(-6.8041e-08 -1.84548e-08 0)
(-4.33674e-08 -1.50804e-08 0)
(-2.40366e-08 -1.15039e-08 0)
(-1.07766e-08 -7.12281e-09 0)
(1.50298e-11 -2.42911e-09 0)
(-3.19824e-09 -1.12024e-08 0)
(-9.55246e-09 -3.00208e-08 0)
(-2.61954e-08 -4.70521e-08 0)
(-5.06804e-08 -6.07746e-08 0)
(-8.01308e-08 -7.09901e-08 0)
(-1.11092e-07 -7.75727e-08 0)
(-1.44171e-07 -8.05187e-08 0)
(-1.79216e-07 -7.9955e-08 0)
(-2.14909e-07 -7.61081e-08 0)
(-2.50306e-07 -6.92903e-08 0)
(-2.85001e-07 -5.9876e-08 0)
(-3.18721e-07 -4.82868e-08 0)
(-3.51167e-07 -3.49853e-08 0)
(-3.82058e-07 -2.0452e-08 0)
(-4.11161e-07 -5.17081e-09 0)
(-4.38296e-07 1.03761e-08 0)
(-4.6333e-07 2.57361e-08 0)
(-4.86166e-07 4.04845e-08 0)
(-5.06726e-07 5.42354e-08 0)
(-5.24952e-07 6.66526e-08 0)
(-5.40805e-07 7.74654e-08 0)
(-5.54257e-07 8.64593e-08 0)
(-5.65253e-07 9.34777e-08 0)
(-5.73702e-07 9.82621e-08 0)
(-5.79619e-07 1.00064e-07 0)
(-5.8337e-07 9.95689e-08 0)
(-5.84981e-07 9.82889e-08 0)
(-5.84049e-07 9.52948e-08 0)
(-5.80916e-07 8.97986e-08 0)
(-5.75808e-07 8.23368e-08 0)
(-5.68491e-07 7.37502e-08 0)
(-5.58883e-07 6.44433e-08 0)
(-5.47209e-07 5.43544e-08 0)
(-5.33585e-07 4.37105e-08 0)
(-5.1807e-07 3.27754e-08 0)
(-5.00726e-07 2.18053e-08 0)
(-4.81627e-07 1.10254e-08 0)
(-4.60852e-07 6.41154e-10 0)
(-4.38489e-07 -9.17768e-09 0)
(-4.14623e-07 -1.82844e-08 0)
(-3.89352e-07 -2.65552e-08 0)
(-3.62765e-07 -3.38965e-08 0)
(-3.34975e-07 -4.02334e-08 0)
(-3.06168e-07 -4.55042e-08 0)
(-2.7658e-07 -4.96643e-08 0)
(-2.46324e-07 -5.26804e-08 0)
(-2.15383e-07 -5.45177e-08 0)
(-1.84112e-07 -5.51359e-08 0)
(-1.53473e-07 -5.44924e-08 0)
(-1.23822e-07 -5.25398e-08 0)
(-9.48545e-08 -4.92062e-08 0)
(-6.69917e-08 -4.43066e-08 0)
(-4.33291e-08 -3.78085e-08 0)
(-2.37518e-08 -2.93734e-08 0)
(-1.03539e-08 -1.92924e-08 0)
(3.29971e-10 -7.50623e-09 0)
(-3.33751e-09 -5.41173e-09 0)
(-9.25041e-09 -1.62455e-08 0)
(-2.56864e-08 -2.61277e-08 0)
(-4.97123e-08 -3.44929e-08 0)
(-7.86946e-08 -4.08627e-08 0)
(-1.09132e-07 -4.48188e-08 0)
(-1.41661e-07 -4.61269e-08 0)
(-1.76149e-07 -4.47419e-08 0)
(-2.1128e-07 -4.07383e-08 0)
(-2.46104e-07 -3.43063e-08 0)
(-2.80207e-07 -2.57219e-08 0)
(-3.13306e-07 -1.53259e-08 0)
(-3.45097e-07 -3.51115e-09 0)
(-3.75287e-07 9.29426e-09 0)
(-4.03638e-07 2.26533e-08 0)
(-4.29967e-07 3.61286e-08 0)
(-4.54141e-07 4.92948e-08 0)
(-4.76065e-07 6.17563e-08 0)
(-4.95666e-07 7.31585e-08 0)
(-5.12891e-07 8.31934e-08 0)
(-5.27703e-07 9.1595e-08 0)
(-5.40084e-07 9.81549e-08 0)
(-5.50008e-07 1.02707e-07 0)
(-5.57438e-07 1.05047e-07 0)
(-5.6251e-07 1.04924e-07 0)
(-5.65492e-07 1.02644e-07 0)
(-5.66274e-07 9.84118e-08 0)
(-5.64637e-07 9.23032e-08 0)
(-5.60789e-07 8.45256e-08 0)
(-5.54934e-07 7.5378e-08 0)
(-5.47077e-07 6.50192e-08 0)
(-5.37201e-07 5.37257e-08 0)
(-5.25378e-07 4.16883e-08 0)
(-5.11716e-07 2.9173e-08 0)
(-4.96293e-07 1.64457e-08 0)
(-4.79183e-07 3.75264e-09 0)
(-4.60464e-07 -8.67296e-09 0)
(-4.40223e-07 -2.06335e-08 0)
(-4.18542e-07 -3.19465e-08 0)
(-3.95501e-07 -4.24562e-08 0)
(-3.71189e-07 -5.20335e-08 0)
(-3.45692e-07 -6.05684e-08 0)
(-3.19108e-07 -6.79683e-08 0)
(-2.91609e-07 -7.41582e-08 0)
(-2.63414e-07 -7.90648e-08 0)
(-2.34622e-07 -8.26204e-08 0)
(-2.05186e-07 -8.47455e-08 0)
(-1.75439e-07 -8.53418e-08 0)
(-1.46329e-07 -8.42923e-08 0)
(-1.1819e-07 -8.14536e-08 0)
(-9.04891e-08 -7.66128e-08 0)
(-6.43262e-08 -6.94983e-08 0)
(-4.09388e-08 -5.96826e-08 0)
(-2.29252e-08 -4.71564e-08 0)
(-1.06056e-08 -3.08834e-08 0)
(2.59889e-10 -1.24981e-08 0)
(-3.27719e-09 2.13197e-10 0)
(-8.70354e-09 -2.96992e-09 0)
(-2.43545e-08 -5.91293e-09 0)
(-4.7247e-08 -9.13175e-09 0)
(-7.48437e-08 -1.17839e-08 0)
(-1.03684e-07 -1.31942e-08 0)
(-1.345e-07 -1.29215e-08 0)
(-1.67213e-07 -1.07436e-08 0)
(-2.0053e-07 -6.59831e-09 0)
(-2.33522e-07 -5.61884e-10 0)
(-2.65785e-07 7.18308e-09 0)
(-2.97043e-07 1.63738e-08 0)
(-3.26996e-07 2.66848e-08 0)
(-3.55356e-07 3.77484e-08 0)
(-3.81884e-07 4.91733e-08 0)
(-4.06401e-07 6.05596e-08 0)
(-4.28783e-07 7.1516e-08 0)
(-4.48937e-07 8.16791e-08 0)
(-4.66793e-07 9.0729e-08 0)
(-4.82315e-07 9.83782e-08 0)
(-4.95483e-07 1.04369e-07 0)
(-5.06284e-07 1.08493e-07 0)
(-5.14725e-07 1.10591e-07 0)
(-5.20851e-07 1.10525e-07 0)
(-5.24781e-07 1.08188e-07 0)
(-5.26625e-07 1.03757e-07 0)
(-5.26364e-07 9.74733e-08 0)
(-5.24e-07 8.93975e-08 0)
(-5.19627e-07 7.96557e-08 0)
(-5.13335e-07 6.84962e-08 0)
(-5.0521e-07 5.61821e-08 0)
(-4.95319e-07 4.29875e-08 0)
(-4.83712e-07 2.91509e-08 0)
(-4.70468e-07 1.49287e-08 0)
(-4.55681e-07 5.82144e-10 0)
(-4.39426e-07 -1.36506e-08 0)
(-4.21786e-07 -2.75414e-08 0)
(-4.02841e-07 -4.08912e-08 0)
(-3.82662e-07 -5.35155e-08 0)
(-3.61327e-07 -6.52584e-08 0)
(-3.38916e-07 -7.5984e-08 0)
(-3.15493e-07 -8.557e-08 0)
(-2.91146e-07 -9.3908e-08 0)
(-2.66028e-07 -1.00905e-07 0)
(-2.40334e-07 -1.06467e-07 0)
(-2.14133e-07 -1.10492e-07 0)
(-1.87347e-07 -1.12861e-07 0)
(-1.60278e-07 -1.13424e-07 0)
(-1.33827e-07 -1.12002e-07 0)
(-1.08253e-07 -1.0836e-07 0)
(-8.31261e-08 -1.02157e-07 0)
(-5.86607e-08 -9.29476e-08 0)
(-3.82238e-08 -8.03396e-08 0)
(-2.11026e-08 -6.34534e-08 0)
(-9.39949e-09 -4.20108e-08 0)
(6.79315e-10 -1.71098e-08 0)
(-3.32054e-09 5.42559e-09 0)
(-7.84482e-09 9.47095e-09 0)
(-2.23801e-08 1.28911e-08 0)
(-4.33413e-08 1.44222e-08 0)
(-6.86444e-08 1.52345e-08 0)
(-9.48896e-08 1.61865e-08 0)
(-1.22899e-07 1.79185e-08 0)
(-1.5268e-07 2.08153e-08 0)
(-1.83e-07 2.50666e-08 0)
(-2.12971e-07 3.06966e-08 0)
(-2.42214e-07 3.76068e-08 0)
(-2.70472e-07 4.56067e-08 0)
(-2.97463e-07 5.44376e-08 0)
(-3.22908e-07 6.3792e-08 0)
(-3.46584e-07 7.33252e-08 0)
(-3.68327e-07 8.26749e-08 0)
(-3.88017e-07 9.14772e-08 0)
(-4.05569e-07 9.94093e-08 0)
(-4.20923e-07 1.06184e-07 0)
(-4.34063e-07 1.11547e-07 0)
(-4.44991e-07 1.15249e-07 0)
(-4.53712e-07 1.17095e-07 0)
(-4.60259e-07 1.16939e-07 0)
(-4.64699e-07 1.14687e-07 0)
(-4.67136e-07 1.10311e-07 0)
(-4.67664e-07 1.03927e-07 0)
(-4.66326e-07 9.56762e-08 0)
(-4.63174e-07 8.56895e-08 0)
(-4.58282e-07 7.41409e-08 0)
(-4.51725e-07 6.12558e-08 0)
(-4.43596e-07 4.72726e-08 0)
(-4.33981e-07 3.24738e-08 0)
(-4.22945e-07 1.71169e-08 0)
(-4.10569e-07 1.46363e-09 0)
(-3.96942e-07 -1.42405e-08 0)
(-3.8214e-07 -2.97491e-08 0)
(-3.66239e-07 -4.48492e-08 0)
(-3.49316e-07 -5.93325e-08 0)
(-3.31434e-07 -7.30266e-08 0)
(-3.12658e-07 -8.57712e-08 0)
(-2.93045e-07 -9.74293e-08 0)
(-2.72646e-07 -1.07868e-07 0)
(-2.51527e-07 -1.16973e-07 0)
(-2.29818e-07 -1.2463e-07 0)
(-2.07681e-07 -1.30726e-07 0)
(-1.8515e-07 -1.35128e-07 0)
(-1.62109e-07 -1.37692e-07 0)
(-1.38819e-07 -1.38219e-07 0)
(-1.16128e-07 -1.36477e-07 0)
(-9.42203e-08 -1.32144e-07 0)
(-7.23705e-08 -1.24772e-07 0)
(-5.16419e-08 -1.13826e-07 0)
(-3.2863e-08 -9.85343e-08 0)
(-1.8773e-08 -7.83484e-08 0)
(-9.09406e-09 -5.17566e-08 0)
(4.37915e-10 -2.14173e-08 0)
(-3.27985e-09 1.00773e-08 0)
(-6.75851e-09 2.06066e-08 0)
(-1.9691e-08 2.96576e-08 0)
(-3.80168e-08 3.535e-08 0)
(-6.02023e-08 3.92234e-08 0)
(-8.29314e-08 4.22682e-08 0)
(-1.07126e-07 4.52815e-08 0)
(-1.32912e-07 4.87933e-08 0)
(-1.59141e-07 5.3105e-08 0)
(-1.84991e-07 5.83247e-08 0)
(-2.10125e-07 6.44241e-08 0)
(-2.34312e-07 7.12809e-08 0)
(-2.57294e-07 7.87001e-08 0)
(-2.78817e-07 8.64299e-08 0)
(-2.9868e-07 9.41682e-08 0)
(-3.16743e-07 1.01592e-07 0)
(-3.32897e-07 1.08365e-07 0)
(-3.47073e-07 1.14202e-07 0)
(-3.59208e-07 1.18851e-07 0)
(-3.69317e-07 1.22096e-07 0)
(-3.77428e-07 1.237e-07 0)
(-3.83568e-07 1.23485e-07 0)
(-3.87793e-07 1.21328e-07 0)
(-3.90193e-07 1.17162e-07 0)
(-3.90867e-07 1.10978e-07 0)
(-3.89911e-07 1.02859e-07 0)
(-3.87399e-07 9.29256e-08 0)
(-3.83409e-07 8.13333e-08 0)
(-3.78021e-07 6.82657e-08 0)
(-3.71314e-07 5.39484e-08 0)
(-3.63382e-07 3.86229e-08 0)
(-3.54321e-07 2.25578e-08 0)
(-3.44205e-07 6.01562e-09 0)
(-3.33115e-07 -1.07421e-08 0)
(-3.21139e-07 -2.74718e-08 0)
(-3.08348e-07 -4.39344e-08 0)
(-2.94812e-07 -5.99231e-08 0)
(-2.80595e-07 -7.52349e-08 0)
(-2.65752e-07 -8.97058e-08 0)
(-2.50326e-07 -1.03173e-07 0)
(-2.34358e-07 -1.15503e-07 0)
(-2.1787e-07 -1.26555e-07 0)
(-2.00908e-07 -1.36209e-07 0)
(-1.83568e-07 -1.44342e-07 0)
(-1.65975e-07 -1.5082e-07 0)
(-1.48119e-07 -1.55485e-07 0)
(-1.29838e-07 -1.58184e-07 0)
(-1.11369e-07 -1.58676e-07 0)
(-9.34452e-08 -1.56672e-07 0)
(-7.61443e-08 -1.51798e-07 0)
(-5.88656e-08 -1.43506e-07 0)
(-4.15262e-08 -1.31119e-07 0)
(-2.7518e-08 -1.13926e-07 0)
(-1.54333e-08 -9.05525e-08 0)
(-7.0167e-09 -6.02403e-08 0)
(7.79299e-10 -2.5095e-08 0)
(-3.37299e-09 1.39493e-08 0)
(-5.42869e-09 3.02933e-08 0)
(-1.63327e-08 4.38936e-08 0)
(-3.13248e-08 5.29404e-08 0)
(-4.96116e-08 5.93349e-08 0)
(-6.80026e-08 6.4113e-08 0)
(-8.74897e-08 6.81833e-08 0)
(-1.08329e-07 7.21766e-08 0)
(-1.29494e-07 7.64909e-08 0)
(-1.50245e-07 8.12994e-08 0)
(-1.70294e-07 8.66306e-08 0)
(-1.89448e-07 9.24137e-08 0)
(-2.07479e-07 9.85162e-08 0)
(-2.24174e-07 1.04736e-07 0)
(-2.39359e-07 1.10825e-07 0)
(-2.52911e-07 1.16491e-07 0)
(-2.64729e-07 1.21418e-07 0)
(-2.74834e-07 1.25314e-07 0)
(-2.83114e-07 1.28015e-07 0)
(-2.89604e-07 1.29436e-07 0)
(-2.94351e-07 1.29222e-07 0)
(-2.97428e-07 1.27224e-07 0)
(-2.9892e-07 1.23369e-07 0)
(-2.98933e-07 1.17611e-07 0)
(-2.97576e-07 1.09943e-07 0)
(-2.94954e-07 1.00435e-07 0)
(-2.91159e-07 8.91915e-08 0)
(-2.8629e-07 7.63733e-08 0)
(-2.80435e-07 6.2161e-08 0)
(-2.73678e-07 4.67933e-08 0)
(-2.66122e-07 3.05008e-08 0)
(-2.57864e-07 1.35561e-08 0)
(-2.48982e-07 -3.78827e-09 0)
(-2.39561e-07 -2.12619e-08 0)
(-2.29682e-07 -3.86328e-08 0)
(-2.19413e-07 -5.56692e-08 0)
(-2.08809e-07 -7.21735e-08 0)
(-1.97925e-07 -8.79552e-08 0)
(-1.86797e-07 -1.02859e-07 0)
(-1.75449e-07 -1.16728e-07 0)
(-1.6389e-07 -1.29428e-07 0)
(-1.52118e-07 -1.40815e-07 0)
(-1.40152e-07 -1.5077e-07 0)
(-1.28055e-07 -1.59157e-07 0)
(-1.15906e-07 -1.65836e-07 0)
(-1.03634e-07 -1.7061e-07 0)
(-9.10107e-08 -1.73313e-07 0)
(-7.83282e-08 -1.73753e-07 0)
(-6.60829e-08 -1.71609e-07 0)
(-5.43287e-08 -1.66398e-07 0)
(-4.2139e-08 -1.57467e-07 0)
(-3.04063e-08 -1.44134e-07 0)
(-1.93318e-08 -1.2538e-07 0)
(-1.16836e-08 -1.00258e-07 0)
(-6.20829e-09 -6.66927e-08 0)
(3.33889e-10 -2.80794e-08 0)
(-3.44067e-09 1.72589e-08 0)
(-3.94031e-09 3.79915e-08 0)
(-1.20705e-08 5.50038e-08 0)
(-2.33349e-08 6.66249e-08 0)
(-3.70521e-08 7.48807e-08 0)
(-5.03664e-08 8.09266e-08 0)
(-6.43648e-08 8.57386e-08 0)
(-7.94473e-08 9.00196e-08 0)
(-9.47108e-08 9.42454e-08 0)
(-1.0952e-07 9.86278e-08 0)
(-1.23645e-07 1.03231e-07 0)
(-1.36938e-07 1.08013e-07 0)
(-1.49211e-07 1.12914e-07 0)
(-1.60285e-07 1.17754e-07 0)
(-1.70026e-07 1.22361e-07 0)
(-1.78337e-07 1.26445e-07 0)
(-1.85074e-07 1.29786e-07 0)
(-1.90346e-07 1.32155e-07 0)
(-1.94263e-07 1.33319e-07 0)
(-1.96775e-07 1.32975e-07 0)
(-1.97574e-07 1.31201e-07 0)
(-1.97147e-07 1.27759e-07 0)
(-1.95524e-07 1.22619e-07 0)
(-1.92832e-07 1.15642e-07 0)
(-1.89193e-07 1.06925e-07 0)
(-1.84727e-07 9.6418e-08 0)
(-1.79542e-07 8.43332e-08 0)
(-1.7375e-07 7.07023e-08 0)
(-1.67444e-07 5.58398e-08 0)
(-1.6072e-07 3.98498e-08 0)
(-1.5369e-07 2.31032e-08 0)
(-1.46453e-07 5.72546e-09 0)
(-1.39084e-07 -1.18943e-08 0)
(-1.31665e-07 -2.96524e-08 0)
(-1.2428e-07 -4.71606e-08 0)
(-1.16983e-07 -6.43596e-08 0)
(-1.09819e-07 -8.08983e-08 0)
(-1.02823e-07 -9.67733e-08 0)
(-9.60135e-08 -1.11675e-07 0)
(-8.93795e-08 -1.25619e-07 0)
(-8.2902e-08 -1.38305e-07 0)
(-7.65504e-08 -1.49751e-07 0)
(-7.03126e-08 -1.59682e-07 0)
(-6.42161e-08 -1.68113e-07 0)
(-5.83185e-08 -1.74774e-07 0)
(-5.25152e-08 -1.79629e-07 0)
(-4.62973e-08 -1.82379e-07 0)
(-4.01272e-08 -1.82826e-07 0)
(-3.42524e-08 -1.80471e-07 0)
(-2.88942e-08 -1.75072e-07 0)
(-2.30113e-08 -1.65861e-07 0)
(-1.61518e-08 -1.52117e-07 0)
(-1.16075e-08 -1.32862e-07 0)
(-7.0471e-09 -1.06547e-07 0)
(-3.32606e-09 -7.11584e-08 0)
(4.51718e-10 -3.01997e-08 0)
(-3.48669e-09 1.98756e-08 0)
(-2.03337e-09 4.31717e-08 0)
(-7.28841e-09 6.26185e-08 0)
(-1.42827e-08 7.58888e-08 0)
(-2.28062e-08 8.51771e-08 0)
(-3.04012e-08 9.19532e-08 0)
(-3.8262e-08 9.71295e-08 0)
(-4.69054e-08 1.01464e-07 0)
(-5.55765e-08 1.05461e-07 0)
(-6.37455e-08 1.09385e-07 0)
(-7.1251e-08 1.1328e-07 0)
(-7.79853e-08 1.1716e-07 0)
(-8.38324e-08 1.20967e-07 0)
(-8.86509e-08 1.24621e-07 0)
(-9.23656e-08 1.27928e-07 0)
(-9.4861e-08 1.3072e-07 0)
(-9.60901e-08 1.32611e-07 0)
(-9.60518e-08 1.3366e-07 0)
(-9.46887e-08 1.33545e-07 0)
(-9.23412e-08 1.31986e-07 0)
(-8.90581e-08 1.28997e-07 0)
(-8.47877e-08 1.2456e-07 0)
(-7.9742e-08 1.18502e-07 0)
(-7.406e-08 1.10819e-07 0)
(-6.79112e-08 1.01463e-07 0)
(-6.14231e-08 9.05236e-08 0)
(-5.47353e-08 7.80449e-08 0)
(-4.79549e-08 6.42145e-08 0)
(-4.11934e-08 4.91801e-08 0)
(-3.45504e-08 3.32158e-08 0)
(-2.81563e-08 1.65206e-08 0)
(-2.211e-08 -6.17082e-10 0)
(-1.65043e-08 -1.80282e-08 0)
(-1.13951e-08 -3.54123e-08 0)
(-6.8545e-09 -5.26191e-08 0)
(-2.92352e-09 -6.93494e-08 0)
(3.60377e-10 -8.55268e-08 0)
(2.97805e-09 -1.00908e-07 0)
(4.95133e-09 -1.15476e-07 0)
(6.32059e-09 -1.28975e-07 0)
(7.15175e-09 -1.41373e-07 0)
(7.49408e-09 -1.52433e-07 0)
(7.40233e-09 -1.62132e-07 0)
(6.87831e-09 -1.70255e-07 0)
(5.96296e-09 -1.76782e-07 0)
(4.85419e-09 -1.81477e-07 0)
(3.7556e-09 -1.84192e-07 0)
(2.5322e-09 -1.84551e-07 0)
(9.84861e-10 -1.8234e-07 0)
(-5.84866e-10 -1.76996e-07 0)
(-1.16526e-09 -1.67997e-07 0)
(-1.49876e-09 -1.54447e-07 0)
(-1.09725e-09 -1.35448e-07 0)
(-1.87155e-09 -1.08866e-07 0)
(-1.84228e-09 -7.32842e-08 0)
(2.18e-11 -3.12527e-08 0)
(-3.31478e-09 2.13477e-08 0)
(2.16717e-10 4.57392e-08 0)
(-1.925e-09 6.61929e-08 0)
(-4.37818e-09 8.01682e-08 0)
(-7.21635e-09 8.98314e-08 0)
(-8.49699e-09 9.6885e-08 0)
(-9.71557e-09 1.02147e-07 0)
(-1.14311e-08 1.0638e-07 0)
(-1.30056e-08 1.10084e-07 0)
(-1.39894e-08 1.13565e-07 0)
(-1.4278e-08 1.1678e-07 0)
(-1.39005e-08 1.19864e-07 0)
(-1.27895e-08 1.22728e-07 0)
(-1.08374e-08 1.2543e-07 0)
(-8.03538e-09 1.27623e-07 0)
(-4.06134e-09 1.29312e-07 0)
(8.8491e-10 1.30087e-07 0)
(6.60536e-09 1.30055e-07 0)
(1.31802e-08 1.28815e-07 0)
(2.06625e-08 1.26587e-07 0)
(2.86908e-08 1.22792e-07 0)
(3.72127e-08 1.17826e-07 0)
(4.60378e-08 1.11202e-07 0)
(5.499e-08 1.0335e-07 0)
(6.38922e-08 9.37388e-08 0)
(7.25806e-08 8.29518e-08 0)
(8.0914e-08 7.04781e-08 0)
(8.87646e-08 5.70769e-08 0)
(9.60268e-08 4.22822e-08 0)
(1.02576e-07 2.69748e-08 0)
(1.08265e-07 1.07088e-08 0)
(1.12953e-07 -5.59029e-09 0)
(1.16589e-07 -2.2413e-08 0)
(1.19116e-07 -3.88055e-08 0)
(1.20514e-07 -5.52796e-08 0)
(1.20736e-07 -7.09151e-08 0)
(1.19764e-07 -8.62995e-08 0)
(1.1759e-07 -1.00605e-07 0)
(1.14287e-07 -1.14442e-07 0)
(1.09954e-07 -1.26972e-07 0)
(1.04667e-07 -1.38748e-07 0)
(9.85214e-08 -1.49002e-07 0)
(9.15904e-08 -1.58219e-07 0)
(8.39255e-08 -1.65704e-07 0)
(7.55937e-08 -1.71904e-07 0)
(6.68341e-08 -1.76148e-07 0)
(5.78969e-08 -1.78649e-07 0)
(4.91682e-08 -1.78846e-07 0)
(3.97605e-08 -1.76908e-07 0)
(3.0582e-08 -1.71866e-07 0)
(2.2489e-08 -1.63366e-07 0)
(1.60472e-08 -1.50445e-07 0)
(9.04163e-09 -1.32164e-07 0)
(4.07087e-09 -1.07072e-07 0)
(1.56673e-09 -7.21038e-08 0)
(2.04584e-10 -3.12833e-08 0)
(-3.01366e-09 2.12304e-08 0)
(2.85727e-09 4.48402e-08 0)
(4.00914e-09 6.4816e-08 0)
(6.59343e-09 7.85405e-08 0)
(9.79041e-09 8.82699e-08 0)
(1.5155e-08 9.53594e-08 0)
(2.08959e-08 1.00622e-07 0)
(2.63997e-08 1.04665e-07 0)
(3.22881e-08 1.08105e-07 0)
(3.89378e-08 1.11042e-07 0)
(4.62805e-08 1.1381e-07 0)
(5.4083e-08 1.16222e-07 0)
(6.24557e-08 1.18535e-07 0)
(7.15271e-08 1.20298e-07 0)
(8.13599e-08 1.21789e-07 0)
(9.19622e-08 1.2237e-07 0)
(1.03224e-07 1.22638e-07 0)
(1.1509e-07 1.21646e-07 0)
(1.2749e-07 1.20008e-07 0)
(1.4029e-07 1.16841e-07 0)
(1.53343e-07 1.12995e-07 0)
(1.66397e-07 1.07453e-07 0)
(1.79292e-07 1.01224e-07 0)
(1.91749e-07 9.31107e-08 0)
(2.03625e-07 8.43061e-08 0)
(2.14676e-07 7.35406e-08 0)
(2.24805e-07 6.22284e-08 0)
(2.33823e-07 4.90786e-08 0)
(2.41631e-07 3.56835e-08 0)
(2.48056e-07 2.07019e-08 0)
(2.52962e-07 5.92316e-09 0)
(2.56196e-07 -1.00014e-08 0)
(2.5772e-07 -2.51383e-08 0)
(2.57513e-07 -4.08764e-08 0)
(2.55553e-07 -5.5305e-08 0)
(2.51825e-07 -7.0022e-08 0)
(2.46299e-07 -8.32467e-08 0)
(2.39028e-07 -9.66234e-08 0)
(2.30122e-07 -1.08383e-07 0)
(2.19744e-07 -1.20055e-07 0)
(2.07958e-07 -1.29999e-07 0)
(1.94962e-07 -1.39659e-07 0)
(1.80817e-07 -1.4743e-07 0)
(1.65643e-07 -1.54565e-07 0)
(1.49506e-07 -1.59644e-07 0)
(1.32788e-07 -1.63747e-07 0)
(1.15816e-07 -1.65549e-07 0)
(9.88042e-08 -1.65907e-07 0)
(8.13283e-08 -1.63627e-07 0)
(6.42021e-08 -1.59068e-07 0)
(4.86835e-08 -1.50903e-07 0)
(3.42967e-08 -1.39011e-07 0)
(2.17034e-08 -1.22585e-07 0)
(1.07051e-08 -9.91882e-08 0)
(3.68173e-09 -6.75206e-08 0)
(4.33148e-10 -3.00461e-08 0)
(-2.59106e-09 1.94451e-08 0)
(5.77678e-09 4.06134e-08 0)
(1.07836e-08 5.80719e-08 0)
(1.88836e-08 7.0369e-08 0)
(2.84576e-08 7.93909e-08 0)
(4.05356e-08 8.59793e-08 0)
(5.32675e-08 9.07783e-08 0)
(6.61957e-08 9.45245e-08 0)
(7.9704e-08 9.75069e-08 0)
(9.39824e-08 1.00081e-07 0)
(1.08794e-07 1.02298e-07 0)
(1.2416e-07 1.04347e-07 0)
(1.40035e-07 1.05932e-07 0)
(1.56566e-07 1.07209e-07 0)
(1.73569e-07 1.07842e-07 0)
(1.91133e-07 1.08105e-07 0)
(2.09036e-07 1.07546e-07 0)
(2.27346e-07 1.06433e-07 0)
(2.45747e-07 1.04175e-07 0)
(2.64241e-07 1.01267e-07 0)
(2.82489e-07 9.70658e-08 0)
(3.00395e-07 9.22775e-08 0)
(3.17514e-07 8.61415e-08 0)
(3.33761e-07 7.93491e-08 0)
(3.48761e-07 7.10282e-08 0)
(3.62428e-07 6.20457e-08 0)
(3.74455e-07 5.15415e-08 0)
(3.84761e-07 4.05451e-08 0)
(3.93066e-07 2.81516e-08 0)
(3.99315e-07 1.55153e-08 0)
(4.03301e-07 1.82823e-09 0)
(4.05027e-07 -1.1556e-08 0)
(4.04439e-07 -2.54686e-08 0)
(4.01535e-07 -3.8466e-08 0)
(3.96194e-07 -5.14896e-08 0)
(3.8837e-07 -6.32984e-08 0)
(3.78127e-07 -7.50352e-08 0)
(3.6555e-07 -8.55589e-08 0)
(3.50896e-07 -9.59146e-08 0)
(3.34178e-07 -1.05044e-07 0)
(3.15613e-07 -1.13862e-07 0)
(2.95345e-07 -1.21346e-07 0)
(2.73729e-07 -1.28329e-07 0)
(2.50722e-07 -1.33799e-07 0)
(2.26642e-07 -1.38445e-07 0)
(2.01695e-07 -1.41367e-07 0)
(1.76518e-07 -1.43126e-07 0)
(1.51053e-07 -1.42935e-07 0)
(1.25427e-07 -1.411e-07 0)
(1.00232e-07 -1.3669e-07 0)
(7.68387e-08 -1.2971e-07 0)
(5.51002e-08 -1.19465e-07 0)
(3.47657e-08 -1.05034e-07 0)
(1.83694e-08 -8.59811e-08 0)
(7.08239e-09 -5.8762e-08 0)
(1.46458e-09 -2.70464e-08 0)
(-3.48863e-09 1.64417e-08 0)
(9.37917e-09 3.3426e-08 0)
(1.7859e-08 4.749e-08 0)
(3.20272e-08 5.69481e-08 0)
(4.80221e-08 6.42868e-08 0)
(6.66584e-08 6.95299e-08 0)
(8.6432e-08 7.32614e-08 0)
(1.06699e-07 7.61582e-08 0)
(1.27755e-07 7.85318e-08 0)
(1.49558e-07 8.05635e-08 0)
(1.7204e-07 8.22529e-08 0)
(1.95022e-07 8.36948e-08 0)
(2.1859e-07 8.47501e-08 0)
(2.42575e-07 8.55078e-08 0)
(2.67026e-07 8.57749e-08 0)
(2.9169e-07 8.56946e-08 0)
(3.16603e-07 8.49938e-08 0)
(3.4144e-07 8.38225e-08 0)
(3.66175e-07 8.17965e-08 0)
(3.90436e-07 7.91931e-08 0)
(4.1421e-07 7.56272e-08 0)
(4.37063e-07 7.16071e-08 0)
(4.58808e-07 6.66753e-08 0)
(4.78977e-07 6.12034e-08 0)
(4.97468e-07 5.46081e-08 0)
(5.13884e-07 4.74302e-08 0)
(5.28127e-07 3.91387e-08 0)
(5.3983e-07 3.03977e-08 0)
(5.48898e-07 2.06397e-08 0)
(5.55017e-07 1.06196e-08 0)
(5.58211e-07 -2.13699e-11 0)
(5.58334e-07 -1.04823e-08 0)
(5.55481e-07 -2.12587e-08 0)
(5.49616e-07 -3.14038e-08 0)
(5.40665e-07 -4.14693e-08 0)
(5.28586e-07 -5.06542e-08 0)
(5.1342e-07 -5.96633e-08 0)
(4.9545e-07 -6.77946e-08 0)
(4.74756e-07 -7.58417e-08 0)
(4.51604e-07 -8.2983e-08 0)
(4.26048e-07 -8.98397e-08 0)
(3.9847e-07 -9.56446e-08 0)
(3.69039e-07 -1.01009e-07 0)
(3.38125e-07 -1.05192e-07 0)
(3.0578e-07 -1.08721e-07 0)
(2.72598e-07 -1.1089e-07 0)
(2.38882e-07 -1.12186e-07 0)
(2.05094e-07 -1.11995e-07 0)
(1.71074e-07 -1.10554e-07 0)
(1.37835e-07 -1.07064e-07 0)
(1.06354e-07 -1.01633e-07 0)
(7.69602e-08 -9.38267e-08 0)
(4.97115e-08 -8.30371e-08 0)
(2.63645e-08 -6.78129e-08 0)
(1.08914e-08 -4.701e-08 0)
(1.68136e-10 -2.24758e-08 0)
(-2.02008e-09 1.12026e-08 0)
(1.3754e-08 2.04892e-08 0)
(2.60176e-08 3.06699e-08 0)
(4.55712e-08 3.70621e-08 0)
(6.80148e-08 4.15722e-08 0)
(9.28863e-08 4.46197e-08 0)
(1.19335e-07 4.68596e-08 0)
(1.4686e-07 4.86888e-08 0)
(1.75378e-07 5.03201e-08 0)
(2.04777e-07 5.15774e-08 0)
(2.34845e-07 5.26928e-08 0)
(2.65535e-07 5.34829e-08 0)
(2.9672e-07 5.42076e-08 0)
(3.28362e-07 5.44864e-08 0)
(3.60236e-07 5.47117e-08 0)
(3.92264e-07 5.44245e-08 0)
(4.24205e-07 5.41242e-08 0)
(4.55916e-07 5.31063e-08 0)
(4.87047e-07 5.20178e-08 0)
(5.17399e-07 4.99817e-08 0)
(5.46654e-07 4.78104e-08 0)
(5.74682e-07 4.50083e-08 0)
(6.01067e-07 4.25521e-08 0)
(6.25534e-07 3.89821e-08 0)
(6.47698e-07 3.53946e-08 0)
(6.67317e-07 3.04996e-08 0)
(6.84007e-07 2.55614e-08 0)
(6.97523e-07 1.94426e-08 0)
(7.07696e-07 1.38448e-08 0)
(7.14018e-07 6.98975e-09 0)
(7.16432e-07 6.7293e-10 0)
(7.14914e-07 -6.80112e-09 0)
(7.09573e-07 -1.34654e-08 0)
(7.00449e-07 -2.05901e-08 0)
(6.87491e-07 -2.64042e-08 0)
(6.70753e-07 -3.26305e-08 0)
(6.50433e-07 -3.77321e-08 0)
(6.26736e-07 -4.34507e-08 0)
(6.00069e-07 -4.80293e-08 0)
(5.70397e-07 -5.29932e-08 0)
(5.37842e-07 -5.69183e-08 0)
(5.02747e-07 -6.10881e-08 0)
(4.65599e-07 -6.4026e-08 0)
(4.26571e-07 -6.70627e-08 0)
(3.86053e-07 -6.89085e-08 0)
(3.44391e-07 -7.0605e-08 0)
(3.02232e-07 -7.1031e-08 0)
(2.59856e-07 -7.12082e-08 0)
(2.17638e-07 -7.02575e-08 0)
(1.76267e-07 -6.85417e-08 0)
(1.36761e-07 -6.49004e-08 0)
(9.97788e-08 -5.95691e-08 0)
(6.58535e-08 -5.24553e-08 0)
(3.71883e-08 -4.36386e-08 0)
(1.70197e-08 -3.0373e-08 0)
(7.76739e-10 -1.54115e-08 0)
(1.94814e-09 3.9041e-09 0)
(1.33847e-08 1.13428e-08 0)
(3.27784e-08 1.49071e-08 0)
(5.74632e-08 1.66131e-08 0)
(8.54766e-08 1.89652e-08 0)
(1.16713e-07 2.07446e-08 0)
(1.49829e-07 2.17373e-08 0)
(1.84189e-07 2.23385e-08 0)
(2.19675e-07 2.28587e-08 0)
(2.56168e-07 2.3332e-08 0)
(2.93515e-07 2.3751e-08 0)
(3.31518e-07 2.40451e-08 0)
(3.70023e-07 2.42826e-08 0)
(4.08867e-07 2.4451e-08 0)
(4.47934e-07 2.45515e-08 0)
(4.86999e-07 2.44445e-08 0)
(5.25835e-07 2.41657e-08 0)
(5.64154e-07 2.36801e-08 0)
(6.01711e-07 2.30594e-08 0)
(6.38172e-07 2.22067e-08 0)
(6.72995e-07 2.07345e-08 0)
(7.05854e-07 1.9026e-08 0)
(7.36751e-07 1.7493e-08 0)
(7.65401e-07 1.57734e-08 0)
(7.91408e-07 1.37783e-08 0)
(8.14295e-07 1.14952e-08 0)
(8.33634e-07 9.11446e-09 0)
(8.4876e-07 6.32046e-09 0)
(8.59963e-07 3.11889e-09 0)
(8.66548e-07 3.84049e-10 0)
(8.68528e-07 -1.55985e-09 0)
(8.65992e-07 -3.57051e-09 0)
(8.58517e-07 -6.17381e-09 0)
(8.46158e-07 -9.0608e-09 0)
(8.29178e-07 -1.18285e-08 0)
(8.07953e-07 -1.43001e-08 0)
(7.82791e-07 -1.63398e-08 0)
(7.53893e-07 -1.84825e-08 0)
(7.21315e-07 -2.12473e-08 0)
(6.85142e-07 -2.38967e-08 0)
(6.45692e-07 -2.58412e-08 0)
(6.03462e-07 -2.74582e-08 0)
(5.58735e-07 -2.88965e-08 0)
(5.11866e-07 -3.00542e-08 0)
(4.63252e-07 -3.08989e-08 0)
(4.13458e-07 -3.13725e-08 0)
(3.63014e-07 -3.16196e-08 0)
(3.1235e-07 -3.15654e-08 0)
(2.61777e-07 -3.09683e-08 0)
(2.12279e-07 -2.95002e-08 0)
(1.65303e-07 -2.79339e-08 0)
(1.21241e-07 -2.70581e-08 0)
(8.04451e-08 -2.47818e-08 0)
(4.45236e-08 -1.98501e-08 0)
(1.88121e-08 -1.24462e-08 0)
(3.14762e-09 -5.50099e-09 0)
)
;

boundaryField
{
    top
    {
        type            slip;
    }
    bottom
    {
        type            slip;
    }
    rotatingWall
    {
        type            rotatingWallVelocity;
        origin          (0 0 0);
        axis            (0 1 0);
        omega           constant 1140;
        value           uniform (0 0 0);
    }
    wall
    {
        type            rotatingWallVelocity;
        origin          (0 0 0);
        axis            (0 1 0);
        omega           constant 0;
        value           uniform (0 -0 -0);
    }
    frontAndBack
    {
        type            empty;
    }
}


// ************************************************************************* //
