/*--------------------------------*- C++ -*----------------------------------*\
| =========                 |                                                 |
| \\      /  F ield         | OpenFOAM: The Open Source CFD Toolbox           |
|  \\    /   O peration     | Version:  5.0                                   |
|   \\  /    A nd           | Web:      www.OpenFOAM.org                      |
|    \\/     M anipulation  |                                                 |
\*---------------------------------------------------------------------------*/
FoamFile
{
    version     2.0;
    format      ascii;
    class       volVectorField;
    location    "489";
    object      U;
}
// * * * * * * * * * * * * * * * * * * * * * * * * * * * * * * * * * * * * * //

dimensions      [0 1 -1 0 0 0 0];

internalField   nonuniform List<vector> 
1568
(
(6.8207e-18 -1.60553e-17 0)
(5.70161e-17 -3.78597e-17 0)
(1.46839e-16 -5.62174e-17 0)
(2.70654e-16 -7.01753e-17 0)
(4.18126e-16 -8.15916e-17 0)
(5.86247e-16 -9.13425e-17 0)
(7.71266e-16 -9.89472e-17 0)
(9.69247e-16 -1.04824e-16 0)
(1.1771e-15 -1.0916e-16 0)
(1.39189e-15 -1.11987e-16 0)
(1.61076e-15 -1.13435e-16 0)
(1.83113e-15 -1.13599e-16 0)
(2.05064e-15 -1.12571e-16 0)
(2.26705e-15 -1.1043e-16 0)
(2.47826e-15 -1.07258e-16 0)
(2.68236e-15 -1.03128e-16 0)
(2.87758e-15 -9.81195e-17 0)
(3.06227e-15 -9.23048e-17 0)
(3.23496e-15 -8.57587e-17 0)
(3.39429e-15 -7.85531e-17 0)
(3.53906e-15 -7.07609e-17 0)
(3.66825e-15 -6.24257e-17 0)
(3.781e-15 -5.34525e-17 0)
(3.87565e-15 -4.24371e-17 0)
(3.95236e-15 -3.07023e-17 0)
(4.0113e-15 -2.01701e-17 0)
(4.05189e-15 -1.01838e-17 0)
(4.07205e-15 -2.72066e-18 0)
(4.07218e-15 2.63352e-18 0)
(4.05228e-15 1.00672e-17 0)
(4.01193e-15 2.0044e-17 0)
(3.95322e-15 3.05516e-17 0)
(3.87673e-15 4.22865e-17 0)
(3.7823e-15 5.33398e-17 0)
(3.66975e-15 6.23229e-17 0)
(3.54076e-15 7.06632e-17 0)
(3.39616e-15 7.84685e-17 0)
(3.23699e-15 8.56811e-17 0)
(3.06444e-15 9.22412e-17 0)
(2.87985e-15 9.80684e-17 0)
(2.68471e-15 1.0309e-16 0)
(2.48067e-15 1.0723e-16 0)
(2.26949e-15 1.10419e-16 0)
(2.05309e-15 1.12577e-16 0)
(1.83355e-15 1.13623e-16 0)
(1.6131e-15 1.1347e-16 0)
(1.39415e-15 1.12033e-16 0)
(1.17928e-15 1.09218e-16 0)
(9.71252e-16 1.04923e-16 0)
(7.73064e-16 9.90115e-17 0)
(5.87986e-16 9.13615e-17 0)
(4.19643e-16 8.18032e-17 0)
(2.71803e-16 7.01596e-17 0)
(1.48072e-16 5.60747e-17 0)
(5.85543e-17 3.77225e-17 0)
(7.66542e-18 1.56569e-17 0)
(1.84223e-18 -4.51068e-17 0)
(5.22111e-17 -1.06492e-16 0)
(1.31552e-16 -1.58205e-16 0)
(2.44128e-16 -1.99552e-16 0)
(3.81104e-16 -2.33639e-16 0)
(5.37134e-16 -2.6128e-16 0)
(7.0891e-16 -2.83332e-16 0)
(8.93263e-16 -3.00361e-16 0)
(1.08685e-15 -3.12766e-16 0)
(1.28682e-15 -3.20896e-16 0)
(1.49063e-15 -3.25045e-16 0)
(1.69589e-15 -3.25521e-16 0)
(1.90029e-15 -3.2257e-16 0)
(2.10174e-15 -3.16419e-16 0)
(2.29837e-15 -3.07306e-16 0)
(2.48835e-15 -2.95467e-16 0)
(2.67002e-15 -2.81099e-16 0)
(2.84189e-15 -2.64423e-16 0)
(3.00256e-15 -2.45642e-16 0)
(3.15076e-15 -2.2497e-16 0)
(3.28537e-15 -2.02602e-16 0)
(3.40535e-15 -1.78767e-16 0)
(3.50984e-15 -1.53719e-16 0)
(3.59818e-15 -1.27751e-16 0)
(3.67013e-15 -1.02133e-16 0)
(3.72504e-15 -7.56886e-17 0)
(3.76241e-15 -4.68843e-17 0)
(3.78116e-15 -1.59139e-17 0)
(3.78128e-15 1.55386e-17 0)
(3.76276e-15 4.65314e-17 0)
(3.7256e-15 7.53664e-17 0)
(3.6709e-15 1.0183e-16 0)
(3.59915e-15 1.27441e-16 0)
(3.51101e-15 1.53421e-16 0)
(3.4067e-15 1.78486e-16 0)
(3.28689e-15 2.02344e-16 0)
(3.15244e-15 2.24742e-16 0)
(3.00438e-15 2.4544e-16 0)
(2.84382e-15 2.64256e-16 0)
(2.67206e-15 2.80968e-16 0)
(2.49046e-15 2.95374e-16 0)
(2.30053e-15 3.07255e-16 0)
(2.10393e-15 3.16411e-16 0)
(1.90246e-15 3.22597e-16 0)
(1.69804e-15 3.25599e-16 0)
(1.49275e-15 3.25168e-16 0)
(1.28885e-15 3.21049e-16 0)
(1.08874e-15 3.12948e-16 0)
(8.95048e-16 3.00576e-16 0)
(7.10619e-16 2.83585e-16 0)
(5.38529e-16 2.61505e-16 0)
(3.82262e-16 2.33777e-16 0)
(2.45361e-16 1.99881e-16 0)
(1.32302e-16 1.58254e-16 0)
(5.27217e-17 1.06594e-16 0)
(2.15785e-18 4.45496e-17 0)
(6.3336e-19 -6.85487e-17 0)
(4.33694e-17 -1.6834e-16 0)
(1.14082e-16 -2.51974e-16 0)
(2.17101e-16 -3.19686e-16 0)
(3.41993e-16 -3.75031e-16 0)
(4.8577e-16 -4.20099e-16 0)
(6.4467e-16 -4.55838e-16 0)
(8.15152e-16 -4.83371e-16 0)
(9.94377e-16 -5.03397e-16 0)
(1.1797e-15 -5.16483e-16 0)
(1.36858e-15 -5.23152e-16 0)
(1.55874e-15 -5.23875e-16 0)
(1.74813e-15 -5.19072e-16 0)
(1.9348e-15 -5.09128e-16 0)
(2.11693e-15 -4.94434e-16 0)
(2.29287e-15 -4.75336e-16 0)
(2.46112e-15 -4.52187e-16 0)
(2.62025e-15 -4.25325e-16 0)
(2.76898e-15 -3.95085e-16 0)
(2.90616e-15 -3.61789e-16 0)
(3.03077e-15 -3.25767e-16 0)
(3.14186e-15 -2.87337e-16 0)
(3.23866e-15 -2.4684e-16 0)
(3.32059e-15 -2.04733e-16 0)
(3.38699e-15 -1.61597e-16 0)
(3.43702e-15 -1.17214e-16 0)
(3.47048e-15 -7.12057e-17 0)
(3.48734e-15 -2.40147e-17 0)
(3.48744e-15 2.3477e-17 0)
(3.47075e-15 7.0679e-17 0)
(3.43748e-15 1.16713e-16 0)
(3.38764e-15 1.61113e-16 0)
(3.32141e-15 2.04271e-16 0)
(3.23964e-15 2.46397e-16 0)
(3.143e-15 2.86927e-16 0)
(3.03206e-15 3.25387e-16 0)
(2.90758e-15 3.61456e-16 0)
(2.77051e-15 3.94792e-16 0)
(2.62188e-15 4.25083e-16 0)
(2.46283e-15 4.51998e-16 0)
(2.29465e-15 4.75203e-16 0)
(2.11875e-15 4.9436e-16 0)
(1.93664e-15 5.09121e-16 0)
(1.74997e-15 5.19123e-16 0)
(1.56056e-15 5.23996e-16 0)
(1.37034e-15 5.23336e-16 0)
(1.18139e-15 5.16717e-16 0)
(9.96003e-16 5.03686e-16 0)
(8.16654e-16 4.83723e-16 0)
(6.45974e-16 4.56185e-16 0)
(4.86927e-16 4.20414e-16 0)
(3.43112e-16 3.75462e-16 0)
(2.17703e-16 3.19968e-16 0)
(1.14597e-16 2.52158e-16 0)
(4.3755e-17 1.68578e-16 0)
(7.79498e-19 6.84684e-17 0)
(3.95471e-19 -8.74408e-17 0)
(3.75613e-17 -2.22093e-16 0)
(1.00052e-16 -3.34862e-16 0)
(1.92186e-16 -4.27762e-16 0)
(3.05761e-16 -5.03485e-16 0)
(4.36672e-16 -5.64834e-16 0)
(5.81918e-16 -6.1363e-16 0)
(7.38278e-16 -6.51102e-16 0)
(9.02915e-16 -6.78255e-16 0)
(1.07321e-15 -6.95982e-16 0)
(1.2469e-15 -7.05034e-16 0)
(1.42187e-15 -7.05999e-16 0)
(1.59612e-15 -6.99486e-16 0)
(1.76784e-15 -6.86058e-16 0)
(1.9354e-15 -6.66208e-16 0)
(2.09726e-15 -6.40423e-16 0)
(2.252e-15 -6.09193e-16 0)
(2.39834e-15 -5.72963e-16 0)
(2.53512e-15 -5.32192e-16 0)
(2.66126e-15 -4.87316e-16 0)
(2.77581e-15 -4.38788e-16 0)
(2.87795e-15 -3.8705e-16 0)
(2.96695e-15 -3.3256e-16 0)
(3.04219e-15 -2.75799e-16 0)
(3.10296e-15 -2.17292e-16 0)
(3.1486e-15 -1.57094e-16 0)
(3.17896e-15 -9.51758e-17 0)
(3.19417e-15 -3.20637e-17 0)
(3.19425e-15 3.13866e-17 0)
(3.17918e-15 9.45135e-17 0)
(3.14896e-15 1.56453e-16 0)
(3.10346e-15 2.16676e-16 0)
(3.04283e-15 2.75206e-16 0)
(2.96773e-15 3.31999e-16 0)
(2.87885e-15 3.86528e-16 0)
(2.77681e-15 4.38315e-16 0)
(2.66236e-15 4.86888e-16 0)
(2.53631e-15 5.31828e-16 0)
(2.39961e-15 5.72661e-16 0)
(2.25334e-15 6.08959e-16 0)
(2.09865e-15 6.40265e-16 0)
(1.93682e-15 6.66128e-16 0)
(1.76927e-15 6.86052e-16 0)
(1.59754e-15 6.99576e-16 0)
(1.42327e-15 7.06159e-16 0)
(1.24828e-15 7.05269e-16 0)
(1.07453e-15 6.96317e-16 0)
(9.04138e-16 6.78645e-16 0)
(7.394e-16 6.51516e-16 0)
(5.82936e-16 6.14122e-16 0)
(4.37576e-16 5.65373e-16 0)
(3.0638e-16 5.03946e-16 0)
(1.92737e-16 4.28105e-16 0)
(1.00409e-16 3.35483e-16 0)
(3.75917e-17 2.22183e-16 0)
(5.22984e-19 8.7669e-17 0)
(4.37509e-19 -1.04146e-16 0)
(3.2464e-17 -2.68738e-16 0)
(8.77853e-17 -4.0916e-16 0)
(1.69895e-16 -5.24615e-16 0)
(2.71539e-16 -6.19568e-16 0)
(3.89516e-16 -6.96497e-16 0)
(5.2098e-16 -7.5753e-16 0)
(6.62851e-16 -8.04347e-16 0)
(8.12485e-16 -8.38299e-16 0)
(9.67491e-16 -8.6046e-16 0)
(1.12571e-15 -8.71734e-16 0)
(1.28516e-15 -8.72981e-16 0)
(1.44399e-15 -8.64955e-16 0)
(1.60057e-15 -8.48322e-16 0)
(1.75336e-15 -8.2373e-16 0)
(1.90093e-15 -7.91818e-16 0)
(2.042e-15 -7.53154e-16 0)
(2.17541e-15 -7.0832e-16 0)
(2.30008e-15 -6.57872e-16 0)
(2.41503e-15 -6.02373e-16 0)
(2.51942e-15 -5.42358e-16 0)
(2.61246e-15 -4.78388e-16 0)
(2.69348e-15 -4.11008e-16 0)
(2.76188e-15 -3.40777e-16 0)
(2.81708e-15 -2.68197e-16 0)
(2.8586e-15 -1.93565e-16 0)
(2.88627e-15 -1.17115e-16 0)
(2.90013e-15 -3.94345e-17 0)
(2.90018e-15 3.86614e-17 0)
(2.88642e-15 1.16353e-16 0)
(2.85885e-15 1.92822e-16 0)
(2.81744e-15 2.67484e-16 0)
(2.76234e-15 3.40094e-16 0)
(2.69402e-15 4.10365e-16 0)
(2.61309e-15 4.77785e-16 0)
(2.52012e-15 5.41811e-16 0)
(2.41581e-15 6.01888e-16 0)
(2.30092e-15 6.57453e-16 0)
(2.17631e-15 7.07976e-16 0)
(2.04295e-15 7.52893e-16 0)
(1.9019e-15 7.91641e-16 0)
(1.75435e-15 8.23646e-16 0)
(1.60158e-15 8.4833e-16 0)
(1.445e-15 8.65056e-16 0)
(1.28614e-15 8.73189e-16 0)
(1.12667e-15 8.72031e-16 0)
(9.68402e-16 8.60833e-16 0)
(8.13315e-16 8.38762e-16 0)
(6.63653e-16 8.04892e-16 0)
(5.21695e-16 7.58105e-16 0)
(3.90032e-16 6.97077e-16 0)
(2.71968e-16 6.20209e-16 0)
(1.70301e-16 5.25302e-16 0)
(8.78827e-17 4.09538e-16 0)
(3.25655e-17 2.69262e-16 0)
(3.69566e-19 1.04326e-16 0)
(2.44012e-19 -1.1869e-16 0)
(2.82511e-17 -3.10037e-16 0)
(7.66569e-17 -4.74442e-16 0)
(1.49073e-16 -6.1098e-16 0)
(2.39099e-16 -7.23455e-16 0)
(3.44225e-16 -8.14705e-16 0)
(4.61728e-16 -8.87195e-16 0)
(5.8885e-16 -9.42813e-16 0)
(7.23208e-16 -9.83117e-16 0)
(8.62603e-16 -1.00943e-15 0)
(1.00502e-15 -1.02287e-15 0)
(1.14864e-15 -1.02445e-15 0)
(1.29177e-15 -1.01507e-15 0)
(1.4329e-15 -9.95552e-16 0)
(1.57062e-15 -9.66688e-16 0)
(1.70365e-15 -9.29196e-16 0)
(1.83083e-15 -8.83781e-16 0)
(1.95108e-15 -8.31128e-16 0)
(2.06344e-15 -7.71895e-16 0)
(2.16704e-15 -7.06727e-16 0)
(2.26109e-15 -6.36271e-16 0)
(2.34489e-15 -5.61163e-16 0)
(2.41783e-15 -4.82029e-16 0)
(2.47936e-15 -3.99485e-16 0)
(2.52901e-15 -3.14108e-16 0)
(2.56639e-15 -2.26381e-16 0)
(2.59134e-15 -1.36797e-16 0)
(2.60383e-15 -4.60133e-17 0)
(2.60386e-15 4.51799e-17 0)
(2.59143e-15 1.35978e-16 0)
(2.56654e-15 2.25585e-16 0)
(2.52922e-15 3.13339e-16 0)
(2.47963e-15 3.98751e-16 0)
(2.41815e-15 4.81339e-16 0)
(2.34527e-15 5.60525e-16 0)
(2.26151e-15 6.3569e-16 0)
(2.16751e-15 7.06214e-16 0)
(2.06395e-15 7.71452e-16 0)
(1.95162e-15 8.30767e-16 0)
(1.83139e-15 8.83508e-16 0)
(1.70424e-15 9.29015e-16 0)
(1.57122e-15 9.66606e-16 0)
(1.4335e-15 9.95576e-16 0)
(1.29237e-15 1.01519e-15 0)
(1.14922e-15 1.02468e-15 0)
(1.00559e-15 1.0232e-15 0)
(8.63142e-16 1.00985e-15 0)
(7.23728e-16 9.83634e-16 0)
(5.89288e-16 9.43402e-16 0)
(4.62083e-16 8.87831e-16 0)
(3.44617e-16 8.15393e-16 0)
(2.3939e-16 7.2414e-16 0)
(1.49099e-16 6.11646e-16 0)
(7.68127e-17 4.75049e-16 0)
(2.83838e-17 3.10557e-16 0)
(2.767e-19 1.18852e-16 0)
(1.9954e-19 -1.31206e-16 0)
(2.44291e-17 -3.46006e-16 0)
(6.63826e-17 -5.31599e-16 0)
(1.29409e-16 -6.86813e-16 0)
(2.08218e-16 -8.1505e-16 0)
(3.00483e-16 -9.19386e-16 0)
(4.03954e-16 -1.00238e-15 0)
(5.16223e-16 -1.06609e-15 0)
(6.35093e-16 -1.11228e-15 0)
(7.58588e-16 -1.14247e-15 0)
(8.84905e-16 -1.15796e-15 0)
(1.01238e-15 -1.15991e-15 0)
(1.13948e-15 -1.14938e-15 0)
(1.26485e-15 -1.12732e-15 0)
(1.38721e-15 -1.09463e-15 0)
(1.50542e-15 -1.05215e-15 0)
(1.61843e-15 -1.0007e-15 0)
(1.72528e-15 -9.41035e-16 0)
(1.82511e-15 -8.73922e-16 0)
(1.91714e-15 -8.00092e-16 0)
(2.00067e-15 -7.20275e-16 0)
(2.07508e-15 -6.35183e-16 0)
(2.13983e-15 -5.45516e-16 0)
(2.19443e-15 -4.51963e-16 0)
(2.23848e-15 -3.55191e-16 0)
(2.27167e-15 -2.55813e-16 0)
(2.29385e-15 -1.54478e-16 0)
(2.30495e-15 -5.19157e-17 0)
(2.30497e-15 5.10656e-17 0)
(2.29389e-15 1.53638e-16 0)
(2.27173e-15 2.54994e-16 0)
(2.23856e-15 3.54401e-16 0)
(2.19453e-15 4.51212e-16 0)
(2.13996e-15 5.44808e-16 0)
(2.07523e-15 6.34528e-16 0)
(2.00084e-15 7.19681e-16 0)
(1.91732e-15 7.99566e-16 0)
(1.82531e-15 8.73474e-16 0)
(1.72549e-15 9.40673e-16 0)
(1.61865e-15 1.00043e-15 0)
(1.50565e-15 1.05198e-15 0)
(1.38745e-15 1.09456e-15 0)
(1.26508e-15 1.12735e-15 0)
(1.13972e-15 1.14952e-15 0)
(1.01261e-15 1.16016e-15 0)
(8.85135e-16 1.15831e-15 0)
(7.58803e-16 1.14292e-15 0)
(6.35273e-16 1.11283e-15 0)
(5.1641e-16 1.0667e-15 0)
(4.04138e-16 1.00307e-15 0)
(3.00546e-16 9.20123e-16 0)
(2.08273e-16 8.15766e-16 0)
(1.29567e-16 6.87507e-16 0)
(6.63828e-17 5.32272e-16 0)
(2.43663e-17 3.46423e-16 0)
(2.3925e-19 1.31435e-16 0)
(1.91805e-19 -1.42001e-16 0)
(2.07987e-17 -3.76853e-16 0)
(5.66743e-17 -5.80987e-16 0)
(1.10698e-16 -7.52443e-16 0)
(1.78458e-16 -8.94684e-16 0)
(2.58046e-16 -1.0107e-15 0)
(3.47549e-16 -1.10308e-15 0)
(4.44858e-16 -1.17409e-15 0)
(5.48071e-16 -1.22563e-15 0)
(6.5546e-16 -1.25937e-15 0)
(7.65416e-16 -1.27677e-15 0)
(8.76451e-16 -1.27913e-15 0)
(9.8723e-16 -1.26763e-15 0)
(1.09654e-15 -1.24337e-15 0)
(1.20325e-15 -1.20733e-15 0)
(1.30635e-15 -1.16047e-15 0)
(1.40492e-15 -1.10369e-15 0)
(1.49812e-15 -1.03785e-15 0)
(1.58518e-15 -9.63787e-16 0)
(1.66544e-15 -8.82318e-16 0)
(1.73827e-15 -7.94239e-16 0)
(1.80314e-15 -7.00336e-16 0)
(1.85956e-15 -6.01387e-16 0)
(1.90714e-15 -4.98148e-16 0)
(1.94553e-15 -3.9136e-16 0)
(1.97448e-15 -2.81754e-16 0)
(1.99384e-15 -1.70074e-16 0)
(2.00353e-15 -5.7114e-17 0)
(2.00352e-15 5.62797e-17 0)
(1.99382e-15 1.69248e-16 0)
(1.97446e-15 2.80948e-16 0)
(1.9455e-15 3.90582e-16 0)
(1.9071e-15 4.97406e-16 0)
(1.85952e-15 6.0069e-16 0)
(1.80309e-15 6.99693e-16 0)
(1.73821e-15 7.93657e-16 0)
(1.66538e-15 8.81805e-16 0)
(1.58512e-15 9.63353e-16 0)
(1.49805e-15 1.0375e-15 0)
(1.40485e-15 1.10343e-15 0)
(1.30628e-15 1.16031e-15 0)
(1.20317e-15 1.20727e-15 0)
(1.09646e-15 1.24341e-15 0)
(9.8716e-16 1.26779e-15 0)
(8.7638e-16 1.27939e-15 0)
(7.65343e-16 1.27713e-15 0)
(6.55401e-16 1.25983e-15 0)
(5.48028e-16 1.22618e-15 0)
(4.44798e-16 1.17472e-15 0)
(3.47482e-16 1.10377e-15 0)
(2.58045e-16 1.01141e-15 0)
(1.78443e-16 8.95448e-16 0)
(1.10595e-16 7.5315e-16 0)
(5.66796e-17 5.81585e-16 0)
(2.08475e-17 3.7733e-16 0)
(1.8112e-19 1.42209e-16 0)
(1.4048e-19 -1.51126e-16 0)
(1.73628e-17 -4.02977e-16 0)
(4.73808e-17 -6.22835e-16 0)
(9.26843e-17 -8.08259e-16 0)
(1.49642e-16 -9.62565e-16 0)
(2.16712e-16 -1.08869e-15 0)
(2.92296e-16 -1.18931e-15 0)
(3.74618e-16 -1.26675e-15 0)
(4.62084e-16 -1.32302e-15 0)
(5.53191e-16 -1.35992e-15 0)
(6.46558e-16 -1.37906e-15 0)
(7.40925e-16 -1.38184e-15 0)
(8.3512e-16 -1.36956e-15 0)
(9.28087e-16 -1.34342e-15 0)
(1.01888e-15 -1.30452e-15 0)
(1.10661e-15 -1.25389e-15 0)
(1.19049e-15 -1.19252e-15 0)
(1.26979e-15 -1.12135e-15 0)
(1.34388e-15 -1.04129e-15 0)
(1.41216e-15 -9.53215e-16 0)
(1.47412e-15 -8.58002e-16 0)
(1.5293e-15 -7.56498e-16 0)
(1.57729e-15 -6.49537e-16 0)
(1.61775e-15 -5.37944e-16 0)
(1.6504e-15 -4.22534e-16 0)
(1.67503e-15 -3.04118e-16 0)
(1.6915e-15 -1.83518e-16 0)
(1.69975e-15 -6.15875e-17 0)
(1.69973e-15 6.07919e-17 0)
(1.69145e-15 1.82734e-16 0)
(1.67494e-15 3.03353e-16 0)
(1.65027e-15 4.21796e-16 0)
(1.61759e-15 5.37242e-16 0)
(1.5771e-15 6.48879e-16 0)
(1.52908e-15 7.55892e-16 0)
(1.47388e-15 8.57456e-16 0)
(1.41189e-15 9.52736e-16 0)
(1.34359e-15 1.04088e-15 0)
(1.26948e-15 1.12102e-15 0)
(1.19016e-15 1.19228e-15 0)
(1.10627e-15 1.25375e-15 0)
(1.01854e-15 1.30447e-15 0)
(9.27749e-16 1.34347e-15 0)
(8.34785e-16 1.36971e-15 0)
(7.40603e-16 1.38209e-15 0)
(6.46256e-16 1.37942e-15 0)
(5.52901e-16 1.36038e-15 0)
(4.61814e-16 1.32355e-15 0)
(3.74393e-16 1.26736e-15 0)
(2.92109e-16 1.18999e-15 0)
(2.1652e-16 1.0894e-15 0)
(1.49496e-16 9.63253e-16 0)
(9.26538e-17 8.08932e-16 0)
(4.73283e-17 6.23438e-16 0)
(1.73178e-17 4.03394e-16 0)
(1.55007e-19 1.51306e-16 0)
(1.12585e-19 -1.58625e-16 0)
(1.40627e-17 -4.24521e-16 0)
(3.84083e-17 -6.57391e-16 0)
(7.52199e-17 -8.54437e-16 0)
(1.21582e-16 -1.01885e-15 0)
(1.76269e-16 -1.1535e-15 0)
(2.38007e-16 -1.26109e-15 0)
(3.05359e-16 -1.34399e-15 0)
(3.77004e-16 -1.4043e-15 0)
(4.51705e-16 -1.44394e-15 0)
(5.28332e-16 -1.4646e-15 0)
(6.05822e-16 -1.46776e-15 0)
(6.83204e-16 -1.45486e-15 0)
(7.59605e-16 -1.42719e-15 0)
(8.34237e-16 -1.38591e-15 0)
(9.06364e-16 -1.33214e-15 0)
(9.75326e-16 -1.26693e-15 0)
(1.04053e-15 -1.19129e-15 0)
(1.10144e-15 -1.10619e-15 0)
(1.15758e-15 -1.01259e-15 0)
(1.20851e-15 -9.11397e-16 0)
(1.25386e-15 -8.0352e-16 0)
(1.2933e-15 -6.89848e-16 0)
(1.32654e-15 -5.71263e-16 0)
(1.35338e-15 -4.4864e-16 0)
(1.37362e-15 -3.22851e-16 0)
(1.38716e-15 -1.94778e-16 0)
(1.39393e-15 -6.53235e-17 0)
(1.39391e-15 6.45964e-17 0)
(1.38708e-15 1.94059e-16 0)
(1.37347e-15 3.22148e-16 0)
(1.35317e-15 4.47963e-16 0)
(1.32628e-15 5.7062e-16 0)
(1.29298e-15 6.89245e-16 0)
(1.25349e-15 8.02966e-16 0)
(1.2081e-15 9.10898e-16 0)
(1.15713e-15 1.01215e-15 0)
(1.10096e-15 1.10583e-15 0)
(1.04002e-15 1.191e-15 0)
(9.74794e-16 1.26672e-15 0)
(9.05816e-16 1.33201e-15 0)
(8.33681e-16 1.38588e-15 0)
(7.59049e-16 1.42725e-15 0)
(6.82657e-16 1.45502e-15 0)
(6.05293e-16 1.46801e-15 0)
(5.27827e-16 1.46493e-15 0)
(4.51232e-16 1.44436e-15 0)
(3.76582e-16 1.40481e-15 0)
(3.04979e-16 1.34456e-15 0)
(2.37671e-16 1.26171e-15 0)
(1.76023e-16 1.15415e-15 0)
(1.21402e-16 1.01951e-15 0)
(7.50488e-17 8.55051e-16 0)
(3.83472e-17 6.57905e-16 0)
(1.40668e-17 4.24922e-16 0)
(1.16099e-19 1.58784e-16 0)
(8.40307e-20 -1.64571e-16 0)
(1.08626e-17 -4.41626e-16 0)
(2.96861e-17 -6.84852e-16 0)
(5.81722e-17 -8.91192e-16 0)
(9.40995e-17 -1.06371e-15 0)
(1.36542e-16 -1.20524e-15 0)
(1.84511e-16 -1.31847e-15 0)
(2.36909e-16 -1.40581e-15 0)
(2.92701e-16 -1.46943e-15 0)
(3.50905e-16 -1.5113e-15 0)
(4.10676e-16 -1.53325e-15 0)
(4.71114e-16 -1.53677e-15 0)
(5.31504e-16 -1.52336e-15 0)
(5.91146e-16 -1.49449e-15 0)
(6.49435e-16 -1.45131e-15 0)
(7.05762e-16 -1.39501e-15 0)
(7.59617e-16 -1.32672e-15 0)
(8.10538e-16 -1.24749e-15 0)
(8.58104e-16 -1.15835e-15 0)
(9.01938e-16 -1.0603e-15 0)
(9.41705e-16 -9.54293e-16 0)
(9.7711e-16 -8.41292e-16 0)
(1.0079e-15 -7.22228e-16 0)
(1.03385e-15 -5.98027e-16 0)
(1.0548e-15 -4.69609e-16 0)
(1.0706e-15 -3.37898e-16 0)
(1.08117e-15 -2.0382e-16 0)
(1.08644e-15 -6.83142e-17 0)
(1.0864e-15 6.76724e-17 0)
(1.08105e-15 2.03186e-16 0)
(1.0704e-15 3.37279e-16 0)
(1.05452e-15 4.69012e-16 0)
(1.03351e-15 5.97459e-16 0)
(1.00748e-15 7.21697e-16 0)
(9.76631e-16 8.40805e-16 0)
(9.41167e-16 9.53858e-16 0)
(9.01348e-16 1.05992e-15 0)
(8.57468e-16 1.15803e-15 0)
(8.09864e-16 1.24724e-15 0)
(7.58914e-16 1.32654e-15 0)
(7.05038e-16 1.39491e-15 0)
(6.487e-16 1.45129e-15 0)
(5.90414e-16 1.49455e-15 0)
(5.30784e-16 1.52351e-15 0)
(4.70412e-16 1.537e-15 0)
(4.10013e-16 1.53356e-15 0)
(3.50293e-16 1.51168e-15 0)
(2.92134e-16 1.46988e-15 0)
(2.3641e-16 1.40632e-15 0)
(1.84106e-16 1.31903e-15 0)
(1.36203e-16 1.20581e-15 0)
(9.38268e-17 1.06427e-15 0)
(5.80255e-17 8.91736e-16 0)
(2.96057e-17 6.85335e-16 0)
(1.08125e-17 4.41946e-16 0)
(9.12747e-20 1.64714e-16 0)
(5.80697e-20 -1.69004e-16 0)
(7.73373e-18 -4.54386e-16 0)
(2.11384e-17 -7.0536e-16 0)
(4.14365e-17 -9.18668e-16 0)
(6.70616e-17 -1.09728e-15 0)
(9.73531e-17 -1.244e-15 0)
(1.31617e-16 -1.3615e-15 0)
(1.69081e-16 -1.45222e-15 0)
(2.09006e-16 -1.51837e-15 0)
(2.50639e-16 -1.56197e-15 0)
(2.93506e-16 -1.58491e-15 0)
(3.367e-16 -1.5887e-15 0)
(3.80046e-16 -1.57496e-15 0)
(4.22749e-16 -1.54517e-15 0)
(4.64537e-16 -1.50055e-15 0)
(5.04909e-16 -1.44235e-15 0)
(5.43504e-16 -1.37172e-15 0)
(5.79997e-16 -1.28979e-15 0)
(6.14084e-16 -1.19761e-15 0)
(6.45494e-16 -1.0962e-15 0)
(6.73987e-16 -9.86576e-16 0)
(6.99352e-16 -8.69715e-16 0)
(7.21405e-16 -7.4659e-16 0)
(7.39995e-16 -6.1816e-16 0)
(7.54993e-16 -4.85382e-16 0)
(7.66305e-16 -3.49213e-16 0)
(7.73865e-16 -2.10614e-16 0)
(7.77631e-16 -7.05487e-17 0)
(7.77584e-16 7.00066e-17 0)
(7.73724e-16 2.10078e-16 0)
(7.6607e-16 3.48692e-16 0)
(7.54666e-16 4.84881e-16 0)
(7.39581e-16 6.17684e-16 0)
(7.2091e-16 7.46147e-16 0)
(6.9878e-16 8.6931e-16 0)
(6.73345e-16 9.86213e-16 0)
(6.44788e-16 1.09589e-15 0)
(6.13325e-16 1.19735e-15 0)
(5.79193e-16 1.28959e-15 0)
(5.42665e-16 1.37158e-15 0)
(5.04047e-16 1.44227e-15 0)
(4.63662e-16 1.50055e-15 0)
(4.21876e-16 1.54523e-15 0)
(3.79188e-16 1.57509e-15 0)
(3.35869e-16 1.5889e-15 0)
(2.92719e-16 1.58518e-15 0)
(2.49903e-16 1.56229e-15 0)
(2.08345e-16 1.51875e-15 0)
(1.68508e-16 1.45266e-15 0)
(1.31111e-16 1.36196e-15 0)
(9.69476e-17 1.24448e-15 0)
(6.67903e-17 1.09777e-15 0)
(4.12351e-17 9.1911e-16 0)
(2.10193e-17 7.05734e-16 0)
(7.7012e-18 4.54675e-16 0)
(5.82274e-20 1.69119e-16 0)
(3.32369e-20 -1.71955e-16 0)
(4.65281e-18 -4.62874e-16 0)
(1.27129e-17 -7.19015e-16 0)
(2.49156e-17 -9.36963e-16 0)
(4.03216e-17 -1.11965e-15 0)
(5.85325e-17 -1.26984e-15 0)
(7.91371e-17 -1.39022e-15 0)
(1.01678e-16 -1.48322e-15 0)
(1.25687e-16 -1.55107e-15 0)
(1.50715e-16 -1.59582e-15 0)
(1.77008e-16 -1.61919e-15 0)
(2.02179e-16 -1.62305e-15 0)
(2.28816e-16 -1.60942e-15 0)
(2.5446e-16 -1.57904e-15 0)
(2.79599e-16 -1.53347e-15 0)
(3.03888e-16 -1.47399e-15 0)
(3.27103e-16 -1.40181e-15 0)
(3.49061e-16 -1.31807e-15 0)
(3.69572e-16 -1.22385e-15 0)
(3.88468e-16 -1.1202e-15 0)
(4.05607e-16 -1.00815e-15 0)
(4.20862e-16 -8.88708e-16 0)
(4.3412e-16 -7.62866e-16 0)
(4.4529e-16 -6.31607e-16 0)
(4.54299e-16 -4.95914e-16 0)
(4.61089e-16 -3.56763e-16 0)
(4.65619e-16 -2.15137e-16 0)
(4.67863e-16 -7.20213e-17 0)
(4.67808e-16 7.15923e-17 0)
(4.65458e-16 2.14713e-16 0)
(4.60825e-16 3.56349e-16 0)
(4.53934e-16 4.95516e-16 0)
(4.44828e-16 6.31232e-16 0)
(4.33564e-16 7.62516e-16 0)
(4.20219e-16 8.8839e-16 0)
(4.04887e-16 1.00787e-15 0)
(3.87678e-16 1.11996e-15 0)
(3.6872e-16 1.22365e-15 0)
(3.4816e-16 1.31792e-15 0)
(3.26164e-16 1.40171e-15 0)
(3.02923e-16 1.47394e-15 0)
(2.78621e-16 1.53348e-15 0)
(2.53484e-16 1.5791e-15 0)
(2.27856e-16 1.60953e-15 0)
(2.01244e-16 1.62321e-15 0)
(1.76129e-16 1.6194e-15 0)
(1.499e-16 1.59608e-15 0)
(1.24947e-16 1.55138e-15 0)
(1.01017e-16 1.48356e-15 0)
(7.85978e-17 1.39059e-15 0)
(5.81134e-17 1.27023e-15 0)
(3.99637e-17 1.12001e-15 0)
(2.46856e-17 9.3732e-16 0)
(1.26172e-17 7.19334e-16 0)
(4.599e-18 4.63085e-16 0)
(3.72917e-20 1.72051e-16 0)
(1.43944e-20 -1.73439e-16 0)
(1.59876e-18 -4.67146e-16 0)
(4.35874e-18 -7.25879e-16 0)
(8.51804e-18 -9.4616e-16 0)
(1.37548e-17 -1.13089e-15 0)
(1.99306e-17 -1.28282e-15 0)
(2.68998e-17 -1.40463e-15 0)
(3.45172e-17 -1.49874e-15 0)
(4.25947e-17 -1.56746e-15 0)
(5.08202e-17 -1.61283e-15 0)
(5.97356e-17 -1.63671e-15 0)
(6.83974e-17 -1.64106e-15 0)
(7.8026e-17 -1.62684e-15 0)
(8.61813e-17 -1.59599e-15 0)
(9.45696e-17 -1.54991e-15 0)
(1.0272e-16 -1.48983e-15 0)
(1.105e-16 -1.41689e-15 0)
(1.17861e-16 -1.33225e-15 0)
(1.24737e-16 -1.237e-15 0)
(1.31069e-16 -1.13223e-15 0)
(1.36805e-16 -1.01896e-15 0)
(1.41904e-16 -8.98219e-16 0)
(1.4633e-16 -7.71011e-16 0)
(1.50052e-16 -6.38331e-16 0)
(1.53046e-16 -5.01171e-16 0)
(1.55292e-16 -3.60523e-16 0)
(1.56776e-16 -2.17376e-16 0)
(1.57491e-16 -7.27302e-17 0)
(1.57434e-16 7.24193e-17 0)
(1.56605e-16 2.17071e-16 0)
(1.55008e-16 3.60226e-16 0)
(1.52654e-16 5.00886e-16 0)
(1.49556e-16 6.38062e-16 0)
(1.45735e-16 7.70761e-16 0)
(1.41217e-16 8.97993e-16 0)
(1.36033e-16 1.01876e-15 0)
(1.30222e-16 1.13206e-15 0)
(1.23826e-16 1.23687e-15 0)
(1.16897e-16 1.33215e-15 0)
(1.09494e-16 1.41683e-15 0)
(1.01686e-16 1.48981e-15 0)
(9.35236e-17 1.54992e-15 0)
(8.51379e-17 1.59605e-15 0)
(7.70025e-17 1.62693e-15 0)
(6.74052e-17 1.64119e-15 0)
(5.87948e-17 1.63687e-15 0)
(4.99426e-17 1.61302e-15 0)
(4.18034e-17 1.56768e-15 0)
(3.38354e-17 1.49899e-15 0)
(2.63056e-17 1.40488e-15 0)
(1.94309e-17 1.28309e-15 0)
(1.34253e-17 1.13116e-15 0)
(8.3026e-18 9.46408e-16 0)
(4.1956e-18 7.26082e-16 0)
(1.53389e-18 4.67318e-16 0)
(1.01463e-20 1.73505e-16 0)
(-1.17051e-20 -1.7347e-16 0)
(-1.43962e-18 -4.67219e-16 0)
(-3.97314e-18 -7.25985e-16 0)
(-7.84368e-18 -9.46292e-16 0)
(-1.27557e-17 -1.13103e-15 0)
(-1.8594e-17 -1.28297e-15 0)
(-2.52244e-17 -1.40478e-15 0)
(-3.24986e-17 -1.49889e-15 0)
(-4.02494e-17 -1.56761e-15 0)
(-4.81697e-17 -1.61296e-15 0)
(-5.67788e-17 -1.63684e-15 0)
(-6.5173e-17 -1.64118e-15 0)
(-7.45421e-17 -1.62695e-15 0)
(-8.24666e-17 -1.59609e-15 0)
(-9.06506e-17 -1.54999e-15 0)
(-9.86221e-17 -1.4899e-15 0)
(-1.06248e-16 -1.41695e-15 0)
(-1.13481e-16 -1.3323e-15 0)
(-1.20254e-16 -1.23704e-15 0)
(-1.26507e-16 -1.13225e-15 0)
(-1.32189e-16 -1.01897e-15 0)
(-1.37258e-16 -8.98219e-16 0)
(-1.41676e-16 -7.71e-16 0)
(-1.45414e-16 -6.3831e-16 0)
(-1.48445e-16 -5.01141e-16 0)
(-1.50749e-16 -3.60483e-16 0)
(-1.52313e-16 -2.17328e-16 0)
(-1.53127e-16 -7.26716e-17 0)
(-1.53186e-16 7.2485e-17 0)
(-1.52489e-16 2.17143e-16 0)
(-1.51042e-16 3.60304e-16 0)
(-1.4885e-16 5.00971e-16 0)
(-1.45927e-16 6.38152e-16 0)
(-1.42292e-16 7.70857e-16 0)
(-1.37968e-16 8.9809e-16 0)
(-1.32986e-16 1.01886e-15 0)
(-1.27382e-16 1.13216e-15 0)
(-1.21196e-16 1.23697e-15 0)
(-1.14478e-16 1.33225e-15 0)
(-1.07287e-16 1.41693e-15 0)
(-9.96895e-17 1.4899e-15 0)
(-9.17321e-17 1.55002e-15 0)
(-8.3545e-17 1.59613e-15 0)
(-7.56034e-17 1.62702e-15 0)
(-6.61936e-17 1.64126e-15 0)
(-5.77501e-17 1.63694e-15 0)
(-4.90638e-17 1.61308e-15 0)
(-4.10674e-17 1.56774e-15 0)
(-3.32359e-17 1.49903e-15 0)
(-2.58288e-17 1.40493e-15 0)
(-1.9052e-17 1.28312e-15 0)
(-1.31557e-17 1.13117e-15 0)
(-8.13052e-18 9.46436e-16 0)
(-4.08202e-18 7.26121e-16 0)
(-1.49766e-18 4.67312e-16 0)
(-1.42095e-20 1.73513e-16 0)
(-3.47406e-20 -1.72046e-16 0)
(-4.49427e-18 -4.63095e-16 0)
(-1.23382e-17 -7.19332e-16 0)
(-2.42566e-17 -9.37346e-16 0)
(-3.93457e-17 -1.12007e-15 0)
(-5.72331e-17 -1.27029e-15 0)
(-7.75088e-17 -1.39066e-15 0)
(-9.97185e-17 -1.48366e-15 0)
(-1.2341e-16 -1.5515e-15 0)
(-1.48134e-16 -1.59622e-15 0)
(-1.7414e-16 -1.61956e-15 0)
(-1.99035e-16 -1.62339e-15 0)
(-2.25439e-16 -1.60973e-15 0)
(-2.50863e-16 -1.57933e-15 0)
(-2.75806e-16 -1.53372e-15 0)
(-2.99924e-16 -1.4742e-15 0)
(-3.22991e-16 -1.40198e-15 0)
(-3.44824e-16 -1.31821e-15 0)
(-3.65235e-16 -1.22395e-15 0)
(-3.84056e-16 -1.12027e-15 0)
(-4.01142e-16 -1.00819e-15 0)
(-4.16366e-16 -8.88711e-16 0)
(-4.29619e-16 -7.62836e-16 0)
(-4.40805e-16 -6.31547e-16 0)
(-4.49849e-16 -4.95823e-16 0)
(-4.56696e-16 -3.56643e-16 0)
(-4.61301e-16 -2.1499e-16 0)
(-4.6364e-16 -7.1851e-17 0)
(-4.637e-16 7.17869e-17 0)
(-4.61478e-16 2.14928e-16 0)
(-4.56988e-16 3.56585e-16 0)
(-4.50254e-16 4.95769e-16 0)
(-4.41316e-16 6.31498e-16 0)
(-4.30233e-16 7.62794e-16 0)
(-4.17077e-16 8.88678e-16 0)
(-4.0194e-16 1.00816e-15 0)
(-3.84931e-16 1.12025e-15 0)
(-3.66177e-16 1.22395e-15 0)
(-3.45822e-16 1.31821e-15 0)
(-3.24031e-16 1.402e-15 0)
(-3.00992e-16 1.47422e-15 0)
(-2.76888e-16 1.53375e-15 0)
(-2.51944e-16 1.57936e-15 0)
(-2.26502e-16 1.60977e-15 0)
(-2.00059e-16 1.62344e-15 0)
(-1.75117e-16 1.61961e-15 0)
(-1.49049e-16 1.59626e-15 0)
(-1.24235e-16 1.55154e-15 0)
(-1.00429e-16 1.48369e-15 0)
(-7.81365e-17 1.3907e-15 0)
(-5.77755e-17 1.27032e-15 0)
(-3.96988e-17 1.12011e-15 0)
(-2.44789e-17 9.37371e-16 0)
(-1.25307e-17 7.19364e-16 0)
(-4.58695e-18 4.63132e-16 0)
(-3.82518e-20 1.72063e-16 0)
(-5.58454e-20 -1.69153e-16 0)
(-7.58158e-18 -4.54742e-16 0)
(-2.07755e-17 -7.0588e-16 0)
(-4.08118e-17 -9.19288e-16 0)
(-6.61395e-17 -1.09796e-15 0)
(-9.61241e-17 -1.24472e-15 0)
(-1.30085e-16 -1.36223e-15 0)
(-1.67242e-16 -1.45294e-15 0)
(-2.06872e-16 -1.51905e-15 0)
(-2.48223e-16 -1.56262e-15 0)
(-2.90826e-16 -1.58552e-15 0)
(-3.33774e-16 -1.58926e-15 0)
(-3.76896e-16 -1.57546e-15 0)
(-4.19393e-16 -1.54562e-15 0)
(-4.61e-16 -1.50095e-15 0)
(-5.01212e-16 -1.44268e-15 0)
(-5.39669e-16 -1.372e-15 0)
(-5.76048e-16 -1.29001e-15 0)
(-6.10042e-16 -1.19777e-15 0)
(-6.41381e-16 -1.09631e-15 0)
(-6.69826e-16 -9.8663e-16 0)
(-6.95163e-16 -8.69719e-16 0)
(-7.17209e-16 -7.46539e-16 0)
(-7.35811e-16 -6.18061e-16 0)
(-7.50843e-16 -4.85233e-16 0)
(-7.62209e-16 -3.4902e-16 0)
(-7.69841e-16 -2.10373e-16 0)
(-7.73695e-16 -7.02703e-17 0)
(-7.73751e-16 7.03264e-17 0)
(-7.7001e-16 2.10429e-16 0)
(-7.62491e-16 3.49077e-16 0)
(-7.51235e-16 4.85289e-16 0)
(-7.36308e-16 6.1812e-16 0)
(-7.17804e-16 7.46596e-16 0)
(-6.95849e-16 8.69779e-16 0)
(-6.70597e-16 9.86688e-16 0)
(-6.42228e-16 1.09637e-15 0)
(-6.10954e-16 1.19783e-15 0)
(-5.77014e-16 1.29007e-15 0)
(-5.40677e-16 1.37205e-15 0)
(-5.02249e-16 1.44273e-15 0)
(-4.62051e-16 1.50098e-15 0)
(-4.20443e-16 1.54565e-15 0)
(-3.7793e-16 1.57548e-15 0)
(-3.34779e-16 1.58926e-15 0)
(-2.91781e-16 1.58551e-15 0)
(-2.49105e-16 1.56259e-15 0)
(-2.07685e-16 1.519e-15 0)
(-1.67985e-16 1.45288e-15 0)
(-1.30687e-16 1.36216e-15 0)
(-9.65786e-17 1.24463e-15 0)
(-6.65643e-17 1.09787e-15 0)
(-4.11251e-17 9.19224e-16 0)
(-2.08902e-17 7.0583e-16 0)
(-7.65002e-18 4.54709e-16 0)
(-6.29545e-20 1.69146e-16 0)
(-8.4784e-20 -1.64774e-16 0)
(-1.07203e-17 -4.42115e-16 0)
(-2.93519e-17 -6.85555e-16 0)
(-5.75944e-17 -8.92037e-16 0)
(-9.32592e-17 -1.06464e-15 0)
(-1.35428e-16 -1.20621e-15 0)
(-1.83128e-16 -1.31945e-15 0)
(-2.3525e-16 -1.40677e-15 0)
(-2.90786e-16 -1.47036e-15 0)
(-3.48747e-16 -1.51217e-15 0)
(-4.08279e-16 -1.53407e-15 0)
(-4.68501e-16 -1.53753e-15 0)
(-5.28696e-16 -1.52405e-15 0)
(-5.88155e-16 -1.4951e-15 0)
(-6.46282e-16 -1.45185e-15 0)
(-7.02467e-16 -1.39547e-15 0)
(-7.56201e-16 -1.3271e-15 0)
(-8.07019e-16 -1.24778e-15 0)
(-8.54503e-16 -1.15858e-15 0)
(-8.98273e-16 -1.06044e-15 0)
(-9.37997e-16 -9.54372e-16 0)
(-9.73376e-16 -8.41291e-16 0)
(-1.00416e-15 -7.22163e-16 0)
(-1.03012e-15 -5.97887e-16 0)
(-1.0511e-15 -4.69411e-16 0)
(-1.06695e-15 -3.3763e-16 0)
(-1.07758e-15 -2.035e-16 0)
(-1.08293e-15 -6.7931e-17 0)
(-1.08299e-15 6.80982e-17 0)
(-1.07774e-15 2.03667e-16 0)
(-1.06721e-15 3.37794e-16 0)
(-1.05146e-15 4.69573e-16 0)
(-1.03059e-15 5.98045e-16 0)
(-1.00471e-15 7.22317e-16 0)
(-9.74018e-16 8.41437e-16 0)
(-9.38717e-16 9.5451e-16 0)
(-8.99064e-16 1.06057e-15 0)
(-8.55355e-16 1.15869e-15 0)
(-8.07923e-16 1.24789e-15 0)
(-7.57144e-16 1.32718e-15 0)
(-7.03438e-16 1.39553e-15 0)
(-6.47268e-16 1.45189e-15 0)
(-5.89142e-16 1.49512e-15 0)
(-5.29671e-16 1.52404e-15 0)
(-4.69444e-16 1.53749e-15 0)
(-4.0918e-16 1.534e-15 0)
(-3.49606e-16 1.51207e-15 0)
(-2.91558e-16 1.47024e-15 0)
(-2.35908e-16 1.40662e-15 0)
(-1.8374e-16 1.31926e-15 0)
(-1.35972e-16 1.20602e-15 0)
(-9.35928e-17 1.06446e-15 0)
(-5.78095e-17 8.91851e-16 0)
(-2.95703e-17 6.85402e-16 0)
(-1.0828e-17 4.42033e-16 0)
(-9.45982e-20 1.6474e-16 0)
(-1.09278e-19 -1.58876e-16 0)
(-1.3934e-17 -4.2513e-16 0)
(-3.8107e-17 -6.5825e-16 0)
(-7.47114e-17 -8.55469e-16 0)
(-1.20847e-16 -1.01998e-15 0)
(-1.75313e-16 -1.15468e-15 0)
(-2.3683e-16 -1.26228e-15 0)
(-3.03955e-16 -1.34515e-15 0)
(-3.75385e-16 -1.40543e-15 0)
(-4.49885e-16 -1.445e-15 0)
(-5.2632e-16 -1.46559e-15 0)
(-6.03632e-16 -1.46868e-15 0)
(-6.80848e-16 -1.45569e-15 0)
(-7.57099e-16 -1.42793e-15 0)
(-8.31596e-16 -1.38656e-15 0)
(-9.03606e-16 -1.33269e-15 0)
(-9.72466e-16 -1.26738e-15 0)
(-1.03759e-15 -1.19165e-15 0)
(-1.09843e-15 -1.10646e-15 0)
(-1.15451e-15 -1.01277e-15 0)
(-1.2054e-15 -9.11483e-16 0)
(-1.25073e-15 -8.03516e-16 0)
(-1.29016e-15 -6.89762e-16 0)
(-1.32342e-15 -5.71091e-16 0)
(-1.35028e-15 -4.4839e-16 0)
(-1.37056e-15 -3.22521e-16 0)
(-1.38416e-15 -1.94381e-16 0)
(-1.39099e-15 -6.48545e-17 0)
(-1.39104e-15 6.51231e-17 0)
(-1.3843e-15 1.94649e-16 0)
(-1.3708e-15 3.22783e-16 0)
(-1.3506e-15 4.48649e-16 0)
(-1.32383e-15 5.71337e-16 0)
(-1.29066e-15 6.9e-16 0)
(-1.2513e-15 8.03737e-16 0)
(-1.20605e-15 9.11695e-16 0)
(-1.15522e-15 1.01295e-15 0)
(-1.09919e-15 1.10663e-15 0)
(-1.03839e-15 1.19179e-15 0)
(-9.73311e-16 1.2675e-15 0)
(-9.04478e-16 1.33277e-15 0)
(-8.32484e-16 1.38661e-15 0)
(-7.57988e-16 1.42794e-15 0)
(-6.81725e-16 1.45566e-15 0)
(-6.04492e-16 1.4686e-15 0)
(-5.27147e-16 1.46547e-15 0)
(-4.50643e-16 1.44484e-15 0)
(-3.76092e-16 1.40523e-15 0)
(-3.04639e-16 1.3449e-15 0)
(-2.37367e-16 1.26203e-15 0)
(-1.75699e-16 1.15439e-15 0)
(-1.21269e-16 1.01966e-15 0)
(-7.50453e-17 8.55203e-16 0)
(-3.8212e-17 6.58044e-16 0)
(-1.40004e-17 4.24962e-16 0)
(-1.22915e-19 1.58822e-16 0)
(-1.41877e-19 -1.5142e-16 0)
(-1.72508e-17 -4.03676e-16 0)
(-4.71246e-17 -6.23826e-16 0)
(-9.22684e-17 -8.09429e-16 0)
(-1.49055e-16 -9.63849e-16 0)
(-2.15953e-16 -1.09003e-15 0)
(-2.91378e-16 -1.19065e-15 0)
(-3.73538e-16 -1.26806e-15 0)
(-4.60844e-16 -1.32429e-15 0)
(-5.51801e-16 -1.36113e-15 0)
(-6.45029e-16 -1.38018e-15 0)
(-7.39263e-16 -1.38287e-15 0)
(-8.33333e-16 -1.37048e-15 0)
(-9.26189e-16 -1.34425e-15 0)
(-1.01688e-15 -1.30524e-15 0)
(-1.10452e-15 -1.25452e-15 0)
(-1.18832e-15 -1.19302e-15 0)
(-1.26756e-15 -1.12176e-15 0)
(-1.3416e-15 -1.04157e-15 0)
(-1.40984e-15 -9.53419e-16 0)
(-1.47177e-15 -8.58082e-16 0)
(-1.52693e-15 -7.56501e-16 0)
(-1.57491e-15 -6.49418e-16 0)
(-1.61538e-15 -5.37757e-16 0)
(-1.64804e-15 -4.22229e-16 0)
(-1.6727e-15 -3.03755e-16 0)
(-1.68922e-15 -1.83041e-16 0)
(-1.69751e-15 -6.10645e-17 0)
(-1.69755e-15 6.14196e-17 0)
(-1.68934e-15 1.8339e-16 0)
(-1.6729e-15 3.041e-16 0)
(-1.64832e-15 4.2256e-16 0)
(-1.61572e-15 5.38082e-16 0)
(-1.57533e-15 6.4972e-16 0)
(-1.52741e-15 7.56795e-16 0)
(-1.47231e-15 8.58342e-16 0)
(-1.41043e-15 9.53665e-16 0)
(-1.34224e-15 1.04178e-15 0)
(-1.26824e-15 1.12195e-15 0)
(-1.18903e-15 1.19316e-15 0)
(-1.10526e-15 1.25463e-15 0)
(-1.01763e-15 1.30528e-15 0)
(-9.26944e-16 1.34427e-15 0)
(-8.34086e-16 1.37043e-15 0)
(-7.39997e-16 1.38278e-15 0)
(-6.45727e-16 1.38002e-15 0)
(-5.52483e-16 1.36092e-15 0)
(-4.61483e-16 1.32401e-15 0)
(-3.74052e-16 1.26778e-15 0)
(-2.91872e-16 1.1903e-15 0)
(-2.16476e-16 1.08963e-15 0)
(-1.49346e-16 9.63505e-16 0)
(-9.24215e-17 8.09076e-16 0)
(-4.73689e-17 6.23502e-16 0)
(-1.73858e-17 4.03493e-16 0)
(-1.56851e-19 1.51331e-16 0)
(-1.75803e-19 -1.4234e-16 0)
(-2.07132e-17 -3.77627e-16 0)
(-5.64718e-17 -5.82057e-16 0)
(-1.10395e-16 -7.53722e-16 0)
(-1.78062e-16 -8.96073e-16 0)
(-2.57545e-16 -1.01213e-15 0)
(-3.46957e-16 -1.10453e-15 0)
(-4.44172e-16 -1.17551e-15 0)
(-5.473e-16 -1.227e-15 0)
(-6.54599e-16 -1.26066e-15 0)
(-7.64466e-16 -1.27798e-15 0)
(-8.75425e-16 -1.28024e-15 0)
(-9.86135e-16 -1.26864e-15 0)
(-1.09537e-15 -1.24426e-15 0)
(-1.20202e-15 -1.20812e-15 0)
(-1.30506e-15 -1.16114e-15 0)
(-1.40359e-15 -1.10425e-15 0)
(-1.49674e-15 -1.03828e-15 0)
(-1.58377e-15 -9.64116e-16 0)
(-1.664e-15 -8.82519e-16 0)
(-1.73681e-15 -7.94342e-16 0)
(-1.80167e-15 -7.00319e-16 0)
(-1.85809e-15 -6.01276e-16 0)
(-1.90567e-15 -4.97921e-16 0)
(-1.94407e-15 -3.91047e-16 0)
(-1.97303e-15 -2.81334e-16 0)
(-1.99241e-15 -1.69575e-16 0)
(-2.00212e-15 -5.65201e-17 0)
(-2.00216e-15 5.6938e-17 0)
(-1.9925e-15 1.6999e-16 0)
(-1.97318e-15 2.81742e-16 0)
(-1.94427e-15 3.91444e-16 0)
(-1.90593e-15 4.98305e-16 0)
(-1.8584e-15 6.0164e-16 0)
(-1.80203e-15 7.00662e-16 0)
(-1.73722e-15 7.94653e-16 0)
(-1.66445e-15 8.82806e-16 0)
(-1.58426e-15 9.6436e-16 0)
(-1.49726e-15 1.03849e-15 0)
(-1.40413e-15 1.10441e-15 0)
(-1.30562e-15 1.16125e-15 0)
(-1.20259e-15 1.20818e-15 0)
(-1.09595e-15 1.24426e-15 0)
(-9.86712e-16 1.26858e-15 0)
(-8.75994e-16 1.28012e-15 0)
(-7.65032e-16 1.27779e-15 0)
(-6.55126e-16 1.26041e-15 0)
(-5.47774e-16 1.2267e-15 0)
(-4.44673e-16 1.17513e-15 0)
(-3.47402e-16 1.1041e-15 0)
(-2.57785e-16 1.01173e-15 0)
(-1.78387e-16 8.95602e-16 0)
(-1.10754e-16 7.53281e-16 0)
(-5.65512e-17 5.81718e-16 0)
(-2.07644e-17 3.77366e-16 0)
(-1.92301e-19 1.42237e-16 0)
(-2.12288e-19 -1.31571e-16 0)
(-2.43465e-17 -3.46776e-16 0)
(-6.6265e-17 -5.32729e-16 0)
(-1.29274e-16 -6.88095e-16 0)
(-2.08036e-16 -8.16458e-16 0)
(-3.00297e-16 -9.20853e-16 0)
(-4.03771e-16 -1.00385e-15 0)
(-5.16013e-16 -1.06752e-15 0)
(-6.34865e-16 -1.11367e-15 0)
(-7.58352e-16 -1.14378e-15 0)
(-8.84645e-16 -1.15919e-15 0)
(-1.01209e-15 -1.16103e-15 0)
(-1.13918e-15 -1.15041e-15 0)
(-1.26453e-15 -1.12822e-15 0)
(-1.38687e-15 -1.09543e-15 0)
(-1.50507e-15 -1.05281e-15 0)
(-1.61806e-15 -1.00126e-15 0)
(-1.72489e-15 -9.41452e-16 0)
(-1.82471e-15 -8.74255e-16 0)
(-1.91672e-15 -8.00272e-16 0)
(-2.00024e-15 -7.20383e-16 0)
(-2.07465e-15 -6.35131e-16 0)
(-2.13938e-15 -5.4541e-16 0)
(-2.19398e-15 -4.51699e-16 0)
(-2.23803e-15 -3.5488e-16 0)
(-2.27122e-15 -2.55346e-16 0)
(-2.2934e-15 -1.53981e-16 0)
(-2.30451e-15 -5.12644e-17 0)
(-2.30453e-15 5.17263e-17 0)
(-2.29346e-15 1.54444e-16 0)
(-2.27131e-15 2.55789e-16 0)
(-2.23815e-15 3.55324e-16 0)
(-2.19414e-15 4.52106e-16 0)
(-2.13957e-15 5.45818e-16 0)
(-2.07487e-15 6.35488e-16 0)
(-2.00049e-15 7.20744e-16 0)
(-1.917e-15 8.0056e-16 0)
(-1.825e-15 8.74541e-16 0)
(-1.72521e-15 9.41656e-16 0)
(-1.61839e-15 1.00146e-15 0)
(-1.50541e-15 1.05291e-15 0)
(-1.38723e-15 1.09552e-15 0)
(-1.26489e-15 1.1282e-15 0)
(-1.13955e-15 1.15036e-15 0)
(-1.01247e-15 1.16088e-15 0)
(-8.84999e-16 1.15901e-15 0)
(-7.58701e-16 1.14349e-15 0)
(-6.35229e-16 1.11334e-15 0)
(-5.16314e-16 1.0671e-15 0)
(-4.04018e-16 1.00344e-15 0)
(-3.00673e-16 9.20339e-16 0)
(-2.08283e-16 8.15949e-16 0)
(-1.29321e-16 6.87662e-16 0)
(-6.64778e-17 5.32308e-16 0)
(-2.45026e-17 3.46477e-16 0)
(-2.2465e-19 1.3145e-16 0)
(-2.61375e-19 -1.19006e-16 0)
(-2.82576e-17 -3.10862e-16 0)
(-7.66544e-17 -4.75526e-16 0)
(-1.49091e-16 -6.12239e-16 0)
(-2.39245e-16 -7.24797e-16 0)
(-3.44424e-16 -8.16112e-16 0)
(-4.61993e-16 -8.88604e-16 0)
(-5.89196e-16 -9.44208e-16 0)
(-7.23622e-16 -9.84456e-16 0)
(-8.63076e-16 -1.01071e-15 0)
(-1.00554e-15 -1.02405e-15 0)
(-1.1492e-15 -1.02555e-15 0)
(-1.29237e-15 -1.01604e-15 0)
(-1.43354e-15 -9.96443e-16 0)
(-1.57128e-15 -9.67434e-16 0)
(-1.70434e-15 -9.29856e-16 0)
(-1.83153e-15 -8.84293e-16 0)
(-1.9518e-15 -8.31561e-16 0)
(-2.06416e-15 -7.72168e-16 0)
(-2.16777e-15 -7.06937e-16 0)
(-2.26181e-15 -6.36318e-16 0)
(-2.34561e-15 -5.61158e-16 0)
(-2.41854e-15 -4.8186e-16 0)
(-2.48006e-15 -3.99274e-16 0)
(-2.52969e-15 -3.13736e-16 0)
(-2.56705e-15 -2.25979e-16 0)
(-2.59197e-15 -1.36234e-16 0)
(-2.60445e-15 -4.54342e-17 0)
(-2.60445e-15 4.5912e-17 0)
(-2.59199e-15 1.36701e-16 0)
(-2.56707e-15 2.26442e-16 0)
(-2.52972e-15 3.14175e-16 0)
(-2.48009e-15 3.9971e-16 0)
(-2.41858e-15 4.82257e-16 0)
(-2.34565e-15 5.61547e-16 0)
(-2.26187e-15 6.36653e-16 0)
(-2.16783e-15 7.07258e-16 0)
(-2.06423e-15 7.72432e-16 0)
(-1.95187e-15 8.31802e-16 0)
(-1.83161e-15 8.84457e-16 0)
(-1.70443e-15 9.29994e-16 0)
(-1.57137e-15 9.67485e-16 0)
(-1.43364e-15 9.96459e-16 0)
(-1.29248e-15 1.01596e-15 0)
(-1.14931e-15 1.02543e-15 0)
(-1.00566e-15 1.02384e-15 0)
(-8.63211e-16 1.01043e-15 0)
(-7.23744e-16 9.841e-16 0)
(-5.8935e-16 9.43824e-16 0)
(-4.62181e-16 8.88121e-16 0)
(-3.44515e-16 8.15602e-16 0)
(-2.39352e-16 7.24348e-16 0)
(-1.49355e-16 6.11707e-16 0)
(-7.67342e-17 4.75096e-16 0)
(-2.82682e-17 3.10569e-16 0)
(-2.989e-19 1.18865e-16 0)
(-3.63182e-19 -1.04466e-16 0)
(-3.2562e-17 -2.69554e-16 0)
(-8.78872e-17 -4.10012e-16 0)
(-1.70172e-16 -5.25813e-16 0)
(-2.71982e-16 -6.20828e-16 0)
(-3.9016e-16 -6.97765e-16 0)
(-5.21806e-16 -7.58816e-16 0)
(-6.63822e-16 -8.05643e-16 0)
(-8.13596e-16 -8.3954e-16 0)
(-9.68743e-16 -8.61629e-16 0)
(-1.12709e-15 -8.72834e-16 0)
(-1.28664e-15 -8.74005e-16 0)
(-1.44558e-15 -8.6586e-16 0)
(-1.60224e-15 -8.49138e-16 0)
(-1.7551e-15 -8.24433e-16 0)
(-1.90273e-15 -7.92427e-16 0)
(-2.04387e-15 -7.53632e-16 0)
(-2.17731e-15 -7.08716e-16 0)
(-2.30201e-15 -6.58134e-16 0)
(-2.41698e-15 -6.0256e-16 0)
(-2.52137e-15 -5.42406e-16 0)
(-2.61441e-15 -4.78377e-16 0)
(-2.69542e-15 -4.10855e-16 0)
(-2.7638e-15 -3.40578e-16 0)
(-2.81897e-15 -2.67856e-16 0)
(-2.86044e-15 -1.93188e-16 0)
(-2.88806e-15 -1.16587e-16 0)
(-2.90186e-15 -3.88856e-17 0)
(-2.90185e-15 3.93485e-17 0)
(-2.88803e-15 1.17039e-16 0)
(-2.86038e-15 1.93641e-16 0)
(-2.81888e-15 2.68279e-16 0)
(-2.76369e-15 3.41004e-16 0)
(-2.69529e-15 4.11237e-16 0)
(-2.61427e-15 4.78765e-16 0)
(-2.52121e-15 5.42725e-16 0)
(-2.41679e-15 6.0289e-16 0)
(-2.30181e-15 6.58375e-16 0)
(-2.17711e-15 7.08959e-16 0)
(-2.04366e-15 7.53779e-16 0)
(-1.90252e-15 7.92573e-16 0)
(-1.75489e-15 8.24463e-16 0)
(-1.60204e-15 8.49163e-16 0)
(-1.44539e-15 8.65768e-16 0)
(-1.28646e-15 8.73896e-16 0)
(-1.12693e-15 8.72602e-16 0)
(-9.68607e-16 8.61387e-16 0)
(-8.13498e-16 8.39186e-16 0)
(-6.63744e-16 8.05255e-16 0)
(-5.21758e-16 7.58355e-16 0)
(-3.90184e-16 6.9733e-16 0)
(-2.72055e-16 6.20275e-16 0)
(-1.70145e-16 5.25346e-16 0)
(-8.7965e-17 4.09627e-16 0)
(-3.26885e-17 2.69211e-16 0)
(-3.69065e-19 1.04326e-16 0)
(-4.82431e-19 -8.7783e-17 0)
(-3.75439e-17 -2.22477e-16 0)
(-1.00341e-16 -3.35806e-16 0)
(-1.92893e-16 -4.28583e-16 0)
(-3.06571e-16 -5.04477e-16 0)
(-4.37765e-16 -5.65932e-16 0)
(-5.83327e-16 -6.14723e-16 0)
(-7.39922e-16 -6.52152e-16 0)
(-9.0475e-16 -6.79306e-16 0)
(-1.07528e-15 -6.96977e-16 0)
(-1.24917e-15 -7.05961e-16 0)
(-1.42429e-15 -7.06833e-16 0)
(-1.5987e-15 -7.00275e-16 0)
(-1.77057e-15 -6.86718e-16 0)
(-1.93825e-15 -6.66815e-16 0)
(-2.10021e-15 -6.40897e-16 0)
(-2.25504e-15 -6.09624e-16 0)
(-2.40145e-15 -5.73241e-16 0)
(-2.53827e-15 -5.32445e-16 0)
(-2.66444e-15 -4.87404e-16 0)
(-2.77902e-15 -4.38871e-16 0)
(-2.88115e-15 -3.86957e-16 0)
(-2.97014e-15 -3.32481e-16 0)
(-3.04534e-15 -2.75541e-16 0)
(-3.10606e-15 -2.17063e-16 0)
(-3.15163e-15 -1.56676e-16 0)
(-3.18191e-15 -9.47957e-17 0)
(-3.19703e-15 -3.14872e-17 0)
(-3.19701e-15 3.19003e-17 0)
(-3.18182e-15 9.52107e-17 0)
(-3.15149e-15 1.57058e-16 0)
(-3.10586e-15 2.17456e-16 0)
(-3.04508e-15 2.75888e-16 0)
(-2.96983e-15 3.32846e-16 0)
(-2.8808e-15 3.87253e-16 0)
(-2.77862e-15 4.39196e-16 0)
(-2.66401e-15 4.87639e-16 0)
(-2.53781e-15 5.32704e-16 0)
(-2.40095e-15 5.73406e-16 0)
(-2.25452e-15 6.09807e-16 0)
(-2.09969e-15 6.40964e-16 0)
(-1.93772e-15 6.66907e-16 0)
(-1.77004e-15 6.86683e-16 0)
(-1.59818e-15 7.00251e-16 0)
(-1.4238e-15 7.06684e-16 0)
(-1.2487e-15 7.05818e-16 0)
(-1.07485e-15 6.96711e-16 0)
(-9.04385e-16 6.79036e-16 0)
(-7.39618e-16 6.51788e-16 0)
(-5.83083e-16 6.14351e-16 0)
(-4.37573e-16 5.6548e-16 0)
(-3.06459e-16 5.04063e-16 0)
(-1.92881e-16 4.28184e-16 0)
(-1.00358e-16 3.35374e-16 0)
(-3.75468e-17 2.22226e-16 0)
(-5.12106e-19 8.76398e-17 0)
(-7.91851e-19 -6.85579e-17 0)
(-4.37507e-17 -1.68743e-16 0)
(-1.14709e-16 -2.52434e-16 0)
(-2.17837e-16 -3.2031e-16 0)
(-3.4339e-16 -3.75802e-16 0)
(-4.87431e-16 -4.20839e-16 0)
(-6.46589e-16 -4.56647e-16 0)
(-8.1743e-16 -4.84183e-16 0)
(-9.96974e-16 -5.04175e-16 0)
(-1.18255e-15 -5.17225e-16 0)
(-1.37167e-15 -5.23846e-16 0)
(-1.56209e-15 -5.24515e-16 0)
(-1.75169e-15 -5.19641e-16 0)
(-1.93854e-15 -5.09639e-16 0)
(-2.12083e-15 -4.94866e-16 0)
(-2.29693e-15 -4.75704e-16 0)
(-2.46528e-15 -4.52477e-16 0)
(-2.62451e-15 -4.25551e-16 0)
(-2.7733e-15 -3.95232e-16 0)
(-2.91054e-15 -3.61876e-16 0)
(-3.03516e-15 -3.25777e-16 0)
(-3.14626e-15 -2.8729e-16 0)
(-3.24302e-15 -2.46723e-16 0)
(-3.32492e-15 -2.04565e-16 0)
(-3.39124e-15 -1.61367e-16 0)
(-3.44119e-15 -1.1693e-16 0)
(-3.47454e-15 -7.08491e-17 0)
(-3.49128e-15 -2.3607e-17 0)
(-3.49124e-15 2.3936e-17 0)
(-3.47441e-15 7.11688e-17 0)
(-3.44096e-15 1.17237e-16 0)
(-3.39093e-15 1.6166e-16 0)
(-3.32452e-15 2.04846e-16 0)
(-3.24255e-15 2.4699e-16 0)
(-3.1457e-15 2.87538e-16 0)
(-3.03454e-15 3.26006e-16 0)
(-2.90986e-15 3.62077e-16 0)
(-2.77256e-15 3.95416e-16 0)
(-2.62373e-15 4.25693e-16 0)
(-2.46447e-15 4.52597e-16 0)
(-2.29609e-15 4.75782e-16 0)
(-2.11998e-15 4.94912e-16 0)
(-1.9377e-15 5.09634e-16 0)
(-1.75086e-15 5.19601e-16 0)
(-1.56129e-15 5.2442e-16 0)
(-1.37091e-15 5.23713e-16 0)
(-1.18185e-15 5.17035e-16 0)
(-9.96336e-16 5.0395e-16 0)
(-8.16881e-16 4.83905e-16 0)
(-6.46138e-16 4.56348e-16 0)
(-4.87103e-16 4.2051e-16 0)
(-3.4313e-16 3.75462e-16 0)
(-2.17685e-16 3.19956e-16 0)
(-1.14654e-16 2.52169e-16 0)
(-4.37614e-17 1.68508e-16 0)
(-8.081e-19 6.84499e-17 0)
(-2.12785e-18 -4.45804e-17 0)
(-5.27458e-17 -1.06704e-16 0)
(-1.32393e-16 -1.58409e-16 0)
(-2.45667e-16 -2.0004e-16 0)
(-3.82725e-16 -2.34045e-16 0)
(-5.39135e-16 -2.6176e-16 0)
(-7.11443e-16 -2.83855e-16 0)
(-8.96101e-16 -3.00889e-16 0)
(-1.09001e-15 -3.1327e-16 0)
(-1.29034e-15 -3.21382e-16 0)
(-1.49448e-15 -3.25502e-16 0)
(-1.7e-15 -3.25949e-16 0)
(-1.90465e-15 -3.22933e-16 0)
(-2.10636e-15 -3.1676e-16 0)
(-2.30318e-15 -3.07586e-16 0)
(-2.49333e-15 -2.9572e-16 0)
(-2.67515e-15 -2.81279e-16 0)
(-2.84713e-15 -2.6459e-16 0)
(-3.00789e-15 -2.45727e-16 0)
(-3.15614e-15 -2.2505e-16 0)
(-3.29078e-15 -2.02592e-16 0)
(-3.41075e-15 -1.78765e-16 0)
(-3.51522e-15 -1.53624e-16 0)
(-3.60351e-15 -1.27675e-16 0)
(-3.67539e-15 -1.01976e-16 0)
(-3.73019e-15 -7.55505e-17 0)
(-3.76744e-15 -4.66177e-17 0)
(-3.78604e-15 -1.5669e-17 0)
(-3.78598e-15 1.58879e-17 0)
(-3.76726e-15 4.68218e-17 0)
(-3.72991e-15 7.57525e-17 0)
(-3.67499e-15 1.02153e-16 0)
(-3.60301e-15 1.27879e-16 0)
(-3.5146e-15 1.53795e-16 0)
(-3.41005e-15 1.78954e-16 0)
(-3.28998e-15 2.02731e-16 0)
(-3.15527e-15 2.2521e-16 0)
(-3.00695e-15 2.45826e-16 0)
(-2.84613e-15 2.64708e-16 0)
(-2.6741e-15 2.8133e-16 0)
(-2.49225e-15 2.95788e-16 0)
(-2.30209e-15 3.07576e-16 0)
(-2.10526e-15 3.16772e-16 0)
(-1.90357e-15 3.2287e-16 0)
(-1.69895e-15 3.259e-16 0)
(-1.49348e-15 3.25377e-16 0)
(-1.28941e-15 3.2127e-16 0)
(-1.08918e-15 3.13094e-16 0)
(-8.9537e-16 3.00717e-16 0)
(-7.10817e-16 2.83629e-16 0)
(-5.38631e-16 2.61549e-16 0)
(-3.8238e-16 2.33822e-16 0)
(-2.45435e-16 1.99823e-16 0)
(-1.32273e-16 1.58218e-16 0)
(-5.27234e-17 1.06559e-16 0)
(-2.13469e-18 4.45262e-17 0)
(-7.65836e-18 -1.56673e-17 0)
(-5.86289e-17 -3.77595e-17 0)
(-1.48263e-16 -5.60962e-17 0)
(-2.72137e-16 -7.02537e-17 0)
(-4.20177e-16 -8.1864e-17 0)
(-5.88738e-16 -9.14592e-17 0)
(-7.74052e-16 -9.91141e-17 0)
(-9.72469e-16 -1.05019e-16 0)
(-1.18074e-15 -1.09327e-16 0)
(-1.39587e-15 -1.12144e-16 0)
(-1.61509e-15 -1.13584e-16 0)
(-1.8358e-15 -1.13735e-16 0)
(-2.0556e-15 -1.12695e-16 0)
(-2.27226e-15 -1.10534e-16 0)
(-2.4837e-15 -1.07349e-16 0)
(-2.688e-15 -1.03198e-16 0)
(-2.88338e-15 -9.81808e-17 0)
(-3.06821e-15 -9.23414e-17 0)
(-3.24099e-15 -8.57881e-17 0)
(-3.40038e-15 -7.85577e-17 0)
(-3.54518e-15 -7.07616e-17 0)
(-3.67437e-15 -6.23974e-17 0)
(-3.78708e-15 -5.3422e-17 0)
(-3.88167e-15 -4.23402e-17 0)
(-3.9583e-15 -3.06182e-17 0)
(-4.01714e-15 -2.00828e-17 0)
(-4.05759e-15 -1.01114e-17 0)
(-4.07757e-15 -2.64159e-18 0)
(-4.0775e-15 2.68548e-18 0)
(-4.05738e-15 1.01707e-17 0)
(-4.01679e-15 2.01455e-17 0)
(-3.95783e-15 3.06978e-17 0)
(-3.88109e-15 4.24134e-17 0)
(-3.78638e-15 5.34802e-17 0)
(-3.67356e-15 6.24425e-17 0)
(-3.54427e-15 7.08115e-17 0)
(-3.39938e-15 7.85916e-17 0)
(-3.2399e-15 8.58281e-17 0)
(-3.06706e-15 9.23599e-17 0)
(-2.88219e-15 9.82084e-17 0)
(-2.68677e-15 1.03208e-16 0)
(-2.48245e-15 1.07364e-16 0)
(-2.27101e-15 1.10522e-16 0)
(-2.05436e-15 1.12688e-16 0)
(-1.8346e-15 1.13704e-16 0)
(-1.61394e-15 1.13558e-16 0)
(-1.39481e-15 1.12093e-16 0)
(-1.17977e-15 1.09278e-16 0)
(-9.71611e-16 1.0495e-16 0)
(-7.73332e-16 9.90503e-17 0)
(-5.88159e-16 9.13861e-17 0)
(-4.19734e-16 8.17925e-17 0)
(-2.71843e-16 7.01806e-17 0)
(-1.48114e-16 5.60336e-17 0)
(-5.85802e-17 3.77288e-17 0)
(-7.65784e-18 1.56556e-17 0)
)
;

boundaryField
{
    top
    {
        type            slip;
    }
    bottom
    {
        type            slip;
    }
    rotatingWall
    {
        type            rotatingWallVelocity;
        origin          (0 0 0);
        axis            (0 1 0);
        omega           constant 1140;
        value           uniform (0 0 0);
    }
    wall
    {
        type            rotatingWallVelocity;
        origin          (0 0 0);
        axis            (0 1 0);
        omega           constant 0;
        value           uniform (0 -0 -0);
    }
    frontAndBack
    {
        type            empty;
    }
}


// ************************************************************************* //
