/*--------------------------------*- C++ -*----------------------------------*\
| =========                 |                                                 |
| \\      /  F ield         | OpenFOAM: The Open Source CFD Toolbox           |
|  \\    /   O peration     | Version:  5.0                                   |
|   \\  /    A nd           | Web:      www.OpenFOAM.org                      |
|    \\/     M anipulation  |                                                 |
\*---------------------------------------------------------------------------*/
FoamFile
{
    version     2.0;
    format      ascii;
    class       volVectorField;
    location    "188";
    object      U;
}
// * * * * * * * * * * * * * * * * * * * * * * * * * * * * * * * * * * * * * //

dimensions      [0 1 -1 0 0 0 0];

internalField   nonuniform List<vector> 
1568
(
(-3.63951e-13 -5.32183e-13 0)
(-3.35443e-13 7.77436e-13 0)
(4.90622e-12 -5.58443e-12 0)
(1.41852e-11 -5.02419e-12 0)
(2.09642e-11 -3.44491e-12 0)
(2.9572e-11 -5.47724e-12 0)
(4.04106e-11 -5.79389e-12 0)
(5.11034e-11 -5.68198e-12 0)
(6.21348e-11 -6.03794e-12 0)
(7.37953e-11 -6.25647e-12 0)
(8.56013e-11 -6.27541e-12 0)
(9.73609e-11 -6.23433e-12 0)
(1.09045e-10 -6.13071e-12 0)
(1.20521e-10 -5.97404e-12 0)
(1.31647e-10 -5.78723e-12 0)
(1.42333e-10 -5.53908e-12 0)
(1.52472e-10 -5.23853e-12 0)
(1.61986e-10 -4.91662e-12 0)
(1.708e-10 -4.54223e-12 0)
(1.78843e-10 -4.1286e-12 0)
(1.86046e-10 -3.66794e-12 0)
(1.92389e-10 -3.20856e-12 0)
(1.97806e-10 -2.63986e-12 0)
(2.02216e-10 -1.95951e-12 0)
(2.05661e-10 -1.30102e-12 0)
(2.08169e-10 -7.73944e-13 0)
(2.09663e-10 -2.73073e-13 0)
(2.10094e-10 3.61452e-14 0)
(2.09426e-10 4.22739e-13 0)
(2.07681e-10 8.30932e-13 0)
(2.04971e-10 1.36522e-12 0)
(2.01374e-10 1.96438e-12 0)
(1.96878e-10 2.66356e-12 0)
(1.91468e-10 3.12754e-12 0)
(1.85227e-10 3.60501e-12 0)
(1.78215e-10 3.96736e-12 0)
(1.70458e-10 4.38168e-12 0)
(1.62006e-10 4.69322e-12 0)
(1.52959e-10 5.02765e-12 0)
(1.43343e-10 5.27564e-12 0)
(1.33238e-10 5.5093e-12 0)
(1.22757e-10 5.64518e-12 0)
(1.11993e-10 5.78295e-12 0)
(1.01017e-10 5.85298e-12 0)
(8.9956e-11 5.88982e-12 0)
(7.8925e-11 5.83418e-12 0)
(6.80474e-11 5.74342e-12 0)
(5.74262e-11 5.55951e-12 0)
(4.71968e-11 5.31968e-12 0)
(3.75202e-11 4.97866e-12 0)
(2.84881e-11 4.58931e-12 0)
(2.02518e-11 4.12662e-12 0)
(1.3381e-11 3.41414e-12 0)
(7.1966e-12 3.2327e-12 0)
(2.63932e-12 1.76794e-12 0)
(4.09242e-13 7.39003e-13 0)
(2.38798e-12 -3.21656e-12 0)
(1.88201e-12 -6.57318e-12 0)
(8.1903e-12 -9.03213e-12 0)
(1.07127e-11 -1.04455e-11 0)
(1.95748e-11 -1.35699e-11 0)
(2.78397e-11 -1.4722e-11 0)
(3.68436e-11 -1.56661e-11 0)
(4.70553e-11 -1.65546e-11 0)
(5.7446e-11 -1.71862e-11 0)
(6.81286e-11 -1.75529e-11 0)
(7.9019e-11 -1.76595e-11 0)
(9.0027e-11 -1.76183e-11 0)
(1.00914e-10 -1.74035e-11 0)
(1.11561e-10 -1.69912e-11 0)
(1.2192e-10 -1.63864e-11 0)
(1.31848e-10 -1.56588e-11 0)
(1.41279e-10 -1.47736e-11 0)
(1.50137e-10 -1.37709e-11 0)
(1.58349e-10 -1.26427e-11 0)
(1.65837e-10 -1.14477e-11 0)
(1.72559e-10 -1.01506e-11 0)
(1.7845e-10 -8.8016e-12 0)
(1.83504e-10 -7.37323e-12 0)
(1.87679e-10 -5.99052e-12 0)
(1.90979e-10 -4.60173e-12 0)
(1.93339e-10 -3.14467e-12 0)
(1.94736e-10 -1.53568e-12 0)
(1.95105e-10 1.40589e-13 0)
(1.94519e-10 1.85211e-12 0)
(1.92956e-10 3.4497e-12 0)
(1.90447e-10 4.91519e-12 0)
(1.87075e-10 6.22417e-12 0)
(1.82929e-10 7.55446e-12 0)
(1.77987e-10 8.82215e-12 0)
(1.7223e-10 1.0066e-11 0)
(1.65704e-10 1.12095e-11 0)
(1.58492e-10 1.22878e-11 0)
(1.50665e-10 1.32304e-11 0)
(1.4222e-10 1.40923e-11 0)
(1.33291e-10 1.48205e-11 0)
(1.23916e-10 1.54489e-11 0)
(1.14127e-10 1.59257e-11 0)
(1.04047e-10 1.62956e-11 0)
(9.38219e-11 1.64794e-11 0)
(8.3505e-11 1.65305e-11 0)
(7.32238e-11 1.64082e-11 0)
(6.30559e-11 1.61207e-11 0)
(5.31507e-11 1.56393e-11 0)
(4.36452e-11 1.49652e-11 0)
(3.46028e-11 1.40579e-11 0)
(2.61837e-11 1.30085e-11 0)
(1.86461e-11 1.14777e-11 0)
(1.18097e-11 9.801e-12 0)
(6.66669e-12 7.75207e-12 0)
(2.69441e-12 5.15343e-12 0)
(1.85417e-13 2.22291e-12 0)
(-3.06812e-13 -5.38179e-12 0)
(1.0415e-12 -8.04278e-12 0)
(4.91446e-12 -1.57015e-11 0)
(1.19264e-11 -1.84891e-11 0)
(1.69859e-11 -2.13897e-11 0)
(2.46801e-11 -2.42193e-11 0)
(3.37195e-11 -2.56987e-11 0)
(4.28256e-11 -2.70788e-11 0)
(5.22581e-11 -2.8146e-11 0)
(6.23141e-11 -2.87434e-11 0)
(7.2483e-11 -2.89318e-11 0)
(8.25509e-11 -2.88248e-11 0)
(9.2598e-11 -2.84367e-11 0)
(1.02497e-10 -2.7755e-11 0)
(1.12067e-10 -2.68256e-11 0)
(1.21264e-10 -2.56425e-11 0)
(1.30014e-10 -2.42288e-11 0)
(1.3823e-10 -2.26159e-11 0)
(1.45838e-10 -2.08112e-11 0)
(1.52792e-10 -1.88446e-11 0)
(1.59034e-10 -1.67276e-11 0)
(1.64531e-10 -1.44994e-11 0)
(1.69236e-10 -1.21631e-11 0)
(1.73134e-10 -9.79468e-12 0)
(1.76167e-10 -7.37451e-12 0)
(1.78318e-10 -4.92243e-12 0)
(1.79587e-10 -2.3677e-12 0)
(1.79974e-10 1.90761e-13 0)
(1.7947e-10 2.79575e-12 0)
(1.78101e-10 5.30189e-12 0)
(1.75902e-10 7.78801e-12 0)
(1.72872e-10 1.0142e-11 0)
(1.69025e-10 1.24757e-11 0)
(1.64409e-10 1.46253e-11 0)
(1.59072e-10 1.66911e-11 0)
(1.53056e-10 1.85403e-11 0)
(1.46385e-10 2.02986e-11 0)
(1.39111e-10 2.18232e-11 0)
(1.31323e-10 2.32002e-11 0)
(1.23029e-10 2.43479e-11 0)
(1.14307e-10 2.53209e-11 0)
(1.05269e-10 2.60621e-11 0)
(9.59692e-11 2.66357e-11 0)
(8.64706e-11 2.69617e-11 0)
(7.6909e-11 2.70673e-11 0)
(6.73559e-11 2.68918e-11 0)
(5.79312e-11 2.64377e-11 0)
(4.87281e-11 2.56494e-11 0)
(3.987e-11 2.45623e-11 0)
(3.15808e-11 2.30656e-11 0)
(2.36923e-11 2.11955e-11 0)
(1.66405e-11 1.89756e-11 0)
(1.09112e-11 1.60367e-11 0)
(5.57179e-12 1.25909e-11 0)
(1.94414e-12 8.38415e-12 0)
(5.57181e-14 3.39585e-12 0)
(-9.39967e-13 -4.51597e-12 0)
(2.46659e-12 -1.37958e-11 0)
(5.05824e-12 -1.84168e-11 0)
(9.54263e-12 -2.47221e-11 0)
(1.54611e-11 -2.88387e-11 0)
(2.24004e-11 -3.17608e-11 0)
(3.04258e-11 -3.41497e-11 0)
(3.86383e-11 -3.61929e-11 0)
(4.73938e-11 -3.75387e-11 0)
(5.65819e-11 -3.8273e-11 0)
(6.58486e-11 -3.86292e-11 0)
(7.51512e-11 -3.85163e-11 0)
(8.43911e-11 -3.79811e-11 0)
(9.34326e-11 -3.70836e-11 0)
(1.02241e-10 -3.58363e-11 0)
(1.10713e-10 -3.42385e-11 0)
(1.18756e-10 -3.23635e-11 0)
(1.26321e-10 -3.01937e-11 0)
(1.33351e-10 -2.77978e-11 0)
(1.3977e-10 -2.51671e-11 0)
(1.45536e-10 -2.23632e-11 0)
(1.50606e-10 -1.9377e-11 0)
(1.54949e-10 -1.62935e-11 0)
(1.58525e-10 -1.30909e-11 0)
(1.61312e-10 -9.86162e-12 0)
(1.63292e-10 -6.52341e-12 0)
(1.64466e-10 -3.1585e-12 0)
(1.64847e-10 2.67314e-13 0)
(1.64453e-10 3.64371e-12 0)
(1.63289e-10 7.01607e-12 0)
(1.61314e-10 1.02646e-11 0)
(1.58536e-10 1.34439e-11 0)
(1.55015e-10 1.64584e-11 0)
(1.50781e-10 1.93708e-11 0)
(1.4585e-10 2.20716e-11 0)
(1.40281e-10 2.46234e-11 0)
(1.34138e-10 2.69161e-11 0)
(1.27439e-10 2.90392e-11 0)
(1.20231e-10 3.08793e-11 0)
(1.12607e-10 3.24833e-11 0)
(1.04619e-10 3.38002e-11 0)
(9.62994e-11 3.48839e-11 0)
(8.77394e-11 3.56387e-11 0)
(7.90309e-11 3.61285e-11 0)
(7.02352e-11 3.62571e-11 0)
(6.14459e-11 3.60459e-11 0)
(5.27373e-11 3.5431e-11 0)
(4.42849e-11 3.44028e-11 0)
(3.61671e-11 3.29001e-11 0)
(2.8449e-11 3.09415e-11 0)
(2.14314e-11 2.84051e-11 0)
(1.49795e-11 2.53087e-11 0)
(9.14254e-12 2.14102e-11 0)
(5.06131e-12 1.68023e-11 0)
(1.91855e-12 1.0995e-11 0)
(1.19302e-13 4.37542e-12 0)
(6.08369e-13 -5.66137e-12 0)
(1.25704e-12 -1.48906e-11 0)
(4.68813e-12 -2.31784e-11 0)
(8.68529e-12 -2.92324e-11 0)
(1.38596e-11 -3.44426e-11 0)
(2.01959e-11 -3.82387e-11 0)
(2.72129e-11 -4.14129e-11 0)
(3.4554e-11 -4.39097e-11 0)
(4.25482e-11 -4.55591e-11 0)
(5.09126e-11 -4.65636e-11 0)
(5.93168e-11 -4.70051e-11 0)
(6.77381e-11 -4.69028e-11 0)
(7.6116e-11 -4.62916e-11 0)
(8.43707e-11 -4.51967e-11 0)
(9.23966e-11 -4.36365e-11 0)
(1.00102e-10 -4.17e-11 0)
(1.07442e-10 -3.93749e-11 0)
(1.14347e-10 -3.67292e-11 0)
(1.20744e-10 -3.37802e-11 0)
(1.26603e-10 -3.05982e-11 0)
(1.31874e-10 -2.71761e-11 0)
(1.36507e-10 -2.35832e-11 0)
(1.40473e-10 -1.98191e-11 0)
(1.43735e-10 -1.59539e-11 0)
(1.46274e-10 -1.19655e-11 0)
(1.48089e-10 -7.92311e-12 0)
(1.49172e-10 -3.80108e-12 0)
(1.49542e-10 3.20667e-13 0)
(1.49204e-10 4.43542e-12 0)
(1.4816e-10 8.44694e-12 0)
(1.46406e-10 1.23578e-11 0)
(1.43919e-10 1.61304e-11 0)
(1.40716e-10 1.97826e-11 0)
(1.36848e-10 2.32527e-11 0)
(1.32365e-10 2.65516e-11 0)
(1.27303e-10 2.9642e-11 0)
(1.21703e-10 3.25128e-11 0)
(1.15604e-10 3.51015e-11 0)
(1.09043e-10 3.74355e-11 0)
(1.0208e-10 3.94567e-11 0)
(9.47901e-11 4.11617e-11 0)
(8.723e-11 4.25036e-11 0)
(7.94552e-11 4.35107e-11 0)
(7.15152e-11 4.41011e-11 0)
(6.34936e-11 4.42841e-11 0)
(5.5486e-11 4.40093e-11 0)
(4.75742e-11 4.32618e-11 0)
(3.985e-11 4.19984e-11 0)
(3.24638e-11 4.01925e-11 0)
(2.55822e-11 3.77444e-11 0)
(1.90452e-11 3.46098e-11 0)
(1.31877e-11 3.07724e-11 0)
(8.60516e-12 2.60897e-11 0)
(4.17005e-12 2.02621e-11 0)
(1.34455e-12 1.32664e-11 0)
(-5.96207e-14 5.14955e-12 0)
(6.18841e-14 -6.86057e-12 0)
(1.3257e-12 -1.68757e-11 0)
(3.98263e-12 -2.61821e-11 0)
(7.78936e-12 -3.36159e-11 0)
(1.24237e-11 -3.96382e-11 0)
(1.79962e-11 -4.43718e-11 0)
(2.40589e-11 -4.83068e-11 0)
(3.06444e-11 -5.12222e-11 0)
(3.78319e-11 -5.31551e-11 0)
(4.52559e-11 -5.43979e-11 0)
(5.2748e-11 -5.49748e-11 0)
(6.03178e-11 -5.48823e-11 0)
(6.78698e-11 -5.41573e-11 0)
(7.52959e-11 -5.28648e-11 0)
(8.25102e-11 -5.10671e-11 0)
(8.94519e-11 -4.87885e-11 0)
(9.60609e-11 -4.60744e-11 0)
(1.02271e-10 -4.29821e-11 0)
(1.08031e-10 -3.95498e-11 0)
(1.13301e-10 -3.58112e-11 0)
(1.18042e-10 -3.18238e-11 0)
(1.22213e-10 -2.76171e-11 0)
(1.25783e-10 -2.32299e-11 0)
(1.28732e-10 -1.86919e-11 0)
(1.31031e-10 -1.40366e-11 0)
(1.32674e-10 -9.28995e-12 0)
(1.33669e-10 -4.49545e-12 0)
(1.34016e-10 3.18524e-13 0)
(1.33719e-10 5.09052e-12 0)
(1.32782e-10 9.79064e-12 0)
(1.31198e-10 1.43595e-11 0)
(1.28968e-10 1.87791e-11 0)
(1.26115e-10 2.30343e-11 0)
(1.22665e-10 2.71182e-11 0)
(1.18654e-10 3.09895e-11 0)
(1.14115e-10 3.46235e-11 0)
(1.09076e-10 3.79848e-11 0)
(1.03586e-10 4.10457e-11 0)
(9.76882e-11 4.3779e-11 0)
(9.14322e-11 4.6172e-11 0)
(8.48728e-11 4.81877e-11 0)
(7.80648e-11 4.97994e-11 0)
(7.10533e-11 5.09682e-11 0)
(6.39018e-11 5.16706e-11 0)
(5.66944e-11 5.18802e-11 0)
(4.94928e-11 5.1568e-11 0)
(4.2373e-11 5.06806e-11 0)
(3.54954e-11 4.91853e-11 0)
(2.88818e-11 4.70492e-11 0)
(2.2584e-11 4.41609e-11 0)
(1.69956e-11 4.04453e-11 0)
(1.19009e-11 3.59001e-11 0)
(7.09348e-12 3.02851e-11 0)
(3.87132e-12 2.34384e-11 0)
(1.5423e-12 1.54052e-11 0)
(6.73253e-14 5.8116e-12 0)
(-2.06296e-13 -7.07873e-12 0)
(1.41563e-12 -1.8727e-11 0)
(3.5888e-12 -2.88015e-11 0)
(6.8808e-12 -3.73432e-11 0)
(1.0926e-11 -4.43237e-11 0)
(1.56578e-11 -4.99777e-11 0)
(2.09294e-11 -5.44798e-11 0)
(2.68241e-11 -5.77836e-11 0)
(3.31488e-11 -6.00816e-11 0)
(3.96317e-11 -6.15703e-11 0)
(4.62412e-11 -6.22298e-11 0)
(5.2948e-11 -6.21138e-11 0)
(5.96317e-11 -6.13032e-11 0)
(6.61974e-11 -5.98613e-11 0)
(7.25918e-11 -5.78365e-11 0)
(7.87514e-11 -5.52722e-11 0)
(8.46091e-11 -5.22254e-11 0)
(9.01132e-11 -4.87404e-11 0)
(9.52233e-11 -4.48672e-11 0)
(9.98994e-11 -4.0647e-11 0)
(1.04101e-10 -3.61311e-11 0)
(1.07804e-10 -3.13628e-11 0)
(1.10978e-10 -2.63808e-11 0)
(1.13597e-10 -2.12294e-11 0)
(1.15643e-10 -1.59522e-11 0)
(1.1711e-10 -1.05772e-11 0)
(1.18e-10 -5.15036e-12 0)
(1.18317e-10 2.83086e-13 0)
(1.18068e-10 5.68068e-12 0)
(1.17249e-10 1.09935e-11 0)
(1.15853e-10 1.61846e-11 0)
(1.13889e-10 2.12224e-11 0)
(1.11373e-10 2.60756e-11 0)
(1.08325e-10 3.07143e-11 0)
(1.04771e-10 3.51125e-11 0)
(1.00746e-10 3.92285e-11 0)
(9.6281e-11 4.30402e-11 0)
(9.14136e-11 4.65204e-11 0)
(8.61858e-11 4.9636e-11 0)
(8.06389e-11 5.23552e-11 0)
(7.48235e-11 5.46467e-11 0)
(6.87857e-11 5.64781e-11 0)
(6.25739e-11 5.78145e-11 0)
(5.62417e-11 5.86264e-11 0)
(4.98587e-11 5.88726e-11 0)
(4.34866e-11 5.85129e-11 0)
(3.71985e-11 5.75022e-11 0)
(3.11038e-11 5.57907e-11 0)
(2.52742e-11 5.33097e-11 0)
(1.98376e-11 5.00107e-11 0)
(1.47512e-11 4.57863e-11 0)
(1.01981e-11 4.04882e-11 0)
(6.63303e-12 3.41112e-11 0)
(3.23559e-12 2.64415e-11 0)
(9.62441e-13 1.70743e-11 0)
(7.13816e-14 6.49621e-12 0)
(2.95216e-16 -7.48296e-12 0)
(1.23811e-12 -2.01378e-11 0)
(3.0812e-12 -3.11906e-11 0)
(5.78948e-12 -4.0633e-11 0)
(9.25278e-12 -4.84435e-11 0)
(1.33676e-11 -5.47384e-11 0)
(1.79629e-11 -5.96398e-11 0)
(2.30499e-11 -6.33328e-11 0)
(2.84637e-11 -6.59807e-11 0)
(3.40531e-11 -6.7654e-11 0)
(3.97971e-11 -6.84004e-11 0)
(4.56114e-11 -6.82989e-11 0)
(5.14003e-11 -6.74283e-11 0)
(5.70983e-11 -6.58541e-11 0)
(6.265e-11 -6.36317e-11 0)
(6.79973e-11 -6.08215e-11 0)
(7.30898e-11 -5.74778e-11 0)
(7.78787e-11 -5.36494e-11 0)
(8.23242e-11 -4.93897e-11 0)
(8.63926e-11 -4.47529e-11 0)
(9.00523e-11 -3.97854e-11 0)
(9.32769e-11 -3.45322e-11 0)
(9.60407e-11 -2.90523e-11 0)
(9.83197e-11 -2.33843e-11 0)
(1.00104e-10 -1.75747e-11 0)
(1.01388e-10 -1.16655e-11 0)
(1.0217e-10 -5.70275e-12 0)
(1.02453e-10 2.69212e-13 0)
(1.02237e-10 6.19909e-12 0)
(1.01527e-10 1.20378e-11 0)
(1.00322e-10 1.77444e-11 0)
(9.86202e-11 2.32841e-11 0)
(9.6437e-11 2.86243e-11 0)
(9.3795e-11 3.37281e-11 0)
(9.07119e-11 3.8564e-11 0)
(8.72158e-11 4.31037e-11 0)
(8.33423e-11 4.73091e-11 0)
(7.91196e-11 5.11519e-11 0)
(7.45762e-11 5.45936e-11 0)
(6.97548e-11 5.76021e-11 0)
(6.46997e-11 6.0139e-11 0)
(5.94527e-11 6.21697e-11 0)
(5.40527e-11 6.36538e-11 0)
(4.8548e-11 6.45494e-11 0)
(4.30043e-11 6.48166e-11 0)
(3.74727e-11 6.44119e-11 0)
(3.20148e-11 6.32824e-11 0)
(2.67643e-11 6.137e-11 0)
(2.17433e-11 5.86195e-11 0)
(1.69675e-11 5.49328e-11 0)
(1.27359e-11 5.02055e-11 0)
(8.94412e-12 4.44232e-11 0)
(5.33367e-12 3.73143e-11 0)
(2.82025e-12 2.86802e-11 0)
(1.1114e-12 1.86924e-11 0)
(-6.67848e-16 7.00532e-12 0)
(-3.5002e-15 -8.08638e-12 0)
(1.00975e-12 -2.1565e-11 0)
(2.54159e-12 -3.35125e-11 0)
(4.76129e-12 -4.36225e-11 0)
(7.71648e-12 -5.19796e-11 0)
(1.12195e-11 -5.87396e-11 0)
(1.50634e-11 -6.40833e-11 0)
(1.92948e-11 -6.81658e-11 0)
(2.38395e-11 -7.10856e-11 0)
(2.8547e-11 -7.29057e-11 0)
(3.33838e-11 -7.37367e-11 0)
(3.82979e-11 -7.36577e-11 0)
(4.31926e-11 -7.2739e-11 0)
(4.80072e-11 -7.10521e-11 0)
(5.27038e-11 -6.86649e-11 0)
(5.72309e-11 -6.56361e-11 0)
(6.15433e-11 -6.20293e-11 0)
(6.56001e-11 -5.79019e-11 0)
(6.93646e-11 -5.33103e-11 0)
(7.28118e-11 -4.83054e-11 0)
(7.59171e-11 -4.29467e-11 0)
(7.8649e-11 -3.72847e-11 0)
(8.0989e-11 -3.13716e-11 0)
(8.29249e-11 -2.5257e-11 0)
(8.44397e-11 -1.89901e-11 0)
(8.55296e-11 -1.26207e-11 0)
(8.61959e-11 -6.19556e-12 0)
(8.64401e-11 2.37324e-13 0)
(8.62606e-11 6.62937e-12 0)
(8.56589e-11 1.29347e-11 0)
(8.46365e-11 1.91008e-11 0)
(8.32003e-11 2.50863e-11 0)
(8.13574e-11 3.08578e-11 0)
(7.91202e-11 3.63755e-11 0)
(7.65157e-11 4.16042e-11 0)
(7.35639e-11 4.65099e-11 0)
(7.02854e-11 5.10567e-11 0)
(6.67098e-11 5.5202e-11 0)
(6.28656e-11 5.89148e-11 0)
(5.87844e-11 6.21583e-11 0)
(5.45047e-11 6.48935e-11 0)
(5.00613e-11 6.70789e-11 0)
(4.54864e-11 6.86727e-11 0)
(4.08253e-11 6.96316e-11 0)
(3.61387e-11 6.9911e-11 0)
(3.14682e-11 6.94605e-11 0)
(2.68672e-11 6.82251e-11 0)
(2.24394e-11 6.61444e-11 0)
(1.82146e-11 6.31342e-11 0)
(1.42717e-11 5.91138e-11 0)
(1.06543e-11 5.40075e-11 0)
(7.38306e-12 4.76101e-11 0)
(4.73602e-12 3.99143e-11 0)
(2.34544e-12 3.08135e-11 0)
(7.38859e-13 1.98017e-11 0)
(1.69695e-15 7.43924e-12 0)
(-9.68167e-14 -8.52882e-12 0)
(8.30373e-13 -2.27146e-11 0)
(2.02298e-12 -3.53263e-11 0)
(3.8487e-12 -4.59702e-11 0)
(6.26504e-12 -5.48377e-11 0)
(9.08666e-12 -6.20602e-11 0)
(1.21545e-11 -6.78224e-11 0)
(1.55709e-11 -7.22173e-11 0)
(1.92714e-11 -7.53374e-11 0)
(2.31015e-11 -7.73036e-11 0)
(2.70321e-11 -7.82161e-11 0)
(3.10282e-11 -7.81462e-11 0)
(3.50156e-11 -7.71895e-11 0)
(3.89411e-11 -7.54131e-11 0)
(4.27725e-11 -7.28894e-11 0)
(4.64669e-11 -6.96839e-11 0)
(4.99854e-11 -6.58621e-11 0)
(5.32961e-11 -6.14881e-11 0)
(5.6375e-11 -5.66194e-11 0)
(5.91932e-11 -5.13129e-11 0)
(6.17261e-11 -4.56266e-11 0)
(6.39606e-11 -3.96222e-11 0)
(6.58763e-11 -3.33463e-11 0)
(6.74556e-11 -2.68594e-11 0)
(6.86916e-11 -2.02103e-11 0)
(6.95825e-11 -1.3449e-11 0)
(7.0129e-11 -6.62475e-12 0)
(7.03325e-11 2.09041e-13 0)
(7.01931e-11 6.99838e-12 0)
(6.97065e-11 1.36935e-11 0)
(6.8871e-11 2.02446e-11 0)
(6.76949e-11 2.66106e-11 0)
(6.61882e-11 3.27455e-11 0)
(6.43635e-11 3.86137e-11 0)
(6.22358e-11 4.41754e-11 0)
(5.98238e-11 4.93887e-11 0)
(5.71453e-11 5.42158e-11 0)
(5.42241e-11 5.86206e-11 0)
(5.1085e-11 6.25635e-11 0)
(4.77529e-11 6.60065e-11 0)
(4.42581e-11 6.89073e-11 0)
(4.06301e-11 7.12228e-11 0)
(3.6897e-11 7.29106e-11 0)
(3.30961e-11 7.3925e-11 0)
(2.92782e-11 7.42144e-11 0)
(2.54763e-11 7.37254e-11 0)
(2.17369e-11 7.23967e-11 0)
(1.81603e-11 7.01612e-11 0)
(1.47452e-11 6.69437e-11 0)
(1.15141e-11 6.26353e-11 0)
(8.64098e-12 5.71323e-11 0)
(6.09091e-12 5.04036e-11 0)
(3.70553e-12 4.21841e-11 0)
(1.90229e-12 3.23112e-11 0)
(7.26995e-13 2.09563e-11 0)
(-3.46894e-16 7.7806e-12 0)
(-9.39691e-14 -8.79614e-12 0)
(6.71539e-13 -2.35717e-11 0)
(1.57369e-12 -3.66633e-11 0)
(2.93795e-12 -4.77844e-11 0)
(4.78746e-12 -5.70898e-11 0)
(6.95311e-12 -6.46957e-11 0)
(9.27855e-12 -7.07534e-11 0)
(1.19144e-11 -7.53712e-11 0)
(1.47701e-11 -7.86598e-11 0)
(1.76983e-11 -8.07452e-11 0)
(2.07249e-11 -8.17255e-11 0)
(2.38073e-11 -8.16795e-11 0)
(2.68776e-11 -8.06913e-11 0)
(2.99045e-11 -7.88476e-11 0)
(3.28618e-11 -7.62182e-11 0)
(3.57158e-11 -7.28777e-11 0)
(3.84332e-11 -6.88873e-11 0)
(4.09911e-11 -6.43183e-11 0)
(4.33692e-11 -5.92279e-11 0)
(4.55497e-11 -5.36868e-11 0)
(4.75102e-11 -4.77445e-11 0)
(4.92363e-11 -4.14678e-11 0)
(5.07155e-11 -3.49105e-11 0)
(5.1937e-11 -2.81293e-11 0)
(5.28967e-11 -2.11729e-11 0)
(5.35917e-11 -1.4099e-11 0)
(5.40207e-11 -6.95669e-12 0)
(5.4179e-11 1.92887e-13 0)
(5.40662e-11 7.29589e-12 0)
(5.36835e-11 1.42955e-11 0)
(5.30354e-11 2.11468e-11 0)
(5.21255e-11 2.78018e-11 0)
(5.09589e-11 3.42209e-11 0)
(4.9546e-11 4.03602e-11 0)
(4.78989e-11 4.61788e-11 0)
(4.60305e-11 5.16368e-11 0)
(4.39583e-11 5.66895e-11 0)
(4.17004e-11 6.13014e-11 0)
(3.92738e-11 6.54308e-11 0)
(3.66977e-11 6.90344e-11 0)
(3.39959e-11 7.20697e-11 0)
(3.11938e-11 7.44929e-11 0)
(2.83122e-11 7.62589e-11 0)
(2.53785e-11 7.73176e-11 0)
(2.24385e-11 7.7613e-11 0)
(1.95138e-11 7.70896e-11 0)
(1.66408e-11 7.56873e-11 0)
(1.39038e-11 7.3326e-11 0)
(1.12862e-11 6.99204e-11 0)
(8.83488e-12 6.5398e-11 0)
(6.66844e-12 5.96407e-11 0)
(4.64372e-12 5.249e-11 0)
(2.90466e-12 4.39052e-11 0)
(1.51447e-12 3.37868e-11 0)
(4.93294e-13 2.16503e-11 0)
(1.81641e-14 8.09682e-12 0)
(-9.31327e-14 -9.01027e-12 0)
(5.10023e-13 -2.42161e-11 0)
(1.10547e-12 -3.76857e-11 0)
(2.03232e-12 -4.91668e-11 0)
(3.34023e-12 -5.87669e-11 0)
(4.86321e-12 -6.66316e-11 0)
(6.46509e-12 -7.28932e-11 0)
(8.30294e-12 -7.76747e-11 0)
(1.03084e-11 -8.11033e-11 0)
(1.23545e-11 -8.32798e-11 0)
(1.44727e-11 -8.431e-11 0)
(1.66183e-11 -8.42842e-11 0)
(1.87827e-11 -8.32747e-11 0)
(2.09071e-11 -8.13846e-11 0)
(2.29834e-11 -7.86808e-11 0)
(2.49898e-11 -7.52366e-11 0)
(2.69019e-11 -7.1124e-11 0)
(2.87014e-11 -6.64095e-11 0)
(3.03744e-11 -6.11601e-11 0)
(3.19075e-11 -5.54361e-11 0)
(3.3287e-11 -4.93084e-11 0)
(3.45013e-11 -4.28287e-11 0)
(3.55448e-11 -3.60624e-11 0)
(3.64085e-11 -2.906e-11 0)
(3.70868e-11 -2.18791e-11 0)
(3.7579e-11 -1.45705e-11 0)
(3.78821e-11 -7.1959e-12 0)
(3.79915e-11 1.86595e-13 0)
(3.79089e-11 7.51449e-12 0)
(3.76344e-11 1.47365e-11 0)
(3.71696e-11 2.1808e-11 0)
(3.65215e-11 2.86814e-11 0)
(3.56968e-11 3.53112e-11 0)
(3.46986e-11 4.16542e-11 0)
(3.35373e-11 4.76645e-11 0)
(3.22185e-11 5.3301e-11 0)
(3.07555e-11 5.85236e-11 0)
(2.9165e-11 6.32881e-11 0)
(2.74548e-11 6.75518e-11 0)
(2.56391e-11 7.12717e-11 0)
(2.37378e-11 7.44041e-11 0)
(2.17686e-11 7.69043e-11 0)
(1.97443e-11 7.87237e-11 0)
(1.76823e-11 7.98121e-11 0)
(1.56261e-11 8.01078e-11 0)
(1.35801e-11 7.95553e-11 0)
(1.15744e-11 7.80884e-11 0)
(9.67541e-12 7.56306e-11 0)
(7.8826e-12 7.21013e-11 0)
(6.18063e-12 6.73937e-11 0)
(4.65305e-12 6.14119e-11 0)
(3.33778e-12 5.40847e-11 0)
(2.13065e-12 4.51922e-11 0)
(9.99071e-13 3.45821e-11 0)
(3.37554e-13 2.23445e-11 0)
(-4.63299e-14 8.25783e-12 0)
(-8.97739e-14 -9.15602e-12 0)
(3.32242e-13 -2.46373e-11 0)
(6.59257e-13 -3.8363e-11 0)
(1.151e-12 -5.0052e-11 0)
(1.92658e-12 -5.98421e-11 0)
(2.81196e-12 -6.78695e-11 0)
(3.6902e-12 -7.42728e-11 0)
(4.73262e-12 -7.91722e-11 0)
(5.88645e-12 -8.26888e-11 0)
(7.04553e-12 -8.4926e-11 0)
(8.29896e-12 -8.5976e-11 0)
(9.45041e-12 -8.59583e-11 0)
(1.07338e-11 -8.49591e-11 0)
(1.19496e-11 -8.30409e-11 0)
(1.31476e-11 -8.02893e-11 0)
(1.43048e-11 -7.67784e-11 0)
(1.54057e-11 -7.25861e-11 0)
(1.64421e-11 -6.77777e-11 0)
(1.74091e-11 -6.24238e-11 0)
(1.82929e-11 -5.65856e-11 0)
(1.90867e-11 -5.0333e-11 0)
(1.97875e-11 -4.37233e-11 0)
(2.03887e-11 -3.68197e-11 0)
(2.08905e-11 -2.96741e-11 0)
(2.12911e-11 -2.2343e-11 0)
(2.15845e-11 -1.48786e-11 0)
(2.17617e-11 -7.34999e-12 0)
(2.1816e-11 1.8413e-13 0)
(2.17505e-11 7.66189e-12 0)
(2.15803e-11 1.50319e-11 0)
(2.13077e-11 2.22474e-11 0)
(2.09296e-11 2.92652e-11 0)
(2.04475e-11 3.6035e-11 0)
(1.98634e-11 4.25109e-11 0)
(1.91831e-11 4.86499e-11 0)
(1.84161e-11 5.44022e-11 0)
(1.75673e-11 5.9735e-11 0)
(1.66425e-11 6.45968e-11 0)
(1.56502e-11 6.89463e-11 0)
(1.45987e-11 7.27406e-11 0)
(1.35006e-11 7.59348e-11 0)
(1.2367e-11 7.84813e-11 0)
(1.12039e-11 8.03327e-11 0)
(1.00103e-11 8.14312e-11 0)
(8.85744e-12 8.17181e-11 0)
(7.67222e-12 8.11548e-11 0)
(6.53697e-12 7.96472e-11 0)
(5.49155e-12 7.71214e-11 0)
(4.48041e-12 7.34909e-11 0)
(3.52958e-12 6.86807e-11 0)
(2.78786e-12 6.25847e-11 0)
(1.9826e-12 5.50078e-11 0)
(1.17099e-12 4.59588e-11 0)
(7.19614e-13 3.5297e-11 0)
(2.28136e-13 2.26035e-11 0)
(3.26154e-14 8.39323e-12 0)
(-8.7989e-14 -9.21572e-12 0)
(1.59745e-13 -2.48311e-11 0)
(2.12229e-13 -3.86593e-11 0)
(2.96414e-13 -5.04379e-11 0)
(5.35699e-13 -6.03144e-11 0)
(7.83565e-13 -6.842e-11 0)
(9.37523e-13 -7.48899e-11 0)
(1.18779e-12 -7.9848e-11 0)
(1.49429e-12 -8.34091e-11 0)
(1.75563e-12 -8.56841e-11 0)
(2.08175e-12 -8.67623e-11 0)
(2.3969e-12 -8.67507e-11 0)
(2.74678e-12 -8.57423e-11 0)
(3.04658e-12 -8.38043e-11 0)
(3.35939e-12 -8.10308e-11 0)
(3.66576e-12 -7.7495e-11 0)
(3.957e-12 -7.32668e-11 0)
(4.23144e-12 -6.84152e-11 0)
(4.48773e-12 -6.3009e-11 0)
(4.72154e-12 -5.71181e-11 0)
(4.93016e-12 -5.08022e-11 0)
(5.11411e-12 -4.41288e-11 0)
(5.27826e-12 -3.71526e-11 0)
(5.42359e-12 -2.99336e-11 0)
(5.54638e-12 -2.25304e-11 0)
(5.63443e-12 -1.50054e-11 0)
(5.67797e-12 -7.41825e-12 0)
(5.67773e-12 1.72155e-13 0)
(5.63969e-12 7.71483e-12 0)
(5.57507e-12 1.51602e-11 0)
(5.48821e-12 2.24512e-11 0)
(5.37598e-12 2.95386e-11 0)
(5.23489e-12 3.63748e-11 0)
(5.06754e-12 4.29139e-11 0)
(4.8719e-12 4.91109e-11 0)
(4.65434e-12 5.4924e-11 0)
(4.4169e-12 6.03033e-11 0)
(4.15828e-12 6.52102e-11 0)
(3.88492e-12 6.95988e-11 0)
(3.59762e-12 7.34262e-11 0)
(3.30184e-12 7.66465e-11 0)
(3.00421e-12 7.92131e-11 0)
(2.70321e-12 8.1077e-11 0)
(2.39579e-12 8.21865e-11 0)
(2.09801e-12 8.24857e-11 0)
(1.79158e-12 8.18898e-11 0)
(1.53377e-12 8.03501e-11 0)
(1.31148e-12 7.77883e-11 0)
(1.13274e-12 7.41169e-11 0)
(9.59572e-13 6.9244e-11 0)
(7.49272e-13 6.3059e-11 0)
(6.47813e-13 5.54734e-11 0)
(6.00541e-13 4.63239e-11 0)
(1.52186e-13 3.54377e-11 0)
(-4.81343e-14 2.28414e-11 0)
(-4.02575e-14 8.40919e-12 0)
(-8.82586e-14 -9.21114e-12 0)
(8.31153e-15 -2.47816e-11 0)
(-1.98279e-13 -3.85911e-11 0)
(-5.47826e-13 -5.03444e-11 0)
(-8.43352e-13 -6.01981e-11 0)
(-1.22731e-12 -6.82905e-11 0)
(-1.79181e-12 -7.47488e-11 0)
(-2.32791e-12 -7.97009e-11 0)
(-2.85755e-12 -8.32591e-11 0)
(-3.43812e-12 -8.55339e-11 0)
(-4.08944e-12 -8.66204e-11 0)
(-4.62673e-12 -8.66128e-11 0)
(-5.25847e-12 -8.56042e-11 0)
(-5.82173e-12 -8.36755e-11 0)
(-6.38405e-12 -8.09092e-11 0)
(-6.92234e-12 -7.73813e-11 0)
(-7.43433e-12 -7.31602e-11 0)
(-7.91637e-12 -6.83158e-11 0)
(-8.36551e-12 -6.29162e-11 0)
(-8.7779e-12 -5.70293e-11 0)
(-9.15083e-12 -5.07152e-11 0)
(-9.47681e-12 -4.40372e-11 0)
(-9.75021e-12 -3.7058e-11 0)
(-9.97095e-12 -2.98452e-11 0)
(-1.01413e-11 -2.24564e-11 0)
(-1.02675e-11 -1.49598e-11 0)
(-1.03551e-11 -7.40207e-12 0)
(-1.04042e-11 1.64143e-13 0)
(-1.04052e-11 7.69177e-12 0)
(-1.03535e-11 1.51244e-11 0)
(-1.02516e-11 2.24121e-11 0)
(-1.00998e-11 2.94956e-11 0)
(-9.9003e-12 3.6329e-11 0)
(-9.65689e-12 4.28635e-11 0)
(-9.36819e-12 4.90531e-11 0)
(-9.03865e-12 5.48573e-11 0)
(-8.66986e-12 6.02285e-11 0)
(-8.26166e-12 6.51263e-11 0)
(-7.81997e-12 6.95068e-11 0)
(-7.34633e-12 7.33241e-11 0)
(-6.84253e-12 7.65375e-11 0)
(-6.31158e-12 7.90967e-11 0)
(-5.76928e-12 8.09522e-11 0)
(-5.20448e-12 8.20513e-11 0)
(-4.6192e-12 8.23454e-11 0)
(-3.99958e-12 8.17417e-11 0)
(-3.42906e-12 8.01967e-11 0)
(-2.80654e-12 7.7631e-11 0)
(-2.22106e-12 7.39547e-11 0)
(-1.68043e-12 6.90911e-11 0)
(-1.0417e-12 6.29228e-11 0)
(-6.39474e-13 5.52907e-11 0)
(-5.13943e-13 4.61765e-11 0)
(-6.96521e-14 3.54251e-11 0)
(-3.14452e-14 2.27081e-11 0)
(3.90789e-14 8.39529e-12 0)
(-1.21503e-13 -9.10007e-12 0)
(-1.25717e-13 -2.45339e-11 0)
(-6.37612e-13 -3.81657e-11 0)
(-1.38021e-12 -4.97656e-11 0)
(-2.21044e-12 -5.94981e-11 0)
(-3.22832e-12 -6.74837e-11 0)
(-4.50919e-12 -7.38544e-11 0)
(-5.83075e-12 -7.87404e-11 0)
(-7.19665e-12 -8.22495e-11 0)
(-8.66286e-12 -8.44853e-11 0)
(-1.0195e-11 -8.55486e-11 0)
(-1.16352e-11 -8.55421e-11 0)
(-1.31611e-11 -8.45541e-11 0)
(-1.46329e-11 -8.26553e-11 0)
(-1.60675e-11 -7.99246e-11 0)
(-1.74462e-11 -7.64372e-11 0)
(-1.87578e-11 -7.22661e-11 0)
(-1.9993e-11 -6.74803e-11 0)
(-2.11418e-11 -6.21475e-11 0)
(-2.21922e-11 -5.63285e-11 0)
(-2.31354e-11 -5.00906e-11 0)
(-2.39679e-11 -4.34917e-11 0)
(-2.46841e-11 -3.65981e-11 0)
(-2.52745e-11 -2.94695e-11 0)
(-2.57415e-11 -2.21737e-11 0)
(-2.60853e-11 -1.47644e-11 0)
(-2.63004e-11 -7.29942e-12 0)
(-2.63884e-11 1.79436e-13 0)
(-2.635e-11 7.61987e-12 0)
(-2.61812e-11 1.49692e-11 0)
(-2.58857e-11 2.21689e-11 0)
(-2.54693e-11 2.91699e-11 0)
(-2.49321e-11 3.59173e-11 0)
(-2.42796e-11 4.23731e-11 0)
(-2.35145e-11 4.84877e-11 0)
(-2.2641e-11 5.4218e-11 0)
(-2.16665e-11 5.95216e-11 0)
(-2.05984e-11 6.43561e-11 0)
(-1.94456e-11 6.86765e-11 0)
(-1.82142e-11 7.24456e-11 0)
(-1.69131e-11 7.56125e-11 0)
(-1.55549e-11 7.81358e-11 0)
(-1.41572e-11 7.99605e-11 0)
(-1.2718e-11 8.10332e-11 0)
(-1.12799e-11 8.12997e-11 0)
(-9.80492e-12 8.07185e-11 0)
(-8.36943e-12 7.91935e-11 0)
(-6.93877e-12 7.6658e-11 0)
(-5.5237e-12 7.30312e-11 0)
(-4.20076e-12 6.82144e-11 0)
(-3.10431e-12 6.21103e-11 0)
(-1.99806e-12 5.46374e-11 0)
(-9.42284e-13 4.55956e-11 0)
(-6.92699e-13 3.49023e-11 0)
(-4.15639e-13 2.24808e-11 0)
(-1.84881e-14 8.29833e-12 0)
(-7.83182e-14 -8.92041e-12 0)
(-2.79558e-13 -2.40423e-11 0)
(-1.02747e-12 -3.73798e-11 0)
(-2.21761e-12 -4.87106e-11 0)
(-3.5863e-12 -5.82097e-11 0)
(-5.22564e-12 -6.59967e-11 0)
(-7.22142e-12 -7.22064e-11 0)
(-9.32536e-12 -7.69668e-11 0)
(-1.15206e-11 -8.03829e-11 0)
(-1.38582e-11 -8.25612e-11 0)
(-1.62536e-11 -8.36054e-11 0)
(-1.86375e-11 -8.3594e-11 0)
(-2.10346e-11 -8.26114e-11 0)
(-2.33968e-11 -8.07511e-11 0)
(-2.56946e-11 -7.80802e-11 0)
(-2.79037e-11 -7.46719e-11 0)
(-3.00081e-11 -7.05944e-11 0)
(-3.19898e-11 -6.59186e-11 0)
(-3.38289e-11 -6.07054e-11 0)
(-3.5513e-11 -5.5021e-11 0)
(-3.70296e-11 -4.89252e-11 0)
(-3.83643e-11 -4.24836e-11 0)
(-3.95087e-11 -3.575e-11 0)
(-4.04607e-11 -2.87899e-11 0)
(-4.12143e-11 -2.16592e-11 0)
(-4.17648e-11 -1.44131e-11 0)
(-4.21064e-11 -7.10162e-12 0)
(-4.22352e-11 2.16492e-13 0)
(-4.21555e-11 7.4939e-12 0)
(-4.18731e-11 1.46735e-11 0)
(-4.13925e-11 2.17078e-11 0)
(-4.07167e-11 2.85435e-11 0)
(-3.98441e-11 3.51384e-11 0)
(-3.87813e-11 4.14412e-11 0)
(-3.75408e-11 4.74142e-11 0)
(-3.61289e-11 5.30071e-11 0)
(-3.45559e-11 5.8185e-11 0)
(-3.28342e-11 6.29002e-11 0)
(-3.09742e-11 6.71173e-11 0)
(-2.8993e-11 7.07901e-11 0)
(-2.6906e-11 7.38776e-11 0)
(-2.47279e-11 7.63314e-11 0)
(-2.24877e-11 7.81087e-11 0)
(-2.02026e-11 7.91555e-11 0)
(-1.78874e-11 7.94174e-11 0)
(-1.55679e-11 7.88356e-11 0)
(-1.32838e-11 7.73475e-11 0)
(-1.10078e-11 7.48734e-11 0)
(-8.85208e-12 7.13295e-11 0)
(-6.84486e-12 6.66373e-11 0)
(-4.83233e-12 6.06905e-11 0)
(-3.25892e-12 5.33435e-11 0)
(-2.17265e-12 4.45576e-11 0)
(-8.58038e-13 3.4193e-11 0)
(-3.30304e-13 2.19261e-11 0)
(6.4358e-14 8.1489e-12 0)
(-1.14771e-13 -8.68222e-12 0)
(-4.19032e-13 -2.33027e-11 0)
(-1.46947e-12 -3.62217e-11 0)
(-3.05464e-12 -4.71613e-11 0)
(-4.95749e-12 -5.6314e-11 0)
(-7.23009e-12 -6.38209e-11 0)
(-9.94037e-12 -6.97976e-11 0)
(-1.2822e-11 -7.43744e-11 0)
(-1.58427e-11 -7.76574e-11 0)
(-1.90403e-11 -7.97473e-11 0)
(-2.23125e-11 -8.07405e-11 0)
(-2.55953e-11 -8.07206e-11 0)
(-2.88767e-11 -7.97684e-11 0)
(-3.21132e-11 -7.7966e-11 0)
(-3.52624e-11 -7.53816e-11 0)
(-3.8292e-11 -7.20861e-11 0)
(-4.1178e-11 -6.8147e-11 0)
(-4.3894e-11 -6.36286e-11 0)
(-4.64167e-11 -5.8593e-11 0)
(-4.87249e-11 -5.3104e-11 0)
(-5.08023e-11 -4.72167e-11 0)
(-5.26334e-11 -4.09935e-11 0)
(-5.4208e-11 -3.44895e-11 0)
(-5.55151e-11 -2.77684e-11 0)
(-5.65446e-11 -2.08776e-11 0)
(-5.72897e-11 -1.38784e-11 0)
(-5.77487e-11 -6.81447e-12 0)
(-5.79222e-11 2.54549e-13 0)
(-5.78122e-11 7.28395e-12 0)
(-5.74188e-11 1.42155e-11 0)
(-5.67478e-11 2.101e-11 0)
(-5.5806e-11 2.76102e-11 0)
(-5.45988e-11 3.39813e-11 0)
(-5.31354e-11 4.00634e-11 0)
(-5.14261e-11 4.58275e-11 0)
(-4.94816e-11 5.12213e-11 0)
(-4.7316e-11 5.62157e-11 0)
(-4.49468e-11 6.07588e-11 0)
(-4.23914e-11 6.48237e-11 0)
(-3.96714e-11 6.83569e-11 0)
(-3.68071e-11 7.13312e-11 0)
(-3.38224e-11 7.36896e-11 0)
(-3.07506e-11 7.53991e-11 0)
(-2.76225e-11 7.63999e-11 0)
(-2.44537e-11 7.66523e-11 0)
(-2.1282e-11 7.60894e-11 0)
(-1.81608e-11 7.46577e-11 0)
(-1.51033e-11 7.22712e-11 0)
(-1.21264e-11 6.88693e-11 0)
(-9.33539e-12 6.43392e-11 0)
(-6.93773e-12 5.85998e-11 0)
(-4.63554e-12 5.15687e-11 0)
(-2.48917e-12 4.30567e-11 0)
(-1.54454e-12 3.29582e-11 0)
(-7.57395e-13 2.12693e-11 0)
(-5.86362e-14 7.87849e-12 0)
(-7.40635e-14 -8.33792e-12 0)
(-6.03983e-13 -2.23566e-11 0)
(-1.8738e-12 -3.46829e-11 0)
(-3.89541e-12 -4.5117e-11 0)
(-6.35225e-12 -5.38334e-11 0)
(-9.25777e-12 -6.09713e-11 0)
(-1.26745e-11 -6.66434e-11 0)
(-1.63323e-11 -7.09813e-11 0)
(-2.01719e-11 -7.40921e-11 0)
(-2.4221e-11 -7.60653e-11 0)
(-2.83647e-11 -7.69983e-11 0)
(-3.25283e-11 -7.69647e-11 0)
(-3.66842e-11 -7.60517e-11 0)
(-4.0782e-11 -7.43205e-11 0)
(-4.47685e-11 -7.18559e-11 0)
(-4.86061e-11 -6.87044e-11 0)
(-5.22613e-11 -6.49508e-11 0)
(-5.57007e-11 -6.06326e-11 0)
(-5.88952e-11 -5.58393e-11 0)
(-6.18175e-11 -5.05957e-11 0)
(-6.44466e-11 -4.49942e-11 0)
(-6.67625e-11 -3.90512e-11 0)
(-6.87532e-11 -3.28645e-11 0)
(-7.04053e-11 -2.64402e-11 0)
(-7.17083e-11 -1.988e-11 0)
(-7.26523e-11 -1.31852e-11 0)
(-7.32298e-11 -6.46175e-12 0)
(-7.34397e-11 3.00277e-13 0)
(-7.32875e-11 6.99074e-12 0)
(-7.27779e-11 1.36242e-11 0)
(-7.19199e-11 2.00883e-11 0)
(-7.07188e-11 2.64023e-11 0)
(-6.91829e-11 3.24538e-11 0)
(-6.73213e-11 3.82687e-11 0)
(-6.51476e-11 4.3738e-11 0)
(-6.26772e-11 4.88935e-11 0)
(-5.99296e-11 5.36255e-11 0)
(-5.69245e-11 5.7966e-11 0)
(-5.36836e-11 6.18085e-11 0)
(-5.02344e-11 6.51842e-11 0)
(-4.66051e-11 6.79887e-11 0)
(-4.28262e-11 7.02453e-11 0)
(-3.89392e-11 7.18494e-11 0)
(-3.4978e-11 7.28134e-11 0)
(-3.09655e-11 7.30364e-11 0)
(-2.69601e-11 7.25153e-11 0)
(-2.30178e-11 7.11414e-11 0)
(-1.91278e-11 6.8893e-11 0)
(-1.5436e-11 6.56419e-11 0)
(-1.19969e-11 6.13598e-11 0)
(-8.6316e-12 5.59217e-11 0)
(-5.89811e-12 4.91498e-11 0)
(-3.87301e-12 4.10654e-11 0)
(-1.66098e-12 3.15703e-11 0)
(-5.86814e-13 2.02531e-11 0)
(5.02244e-14 7.54856e-12 0)
(-9.25635e-14 -7.92014e-12 0)
(-7.73553e-13 -2.11611e-11 0)
(-2.32886e-12 -3.27844e-11 0)
(-4.77316e-12 -4.25882e-11 0)
(-7.77313e-12 -5.07625e-11 0)
(-1.13105e-11 -5.74608e-11 0)
(-1.5436e-11 -6.27627e-11 0)
(-1.98675e-11 -6.68144e-11 0)
(-2.452e-11 -6.97128e-11 0)
(-2.94112e-11 -7.15539e-11 0)
(-3.44126e-11 -7.24084e-11 0)
(-3.94427e-11 -7.23724e-11 0)
(-4.44575e-11 -7.14974e-11 0)
(-4.94036e-11 -6.9873e-11 0)
(-5.42132e-11 -6.75344e-11 0)
(-5.88431e-11 -6.45799e-11 0)
(-6.32494e-11 -6.10328e-11 0)
(-6.7401e-11 -5.69914e-11 0)
(-7.12528e-11 -5.24623e-11 0)
(-7.47786e-11 -4.75531e-11 0)
(-7.79469e-11 -4.22636e-11 0)
(-8.07419e-11 -3.67034e-11 0)
(-8.31381e-11 -3.08634e-11 0)
(-8.51251e-11 -2.48517e-11 0)
(-8.66852e-11 -1.86558e-11 0)
(-8.78145e-11 -1.23858e-11 0)
(-8.84998e-11 -6.02343e-12 0)
(-8.87469e-11 3.12472e-13 0)
(-8.85559e-11 6.64398e-12 0)
(-8.79338e-11 1.28545e-11 0)
(-8.68871e-11 1.89719e-11 0)
(-8.54296e-11 2.48804e-11 0)
(-8.35676e-11 3.06073e-11 0)
(-8.1315e-11 3.6041e-11 0)
(-7.8685e-11 4.12108e-11 0)
(-7.56979e-11 4.60103e-11 0)
(-7.23773e-11 5.04778e-11 0)
(-6.87468e-11 5.451e-11 0)
(-6.48343e-11 5.81386e-11 0)
(-6.06694e-11 6.12618e-11 0)
(-5.62899e-11 6.39104e-11 0)
(-5.1729e-11 6.59882e-11 0)
(-4.70407e-11 6.75158e-11 0)
(-4.22606e-11 6.83976e-11 0)
(-3.74259e-11 6.86331e-11 0)
(-3.25921e-11 6.81263e-11 0)
(-2.78357e-11 6.68612e-11 0)
(-2.31951e-11 6.4735e-11 0)
(-1.86996e-11 6.17227e-11 0)
(-1.44558e-11 5.7709e-11 0)
(-1.08248e-11 5.25717e-11 0)
(-7.36653e-12 4.6307e-11 0)
(-4.06654e-12 3.87354e-11 0)
(-2.41036e-12 2.96321e-11 0)
(-1.13764e-12 1.91985e-11 0)
(-4.37203e-14 7.11509e-12 0)
(-6.20046e-14 -7.40994e-12 0)
(-9.77634e-13 -1.97519e-11 0)
(-2.78388e-12 -3.04969e-11 0)
(-5.66478e-12 -3.9587e-11 0)
(-9.24815e-12 -4.70995e-11 0)
(-1.34249e-11 -5.32612e-11 0)
(-1.82422e-11 -5.81407e-11 0)
(-2.344e-11 -6.18545e-11 0)
(-2.8901e-11 -6.45057e-11 0)
(-3.4618e-11 -6.61876e-11 0)
(-4.04674e-11 -6.69642e-11 0)
(-4.63457e-11 -6.69197e-11 0)
(-5.2206e-11 -6.60975e-11 0)
(-5.79716e-11 -6.45901e-11 0)
(-6.35874e-11 -6.24191e-11 0)
(-6.89929e-11 -5.96892e-11 0)
(-7.41444e-11 -5.63992e-11 0)
(-7.89823e-11 -5.26669e-11 0)
(-8.34777e-11 -4.84709e-11 0)
(-8.75888e-11 -4.39412e-11 0)
(-9.12895e-11 -3.90383e-11 0)
(-9.45454e-11 -3.39116e-11 0)
(-9.73385e-11 -2.84926e-11 0)
(-9.96482e-11 -2.29554e-11 0)
(-1.01463e-10 -1.72032e-11 0)
(-1.02766e-10 -1.14303e-11 0)
(-1.03557e-10 -5.51922e-12 0)
(-1.03831e-10 3.13423e-13 0)
(-1.03596e-10 6.20415e-12 0)
(-1.02853e-10 1.19218e-11 0)
(-1.01618e-10 1.76188e-11 0)
(-9.99036e-11 2.30534e-11 0)
(-9.77215e-11 2.83896e-11 0)
(-9.50872e-11 3.3371e-11 0)
(-9.20174e-11 3.81816e-11 0)
(-8.85278e-11 4.25677e-11 0)
(-8.46438e-11 4.67244e-11 0)
(-8.04014e-11 5.03953e-11 0)
(-7.58306e-11 5.37696e-11 0)
(-7.09693e-11 5.65991e-11 0)
(-6.58499e-11 5.90697e-11 0)
(-6.05226e-11 6.09436e-11 0)
(-5.50372e-11 6.23869e-11 0)
(-4.94569e-11 6.31682e-11 0)
(-4.38124e-11 6.342e-11 0)
(-3.81852e-11 6.29265e-11 0)
(-3.26434e-11 6.17982e-11 0)
(-2.71903e-11 5.98259e-11 0)
(-2.19884e-11 5.70824e-11 0)
(-1.7192e-11 5.33501e-11 0)
(-1.2513e-11 4.87178e-11 0)
(-8.56846e-12 4.28903e-11 0)
(-5.6594e-12 3.58518e-11 0)
(-2.51759e-12 2.75871e-11 0)
(-8.58672e-13 1.78351e-11 0)
(7.32263e-14 6.65129e-12 0)
(-2.99867e-14 -6.8507e-12 0)
(-1.14767e-12 -1.81531e-11 0)
(-3.2769e-12 -2.79382e-11 0)
(-6.61953e-12 -3.61742e-11 0)
(-1.07333e-11 -4.2962e-11 0)
(-1.55837e-11 -4.84715e-11 0)
(-2.11077e-11 -5.28599e-11 0)
(-2.70548e-11 -5.61744e-11 0)
(-3.33123e-11 -5.85557e-11 0)
(-3.98522e-11 -6.00362e-11 0)
(-4.65296e-11 -6.07453e-11 0)
(-5.32331e-11 -6.06638e-11 0)
(-5.99165e-11 -5.9951e-11 0)
(-6.64941e-11 -5.85383e-11 0)
(-7.28998e-11 -5.66263e-11 0)
(-7.90566e-11 -5.40925e-11 0)
(-8.49238e-11 -5.1184e-11 0)
(-9.04402e-11 -4.77201e-11 0)
(-9.55642e-11 -4.40062e-11 0)
(-1.00244e-10 -3.98035e-11 0)
(-1.04459e-10 -3.54687e-11 0)
(-1.08162e-10 -3.07036e-11 0)
(-1.11345e-10 -2.5918e-11 0)
(-1.13966e-10 -2.07612e-11 0)
(-1.16027e-10 -1.56853e-11 0)
(-1.17498e-10 -1.02924e-11 0)
(-1.18387e-10 -5.07785e-12 0)
(-1.18681e-10 3.91172e-13 0)
(-1.18397e-10 5.57492e-12 0)
(-1.1753e-10 1.09447e-11 0)
(-1.16105e-10 1.59347e-11 0)
(-1.14132e-10 2.10411e-11 0)
(-1.11641e-10 2.56812e-11 0)
(-1.08632e-10 3.03751e-11 0)
(-1.05125e-10 3.45358e-11 0)
(-1.01137e-10 3.87024e-11 0)
(-9.67053e-11 4.22781e-11 0)
(-9.18674e-11 4.57953e-11 0)
(-8.66532e-11 4.86733e-11 0)
(-8.11051e-11 5.14221e-11 0)
(-7.52601e-11 5.3495e-11 0)
(-6.91809e-11 5.53709e-11 0)
(-6.29235e-11 5.65278e-11 0)
(-5.65656e-11 5.73859e-11 0)
(-5.01363e-11 5.74784e-11 0)
(-4.37199e-11 5.71666e-11 0)
(-3.73915e-11 5.60322e-11 0)
(-3.12313e-11 5.43628e-11 0)
(-2.52799e-11 5.17845e-11 0)
(-1.96286e-11 4.85559e-11 0)
(-1.4715e-11 4.42864e-11 0)
(-1.02016e-11 3.90576e-11 0)
(-5.79238e-12 3.28342e-11 0)
(-3.22142e-12 2.52671e-11 0)
(-1.45654e-12 1.6349e-11 0)
(5.35143e-14 6.18128e-12 0)
(-3.98439e-14 -6.25636e-12 0)
(-1.34987e-12 -1.63027e-11 0)
(-3.79326e-12 -2.50405e-11 0)
(-7.61234e-12 -3.22662e-11 0)
(-1.22911e-11 -3.82573e-11 0)
(-1.7782e-11 -4.30667e-11 0)
(-2.40154e-11 -4.68705e-11 0)
(-3.07175e-11 -4.97728e-11 0)
(-3.77556e-11 -5.18246e-11 0)
(-4.51074e-11 -5.31276e-11 0)
(-5.25912e-11 -5.37084e-11 0)
(-6.01251e-11 -5.36631e-11 0)
(-6.76032e-11 -5.29941e-11 0)
(-7.49793e-11 -5.17961e-11 0)
(-8.2134e-11 -5.0057e-11 0)
(-8.90425e-11 -4.78844e-11 0)
(-9.55924e-11 -4.52507e-11 0)
(-1.01773e-10 -4.2272e-11 0)
(-1.07488e-10 -3.89041e-11 0)
(-1.12739e-10 -3.52889e-11 0)
(-1.17434e-10 -3.13547e-11 0)
(-1.21587e-10 -2.72564e-11 0)
(-1.25122e-10 -2.29108e-11 0)
(-1.28059e-10 -1.84701e-11 0)
(-1.30337e-10 -1.38531e-11 0)
(-1.31976e-10 -9.20017e-12 0)
(-1.32939e-10 -4.43772e-12 0)
(-1.33263e-10 2.83444e-13 0)
(-1.32919e-10 5.02924e-12 0)
(-1.3194e-10 9.64387e-12 0)
(-1.30326e-10 1.4204e-11 0)
(-1.28116e-10 1.85655e-11 0)
(-1.25305e-10 2.28057e-11 0)
(-1.21923e-10 2.6795e-11 0)
(-1.17973e-10 3.06123e-11 0)
(-1.13491e-10 3.4141e-11 0)
(-1.08516e-10 3.7452e-11 0)
(-1.03079e-10 4.0438e-11 0)
(-9.72406e-11 4.31229e-11 0)
(-9.10157e-11 4.54397e-11 0)
(-8.44767e-11 4.7414e-11 0)
(-7.76587e-11 4.89688e-11 0)
(-7.06791e-11 5.01153e-11 0)
(-6.35542e-11 5.07811e-11 0)
(-5.63809e-11 5.09619e-11 0)
(-4.9199e-11 5.06043e-11 0)
(-4.21552e-11 4.96744e-11 0)
(-3.5212e-11 4.8141e-11 0)
(-2.85624e-11 4.5964e-11 0)
(-2.23759e-11 4.30531e-11 0)
(-1.65367e-11 3.9327e-11 0)
(-1.12987e-11 3.49275e-11 0)
(-7.38265e-12 2.92605e-11 0)
(-3.47962e-12 2.26203e-11 0)
(-1.08575e-12 1.48035e-11 0)
(4.16771e-14 5.64268e-12 0)
(-1.27514e-13 -5.52515e-12 0)
(-1.50162e-12 -1.42076e-11 0)
(-4.3747e-12 -2.16813e-11 0)
(-8.67744e-12 -2.7731e-11 0)
(-1.39353e-11 -3.2733e-11 0)
(-2.00386e-11 -3.67469e-11 0)
(-2.69934e-11 -3.99058e-11 0)
(-3.44338e-11 -4.23341e-11 0)
(-4.22475e-11 -4.40301e-11 0)
(-5.03803e-11 -4.51328e-11 0)
(-5.86764e-11 -4.55867e-11 0)
(-6.69921e-11 -4.55678e-11 0)
(-7.52702e-11 -4.4953e-11 0)
(-8.33999e-11 -4.39839e-11 0)
(-9.13171e-11 -4.24487e-11 0)
(-9.89183e-11 -4.06754e-11 0)
(-1.06161e-10 -3.83536e-11 0)
(-1.12957e-10 -3.59184e-11 0)
(-1.19281e-10 -3.29502e-11 0)
(-1.25046e-10 -2.99912e-11 0)
(-1.30239e-10 -2.65116e-11 0)
(-1.34794e-10 -2.31649e-11 0)
(-1.38699e-10 -1.93109e-11 0)
(-1.41912e-10 -1.5717e-11 0)
(-1.4442e-10 -1.16107e-11 0)
(-1.46198e-10 -7.85444e-12 0)
(-1.47253e-10 -3.58746e-12 0)
(-1.47576e-10 2.11072e-13 0)
(-1.47188e-10 4.46531e-12 0)
(-1.46083e-10 8.11426e-12 0)
(-1.44287e-10 1.21669e-11 0)
(-1.41821e-10 1.55373e-11 0)
(-1.38708e-10 1.93311e-11 0)
(-1.34954e-10 2.24304e-11 0)
(-1.30572e-10 2.5946e-11 0)
(-1.25597e-10 2.8696e-11 0)
(-1.20062e-10 3.18058e-11 0)
(-1.14064e-10 3.40904e-11 0)
(-1.07601e-10 3.66787e-11 0)
(-1.00724e-10 3.84439e-11 0)
(-9.34897e-11 4.04149e-11 0)
(-8.59842e-11 4.15037e-11 0)
(-7.82682e-11 4.27126e-11 0)
(-7.04431e-11 4.30592e-11 0)
(-6.25269e-11 4.34252e-11 0)
(-5.46399e-11 4.29301e-11 0)
(-4.68405e-11 4.235e-11 0)
(-3.92184e-11 4.09065e-11 0)
(-3.18735e-11 3.92169e-11 0)
(-2.49352e-11 3.66678e-11 0)
(-1.86011e-11 3.37662e-11 0)
(-1.30324e-11 2.982e-11 0)
(-7.75767e-12 2.52054e-11 0)
(-4.08809e-12 1.97997e-11 0)
(-1.6139e-12 1.27992e-11 0)
(-1.12643e-13 4.96908e-12 0)
(4.8434e-15 -4.67969e-12 0)
(-1.80115e-12 -1.17892e-11 0)
(-4.91684e-12 -1.77815e-11 0)
(-9.67608e-12 -2.26116e-11 0)
(-1.55598e-11 -2.64832e-11 0)
(-2.23251e-11 -2.96503e-11 0)
(-2.99967e-11 -3.21537e-11 0)
(-3.81812e-11 -3.40028e-11 0)
(-4.67655e-11 -3.53833e-11 0)
(-5.56724e-11 -3.61955e-11 0)
(-6.47519e-11 -3.66132e-11 0)
(-7.38462e-11 -3.65019e-11 0)
(-8.29048e-11 -3.6111e-11 0)
(-9.17817e-11 -3.5205e-11 0)
(-1.00432e-10 -3.41218e-11 0)
(-1.08722e-10 -3.25233e-11 0)
(-1.16635e-10 -3.08597e-11 0)
(-1.24039e-10 -2.86726e-11 0)
(-1.30938e-10 -2.65387e-11 0)
(-1.37213e-10 -2.38634e-11 0)
(-1.42877e-10 -2.13703e-11 0)
(-1.47829e-10 -1.8329e-11 0)
(-1.52105e-10 -1.5596e-11 0)
(-1.55594e-10 -1.23118e-11 0)
(-1.58332e-10 -9.44076e-12 0)
(-1.60245e-10 -5.98981e-12 0)
(-1.61394e-10 -3.02055e-12 0)
(-1.61736e-10 5.04734e-13 0)
(-1.61325e-10 3.39233e-12 0)
(-1.60123e-10 6.76497e-12 0)
(-1.58177e-10 9.38685e-12 0)
(-1.55445e-10 1.2533e-11 0)
(-1.51965e-10 1.49687e-11 0)
(-1.47758e-10 1.79784e-11 0)
(-1.429e-10 2.02506e-11 0)
(-1.37418e-10 2.30475e-11 0)
(-1.31365e-10 2.50378e-11 0)
(-1.24776e-10 2.74705e-11 0)
(-1.17666e-10 2.91179e-11 0)
(-1.10157e-10 3.10878e-11 0)
(-1.02293e-10 3.22294e-11 0)
(-9.41466e-11 3.36062e-11 0)
(-8.57378e-11 3.41445e-11 0)
(-7.7212e-11 3.4837e-11 0)
(-6.85728e-11 3.47552e-11 0)
(-5.99724e-11 3.47288e-11 0)
(-5.14616e-11 3.39551e-11 0)
(-4.31652e-11 3.3109e-11 0)
(-3.51117e-11 3.15563e-11 0)
(-2.75771e-11 2.9801e-11 0)
(-2.05143e-11 2.72761e-11 0)
(-1.42892e-11 2.43651e-11 0)
(-9.02092e-12 2.07799e-11 0)
(-4.53289e-12 1.60493e-11 0)
(-1.62303e-12 1.08196e-11 0)
(6.7077e-14 4.14943e-12 0)
(-2.436e-13 -3.56596e-12 0)
(-2.03189e-12 -8.92973e-12 0)
(-5.61868e-12 -1.31903e-11 0)
(-1.08242e-11 -1.68219e-11 0)
(-1.72649e-11 -1.96229e-11 0)
(-2.47384e-11 -2.19715e-11 0)
(-3.30435e-11 -2.38168e-11 0)
(-4.19756e-11 -2.52046e-11 0)
(-5.13166e-11 -2.62024e-11 0)
(-6.09983e-11 -2.68294e-11 0)
(-7.08235e-11 -2.71038e-11 0)
(-8.07148e-11 -2.70628e-11 0)
(-9.05019e-11 -2.67263e-11 0)
(-1.00151e-10 -2.61113e-11 0)
(-1.09483e-10 -2.52436e-11 0)
(-1.18494e-10 -2.4133e-11 0)
(-1.2701e-10 -2.2816e-11 0)
(-1.35058e-10 -2.12839e-11 0)
(-1.42466e-10 -1.95953e-11 0)
(-1.49287e-10 -1.77287e-11 0)
(-1.55363e-10 -1.57521e-11 0)
(-1.60756e-10 -1.36349e-11 0)
(-1.65321e-10 -1.14696e-11 0)
(-1.69135e-10 -9.19586e-12 0)
(-1.72065e-10 -6.92821e-12 0)
(-1.7418e-10 -4.5455e-12 0)
(-1.75396e-10 -2.15683e-12 0)
(-1.75803e-10 2.94836e-13 0)
(-1.75337e-10 2.64176e-12 0)
(-1.74055e-10 4.95802e-12 0)
(-1.71876e-10 7.10055e-12 0)
(-1.68851e-10 9.23328e-12 0)
(-1.64993e-10 1.12522e-11 0)
(-1.60371e-10 1.32997e-11 0)
(-1.55025e-10 1.519e-11 0)
(-1.49019e-10 1.70577e-11 0)
(-1.4241e-10 1.87109e-11 0)
(-1.352e-10 2.0333e-11 0)
(-1.27539e-10 2.1685e-11 0)
(-1.19409e-10 2.29815e-11 0)
(-1.10923e-10 2.39576e-11 0)
(-1.02101e-10 2.4812e-11 0)
(-9.30819e-11 2.53287e-11 0)
(-8.3831e-11 2.57212e-11 0)
(-7.45386e-11 2.57613e-11 0)
(-6.52075e-11 2.56452e-11 0)
(-5.60573e-11 2.5149e-11 0)
(-4.70151e-11 2.44706e-11 0)
(-3.83536e-11 2.33658e-11 0)
(-3.01311e-11 2.20106e-11 0)
(-2.26579e-11 2.02279e-11 0)
(-1.57964e-11 1.80103e-11 0)
(-9.8909e-12 1.53236e-11 0)
(-5.25368e-12 1.21005e-11 0)
(-2.0507e-12 8.04515e-12 0)
(-2.40703e-13 3.18347e-12 0)
(-3.68688e-14 -2.18924e-12 0)
(-2.58076e-12 -5.38579e-12 0)
(-6.43403e-12 -8.11782e-12 0)
(-1.22393e-11 -1.02524e-11 0)
(-1.91987e-11 -1.20879e-11 0)
(-2.73105e-11 -1.36123e-11 0)
(-3.62978e-11 -1.48064e-11 0)
(-4.58954e-11 -1.57109e-11 0)
(-5.59598e-11 -1.63206e-11 0)
(-6.63577e-11 -1.67494e-11 0)
(-7.69499e-11 -1.69035e-11 0)
(-8.75682e-11 -1.69183e-11 0)
(-9.81265e-11 -1.66557e-11 0)
(-1.08472e-10 -1.63276e-11 0)
(-1.18539e-10 -1.57163e-11 0)
(-1.28193e-10 -1.50975e-11 0)
(-1.37383e-10 -1.41715e-11 0)
(-1.4599e-10 -1.33222e-11 0)
(-1.53992e-10 -1.21423e-11 0)
(-1.61273e-10 -1.11231e-11 0)
(-1.67827e-10 -9.74849e-12 0)
(-1.73571e-10 -8.61066e-12 0)
(-1.78496e-10 -7.08156e-12 0)
(-1.82537e-10 -5.90246e-12 0)
(-1.85723e-10 -4.3578e-12 0)
(-1.87999e-10 -3.15144e-12 0)
(-1.89353e-10 -1.38601e-12 0)
(-1.89739e-10 9.76969e-15 0)
(-1.89203e-10 1.87032e-12 0)
(-1.87702e-10 3.15523e-12 0)
(-1.85309e-10 4.83714e-12 0)
(-1.81997e-10 5.92474e-12 0)
(-1.778e-10 7.5159e-12 0)
(-1.72765e-10 8.52412e-12 0)
(-1.6699e-10 9.98013e-12 0)
(-1.60522e-10 1.08045e-11 0)
(-1.53383e-10 1.20694e-11 0)
(-1.4566e-10 1.27212e-11 0)
(-1.37343e-10 1.37663e-11 0)
(-1.28593e-10 1.42107e-11 0)
(-1.19486e-10 1.49999e-11 0)
(-1.10052e-10 1.52265e-11 0)
(-1.00305e-10 1.57805e-11 0)
(-9.04096e-11 1.57827e-11 0)
(-8.04003e-11 1.60138e-11 0)
(-7.04333e-11 1.57269e-11 0)
(-6.05658e-11 1.55948e-11 0)
(-5.09535e-11 1.49807e-11 0)
(-4.16508e-11 1.44191e-11 0)
(-3.28621e-11 1.34092e-11 0)
(-2.47256e-11 1.23228e-11 0)
(-1.7451e-11 1.0903e-11 0)
(-1.11777e-11 9.26851e-12 0)
(-5.89799e-12 7.2779e-12 0)
(-2.46364e-12 4.82931e-12 0)
(6.12553e-15 1.95846e-12 0)
(-3.40324e-13 -7.60895e-13 0)
(-2.89165e-12 -1.87623e-12 0)
(-7.30877e-12 -2.66541e-12 0)
(-1.3557e-11 -3.60457e-12 0)
(-2.12077e-11 -4.16416e-12 0)
(-2.98747e-11 -4.66247e-12 0)
(-3.94493e-11 -5.04994e-12 0)
(-4.97193e-11 -5.35522e-12 0)
(-6.05095e-11 -5.59464e-12 0)
(-7.16575e-11 -5.73124e-12 0)
(-8.29819e-11 -5.77915e-12 0)
(-9.43536e-11 -5.76938e-12 0)
(-1.05645e-10 -5.70133e-12 0)
(-1.16739e-10 -5.55897e-12 0)
(-1.27502e-10 -5.35994e-12 0)
(-1.37845e-10 -5.1145e-12 0)
(-1.47671e-10 -4.83593e-12 0)
(-1.56899e-10 -4.50018e-12 0)
(-1.65441e-10 -4.14641e-12 0)
(-1.73247e-10 -3.73774e-12 0)
(-1.80242e-10 -3.32198e-12 0)
(-1.86396e-10 -2.85331e-12 0)
(-1.91631e-10 -2.39169e-12 0)
(-1.95919e-10 -1.73096e-12 0)
(-1.9925e-10 -1.14228e-12 0)
(-2.0169e-10 -6.06955e-13 0)
(-2.03111e-10 -2.05188e-13 0)
(-2.035e-10 1.12217e-13 0)
(-2.02872e-10 3.96595e-13 0)
(-2.01199e-10 8.52298e-13 0)
(-1.98529e-10 1.33683e-12 0)
(-1.94933e-10 1.94795e-12 0)
(-1.90466e-10 2.45175e-12 0)
(-1.85098e-10 2.91694e-12 0)
(-1.78916e-10 3.28559e-12 0)
(-1.71961e-10 3.69595e-12 0)
(-1.64302e-10 4.01356e-12 0)
(-1.55989e-10 4.35425e-12 0)
(-1.47137e-10 4.58086e-12 0)
(-1.37785e-10 4.86102e-12 0)
(-1.27984e-10 5.04643e-12 0)
(-1.17817e-10 5.23997e-12 0)
(-1.07412e-10 5.30166e-12 0)
(-9.68274e-11 5.40105e-12 0)
(-8.61545e-11 5.38846e-12 0)
(-7.55017e-11 5.36789e-12 0)
(-6.50066e-11 5.23686e-12 0)
(-5.47323e-11 5.13138e-12 0)
(-4.48302e-11 4.8613e-12 0)
(-3.55104e-11 4.54485e-12 0)
(-2.68847e-11 4.19165e-12 0)
(-1.90437e-11 3.73681e-12 0)
(-1.21696e-11 3.16902e-12 0)
(-6.6672e-12 2.29878e-12 0)
(-2.69798e-12 1.78163e-12 0)
(-3.18508e-13 7.01418e-13 0)
)
;

boundaryField
{
    top
    {
        type            slip;
    }
    bottom
    {
        type            slip;
    }
    rotatingWall
    {
        type            rotatingWallVelocity;
        origin          (0 0 0);
        axis            (0 1 0);
        omega           constant 1140;
        value           uniform (0 0 0);
    }
    wall
    {
        type            rotatingWallVelocity;
        origin          (0 0 0);
        axis            (0 1 0);
        omega           constant 0;
        value           uniform (0 -0 -0);
    }
    frontAndBack
    {
        type            empty;
    }
}


// ************************************************************************* //
