/*--------------------------------*- C++ -*----------------------------------*\
| =========                 |                                                 |
| \\      /  F ield         | OpenFOAM: The Open Source CFD Toolbox           |
|  \\    /   O peration     | Version:  5.0                                   |
|   \\  /    A nd           | Web:      www.OpenFOAM.org                      |
|    \\/     M anipulation  |                                                 |
\*---------------------------------------------------------------------------*/
FoamFile
{
    version     2.0;
    format      ascii;
    class       volVectorField;
    location    "380";
    object      U;
}
// * * * * * * * * * * * * * * * * * * * * * * * * * * * * * * * * * * * * * //

dimensions      [0 1 -1 0 0 0 0];

internalField   nonuniform List<vector> 
1568
(
(2.33751e-16 -8.60708e-16 0)
(2.71597e-15 -1.9574e-15 0)
(7.34852e-15 -2.96558e-15 0)
(1.38103e-14 -3.64247e-15 0)
(2.13781e-14 -4.17989e-15 0)
(3.00336e-14 -4.72414e-15 0)
(3.95912e-14 -5.10165e-15 0)
(4.97809e-14 -5.39621e-15 0)
(6.04823e-14 -5.62589e-15 0)
(7.15478e-14 -5.76977e-15 0)
(8.28188e-14 -5.84295e-15 0)
(9.41648e-14 -5.85127e-15 0)
(1.05467e-13 -5.79782e-15 0)
(1.1661e-13 -5.68713e-15 0)
(1.27485e-13 -5.52441e-15 0)
(1.37994e-13 -5.31152e-15 0)
(1.48045e-13 -5.05344e-15 0)
(1.57554e-13 -4.75422e-15 0)
(1.66445e-13 -4.41733e-15 0)
(1.74649e-13 -4.04622e-15 0)
(1.82102e-13 -3.64472e-15 0)
(1.88754e-13 -3.21576e-15 0)
(1.94559e-13 -2.75354e-15 0)
(1.99433e-13 -2.18652e-15 0)
(2.03383e-13 -1.58163e-15 0)
(2.06417e-13 -1.03965e-15 0)
(2.08508e-13 -5.24837e-16 0)
(2.09546e-13 -1.40853e-16 0)
(2.09554e-13 1.35942e-16 0)
(2.0853e-13 5.1724e-16 0)
(2.06455e-13 1.03165e-15 0)
(2.03435e-13 1.5722e-15 0)
(1.99498e-13 2.1782e-15 0)
(1.94637e-13 2.74686e-15 0)
(1.88844e-13 3.20997e-15 0)
(1.82206e-13 3.63825e-15 0)
(1.74763e-13 4.04125e-15 0)
(1.6657e-13 4.41174e-15 0)
(1.5769e-13 4.75012e-15 0)
(1.48188e-13 5.04983e-15 0)
(1.38144e-13 5.30841e-15 0)
(1.27642e-13 5.52057e-15 0)
(1.16773e-13 5.68491e-15 0)
(1.05635e-13 5.79599e-15 0)
(9.43348e-14 5.85009e-15 0)
(8.29887e-14 5.84161e-15 0)
(7.17201e-14 5.76753e-15 0)
(6.06627e-14 5.6223e-15 0)
(4.99575e-14 5.40199e-15 0)
(3.9758e-14 5.09534e-15 0)
(3.02375e-14 4.70025e-15 0)
(2.15781e-14 4.21299e-15 0)
(1.3976e-14 3.60561e-15 0)
(7.60878e-15 2.89089e-15 0)
(3.00539e-15 1.93784e-15 0)
(3.94788e-16 8.04557e-16 0)
(5.73337e-17 -2.32856e-15 0)
(2.78417e-15 -5.35212e-15 0)
(6.79222e-15 -8.16904e-15 0)
(1.24674e-14 -1.02803e-14 0)
(1.95575e-14 -1.20683e-14 0)
(2.75812e-14 -1.34762e-14 0)
(3.63949e-14 -1.46035e-14 0)
(4.58922e-14 -1.54784e-14 0)
(5.58609e-14 -1.61148e-14 0)
(6.61501e-14 -1.6532e-14 0)
(7.66394e-14 -1.67427e-14 0)
(8.72105e-14 -1.67671e-14 0)
(9.77336e-14 -1.66155e-14 0)
(1.08103e-13 -1.62979e-14 0)
(1.18227e-13 -1.58271e-14 0)
(1.28008e-13 -1.52176e-14 0)
(1.3736e-13 -1.4477e-14 0)
(1.46209e-13 -1.36179e-14 0)
(1.54481e-13 -1.26499e-14 0)
(1.62111e-13 -1.15857e-14 0)
(1.69041e-13 -1.04335e-14 0)
(1.75218e-13 -9.20634e-15 0)
(1.80598e-13 -7.91619e-15 0)
(1.85146e-13 -6.58006e-15 0)
(1.88851e-13 -5.2601e-15 0)
(1.91678e-13 -3.89883e-15 0)
(1.93603e-13 -2.41502e-15 0)
(1.94568e-13 -8.20782e-16 0)
(1.94576e-13 7.9985e-16 0)
(1.93624e-13 2.39591e-15 0)
(1.91711e-13 3.88134e-15 0)
(1.88895e-13 5.24295e-15 0)
(1.85203e-13 6.56139e-15 0)
(1.80668e-13 7.89778e-15 0)
(1.753e-13 9.18873e-15 0)
(1.69133e-13 1.0417e-14 0)
(1.62213e-13 1.15712e-14 0)
(1.54593e-13 1.26361e-14 0)
(1.46328e-13 1.36056e-14 0)
(1.37488e-13 1.44662e-14 0)
(1.28142e-13 1.52086e-14 0)
(1.18365e-13 1.58199e-14 0)
(1.08245e-13 1.62926e-14 0)
(9.78758e-14 1.66103e-14 0)
(8.73541e-14 1.67649e-14 0)
(7.67891e-14 1.67424e-14 0)
(6.62956e-14 1.65307e-14 0)
(5.59978e-14 1.61127e-14 0)
(4.60309e-14 1.54756e-14 0)
(3.65451e-14 1.4603e-14 0)
(2.76937e-14 1.34664e-14 0)
(1.96497e-14 1.20312e-14 0)
(1.26076e-14 1.02957e-14 0)
(6.8077e-15 8.14814e-15 0)
(2.71384e-15 5.48602e-15 0)
(1.13598e-16 2.29374e-15 0)
(3.63287e-18 -3.57272e-15 0)
(2.20921e-15 -8.59264e-15 0)
(5.84242e-15 -1.30009e-14 0)
(1.11742e-14 -1.64958e-14 0)
(1.75278e-14 -1.93386e-14 0)
(2.4932e-14 -2.16762e-14 0)
(3.31162e-14 -2.35021e-14 0)
(4.18803e-14 -2.49173e-14 0)
(5.11008e-14 -2.5948e-14 0)
(6.0646e-14 -2.6619e-14 0)
(7.03694e-14 -2.69598e-14 0)
(8.01546e-14 -2.69956e-14 0)
(8.99053e-14 -2.67473e-14 0)
(9.95173e-14 -2.62333e-14 0)
(1.08893e-13 -2.54763e-14 0)
(1.1795e-13 -2.44916e-14 0)
(1.26613e-13 -2.32986e-14 0)
(1.34805e-13 -2.19143e-14 0)
(1.42462e-13 -2.03563e-14 0)
(1.49525e-13 -1.86404e-14 0)
(1.5594e-13 -1.67846e-14 0)
(1.6166e-13 -1.48046e-14 0)
(1.66643e-13 -1.27182e-14 0)
(1.70862e-13 -1.0549e-14 0)
(1.74281e-13 -8.32637e-15 0)
(1.76857e-13 -6.04e-15 0)
(1.7858e-13 -3.66939e-15 0)
(1.7945e-13 -1.23836e-15 0)
(1.79455e-13 1.20934e-15 0)
(1.78596e-13 3.64066e-15 0)
(1.76885e-13 6.01358e-15 0)
(1.74321e-13 8.30059e-15 0)
(1.70912e-13 1.05254e-14 0)
(1.66703e-13 1.26949e-14 0)
(1.61729e-13 1.47836e-14 0)
(1.5602e-13 1.67636e-14 0)
(1.49613e-13 1.86225e-14 0)
(1.42557e-13 2.03387e-14 0)
(1.34909e-13 2.18989e-14 0)
(1.26722e-13 2.32846e-14 0)
(1.18064e-13 2.44795e-14 0)
(1.09011e-13 2.54654e-14 0)
(9.96384e-14 2.62258e-14 0)
(9.00297e-14 2.67406e-14 0)
(8.02814e-14 2.69919e-14 0)
(7.04913e-14 2.69581e-14 0)
(6.0767e-14 2.66169e-14 0)
(5.12273e-14 2.59462e-14 0)
(4.20011e-14 2.49199e-14 0)
(3.32192e-14 2.34984e-14 0)
(2.50309e-14 2.16568e-14 0)
(1.7643e-14 1.9349e-14 0)
(1.11993e-14 1.64834e-14 0)
(5.88324e-15 1.29901e-14 0)
(2.24793e-15 8.69196e-15 0)
(3.89623e-17 3.52486e-15 0)
(-7.56743e-18 -4.5001e-15 0)
(1.95841e-15 -1.14465e-14 0)
(5.14036e-15 -1.72185e-14 0)
(9.84399e-15 -2.20714e-14 0)
(1.57018e-14 -2.59652e-14 0)
(2.24284e-14 -2.91168e-14 0)
(2.98922e-14 -3.16315e-14 0)
(3.7932e-14 -3.35634e-14 0)
(4.64086e-14 -3.49561e-14 0)
(5.51721e-14 -3.58645e-14 0)
(6.41086e-14 -3.63317e-14 0)
(7.31182e-14 -3.63789e-14 0)
(8.20895e-14 -3.60405e-14 0)
(9.09272e-14 -3.53485e-14 0)
(9.95538e-14 -3.43253e-14 0)
(1.07888e-13 -3.29954e-14 0)
(1.15853e-13 -3.13864e-14 0)
(1.23387e-13 -2.95193e-14 0)
(1.3043e-13 -2.74188e-14 0)
(1.36924e-13 -2.51063e-14 0)
(1.42822e-13 -2.26064e-14 0)
(1.4808e-13 -1.99406e-14 0)
(1.52663e-13 -1.71338e-14 0)
(1.56536e-13 -1.42089e-14 0)
(1.59666e-13 -1.11957e-14 0)
(1.62016e-13 -8.09351e-15 0)
(1.6358e-13 -4.90414e-15 0)
(1.64363e-13 -1.65216e-15 0)
(1.64368e-13 1.6158e-15 0)
(1.63594e-13 4.86901e-15 0)
(1.62039e-13 8.05949e-15 0)
(1.59697e-13 1.11631e-14 0)
(1.56577e-13 1.41772e-14 0)
(1.52712e-13 1.71039e-14 0)
(1.48137e-13 1.99122e-14 0)
(1.42885e-13 2.25807e-14 0)
(1.36994e-13 2.50811e-14 0)
(1.30506e-13 2.73971e-14 0)
(1.23469e-13 2.94995e-14 0)
(1.15941e-13 3.13689e-14 0)
(1.0798e-13 3.29809e-14 0)
(9.96492e-14 3.43138e-14 0)
(9.10248e-14 3.53388e-14 0)
(8.21867e-14 3.60366e-14 0)
(7.32178e-14 3.63753e-14 0)
(6.4211e-14 3.633e-14 0)
(5.52696e-14 3.58697e-14 0)
(4.65034e-14 3.496e-14 0)
(3.80226e-14 3.35616e-14 0)
(2.99747e-14 3.1639e-14 0)
(2.25094e-14 2.91284e-14 0)
(1.5747e-14 2.59624e-14 0)
(9.89299e-15 2.20572e-14 0)
(5.1726e-15 1.72938e-14 0)
(1.93652e-15 1.14494e-14 0)
(3.04945e-17 4.51616e-15 0)
(3.88038e-17 -5.36857e-15 0)
(1.65252e-15 -1.38036e-14 0)
(4.51467e-15 -2.10924e-14 0)
(8.7268e-15 -2.70234e-14 0)
(1.39485e-14 -3.19283e-14 0)
(2.00086e-14 -3.58951e-14 0)
(2.67655e-14 -3.90406e-14 0)
(3.40609e-14 -4.14486e-14 0)
(4.17626e-14 -4.31943e-14 0)
(4.97388e-14 -4.43353e-14 0)
(5.78811e-14 -4.49131e-14 0)
(6.60887e-14 -4.49746e-14 0)
(7.42637e-14 -4.45609e-14 0)
(8.23241e-14 -4.37032e-14 0)
(9.019e-14 -4.2434e-14 0)
(9.77864e-14 -4.07901e-14 0)
(1.05049e-13 -3.87974e-14 0)
(1.11918e-13 -3.64872e-14 0)
(1.18336e-13 -3.38876e-14 0)
(1.24254e-13 -3.10291e-14 0)
(1.29628e-13 -2.79371e-14 0)
(1.34419e-13 -2.46422e-14 0)
(1.38591e-13 -2.11711e-14 0)
(1.42112e-13 -1.75542e-14 0)
(1.44955e-13 -1.38149e-14 0)
(1.47093e-13 -9.97132e-15 0)
(1.48518e-13 -6.03317e-15 0)
(1.49232e-13 -2.03215e-15 0)
(1.49235e-13 1.99114e-15 0)
(1.48528e-13 5.99232e-15 0)
(1.4711e-13 9.93085e-15 0)
(1.44979e-13 1.37762e-14 0)
(1.42143e-13 1.75165e-14 0)
(1.38626e-13 2.11353e-14 0)
(1.34461e-13 2.46074e-14 0)
(1.29676e-13 2.79051e-14 0)
(1.24307e-13 3.09999e-14 0)
(1.18393e-13 3.3861e-14 0)
(1.11979e-13 3.64638e-14 0)
(1.05115e-13 3.87776e-14 0)
(9.78545e-14 4.07735e-14 0)
(9.026e-14 4.24213e-14 0)
(8.23979e-14 4.3694e-14 0)
(7.43385e-14 4.45555e-14 0)
(6.61616e-14 4.49749e-14 0)
(5.7956e-14 4.49157e-14 0)
(4.98105e-14 4.43397e-14 0)
(4.18281e-14 4.32033e-14 0)
(3.41324e-14 4.14612e-14 0)
(2.68298e-14 3.90526e-14 0)
(2.00451e-14 3.59076e-14 0)
(1.39827e-14 3.1952e-14 0)
(8.76959e-15 2.70679e-14 0)
(4.50708e-15 2.11004e-14 0)
(1.66592e-15 1.38789e-14 0)
(1.8755e-17 5.37365e-15 0)
(4.24179e-18 -6.12296e-15 0)
(1.44931e-15 -1.59446e-14 0)
(3.93727e-15 -2.44345e-14 0)
(7.66217e-15 -3.14766e-14 0)
(1.22812e-14 -3.72801e-14 0)
(1.76875e-14 -4.19819e-14 0)
(2.37271e-14 -4.57186e-14 0)
(3.0264e-14 -4.85809e-14 0)
(3.71769e-14 -5.06538e-14 0)
(4.4348e-14 -5.20089e-14 0)
(5.16765e-14 -5.26993e-14 0)
(5.90685e-14 -5.27793e-14 0)
(6.64358e-14 -5.22944e-14 0)
(7.37007e-14 -5.12871e-14 0)
(8.07898e-14 -4.97995e-14 0)
(8.76381e-14 -4.78673e-14 0)
(9.41855e-14 -4.55267e-14 0)
(1.00376e-13 -4.2814e-14 0)
(1.06161e-13 -3.97625e-14 0)
(1.11494e-13 -3.64049e-14 0)
(1.16336e-13 -3.27754e-14 0)
(1.20651e-13 -2.89064e-14 0)
(1.24406e-13 -2.48301e-14 0)
(1.27575e-13 -2.05782e-14 0)
(1.30131e-13 -1.61803e-14 0)
(1.32056e-13 -1.16617e-14 0)
(1.33341e-13 -7.0474e-15 0)
(1.33985e-13 -2.37133e-15 0)
(1.33988e-13 2.32565e-15 0)
(1.33348e-13 7.00291e-15 0)
(1.32067e-13 1.16188e-14 0)
(1.30146e-13 1.61384e-14 0)
(1.27595e-13 2.05377e-14 0)
(1.2443e-13 2.47917e-14 0)
(1.20679e-13 2.88706e-14 0)
(1.16368e-13 3.27419e-14 0)
(1.11529e-13 3.63746e-14 0)
(1.06199e-13 3.97347e-14 0)
(1.00417e-13 4.27895e-14 0)
(9.42292e-14 4.55059e-14 0)
(8.76841e-14 4.785e-14 0)
(8.08376e-14 4.97865e-14 0)
(7.37491e-14 5.12789e-14 0)
(6.64851e-14 5.22892e-14 0)
(5.91185e-14 5.27787e-14 0)
(5.17257e-14 5.27036e-14 0)
(4.43955e-14 5.20166e-14 0)
(3.72247e-14 5.06674e-14 0)
(3.03039e-14 4.85966e-14 0)
(2.37576e-14 4.57345e-14 0)
(1.77299e-14 4.20067e-14 0)
(1.23094e-14 3.73082e-14 0)
(7.64792e-15 3.15112e-14 0)
(3.95692e-15 2.4479e-14 0)
(1.46802e-15 1.6011e-14 0)
(1.45865e-17 6.12022e-15 0)
(3.63988e-18 -6.75389e-15 0)
(1.25982e-15 -1.78144e-14 0)
(3.41343e-15 -2.73734e-14 0)
(6.65153e-15 -3.53818e-14 0)
(1.0702e-14 -4.19903e-14 0)
(1.54429e-14 -4.73675e-14 0)
(2.07603e-14 -5.16446e-14 0)
(2.65358e-14 -5.4925e-14 0)
(3.26501e-14 -5.73035e-14 0)
(3.90019e-14 -5.88588e-14 0)
(4.55023e-14 -5.96542e-14 0)
(5.2063e-14 -5.97528e-14 0)
(5.86046e-14 -5.9209e-14 0)
(6.50569e-14 -5.80718e-14 0)
(7.13557e-14 -5.63871e-14 0)
(7.74413e-14 -5.41979e-14 0)
(8.32586e-14 -5.15468e-14 0)
(8.8759e-14 -4.84731e-14 0)
(9.38987e-14 -4.50158e-14 0)
(9.86369e-14 -4.12124e-14 0)
(1.02937e-13 -3.7101e-14 0)
(1.06768e-13 -3.27179e-14 0)
(1.10102e-13 -2.80991e-14 0)
(1.12913e-13 -2.32801e-14 0)
(1.15181e-13 -1.82959e-14 0)
(1.16891e-13 -1.3177e-14 0)
(1.18033e-13 -7.95775e-15 0)
(1.18605e-13 -2.67537e-15 0)
(1.18607e-13 2.6286e-15 0)
(1.18038e-13 7.9114e-15 0)
(1.16898e-13 1.31316e-14 0)
(1.15191e-13 1.82519e-14 0)
(1.12925e-13 2.32381e-14 0)
(1.10116e-13 2.80587e-14 0)
(1.06784e-13 3.26799e-14 0)
(1.02955e-13 3.70655e-14 0)
(9.86559e-14 4.11798e-14 0)
(9.39195e-14 4.49868e-14 0)
(8.87816e-14 4.8448e-14 0)
(8.32823e-14 5.15258e-14 0)
(7.74662e-14 5.41813e-14 0)
(7.1382e-14 5.63747e-14 0)
(6.50843e-14 5.8064e-14 0)
(5.8632e-14 5.92068e-14 0)
(5.20901e-14 5.97556e-14 0)
(4.55307e-14 5.96612e-14 0)
(3.90291e-14 5.88701e-14 0)
(3.26715e-14 5.73208e-14 0)
(2.65595e-14 5.49457e-14 0)
(2.07862e-14 5.16717e-14 0)
(1.54473e-14 4.73996e-14 0)
(1.07056e-14 4.20227e-14 0)
(6.67487e-15 3.54229e-14 0)
(3.40748e-15 2.74288e-14 0)
(1.24312e-15 1.78532e-14 0)
(1.41685e-17 6.76932e-15 0)
(1.12773e-17 -7.30856e-15 0)
(1.07069e-15 -1.94007e-14 0)
(2.9156e-15 -2.99184e-14 0)
(5.69057e-15 -3.87556e-14 0)
(9.17358e-15 -4.60864e-14 0)
(1.32649e-14 -5.20656e-14 0)
(1.7866e-14 -5.6824e-14 0)
(2.28701e-14 -6.04817e-14 0)
(2.81775e-14 -6.31377e-14 0)
(3.37019e-14 -6.48741e-14 0)
(3.93607e-14 -6.57687e-14 0)
(4.5074e-14 -6.58896e-14 0)
(5.07746e-14 -6.52965e-14 0)
(5.64007e-14 -6.40454e-14 0)
(6.18937e-14 -6.2188e-14 0)
(6.72006e-14 -5.97738e-14 0)
(7.22746e-14 -5.68487e-14 0)
(7.70724e-14 -5.34566e-14 0)
(8.15548e-14 -4.96411e-14 0)
(8.56863e-14 -4.54449e-14 0)
(8.9436e-14 -4.09081e-14 0)
(9.27758e-14 -3.60712e-14 0)
(9.56811e-14 -3.0975e-14 0)
(9.81306e-14 -2.56577e-14 0)
(1.00107e-13 -2.01576e-14 0)
(1.01598e-13 -1.45126e-14 0)
(1.02595e-13 -8.76075e-15 0)
(1.03095e-13 -2.94292e-15 0)
(1.03095e-13 2.89716e-15 0)
(1.02596e-13 8.71499e-15 0)
(1.016e-13 1.44675e-14 0)
(1.0011e-13 2.01135e-14 0)
(9.81337e-14 2.5615e-14 0)
(9.56848e-14 3.09341e-14 0)
(9.27801e-14 3.60327e-14 0)
(8.94407e-14 4.08722e-14 0)
(8.56918e-14 4.54122e-14 0)
(8.15609e-14 4.96123e-14 0)
(7.7079e-14 5.34315e-14 0)
(7.22818e-14 5.68278e-14 0)
(6.72082e-14 5.97576e-14 0)
(6.19014e-14 6.21768e-14 0)
(5.64094e-14 6.4039e-14 0)
(5.07839e-14 6.52949e-14 0)
(4.50825e-14 6.58934e-14 0)
(3.93683e-14 6.57781e-14 0)
(3.37108e-14 6.48879e-14 0)
(2.81878e-14 6.31565e-14 0)
(2.28754e-14 6.05081e-14 0)
(1.78668e-14 5.68534e-14 0)
(1.32758e-14 5.20984e-14 0)
(9.17911e-15 4.61307e-14 0)
(5.67492e-15 3.87994e-14 0)
(2.91747e-15 2.99621e-14 0)
(1.07855e-15 1.94507e-14 0)
(8.4422e-18 7.32279e-15 0)
(5.49781e-18 -7.78109e-15 0)
(8.93832e-16 -2.075e-14 0)
(2.43741e-15 -3.20768e-14 0)
(4.76548e-15 -4.16307e-14 0)
(7.69456e-15 -4.95808e-14 0)
(1.1143e-14 -5.60797e-14 0)
(1.50281e-14 -6.12642e-14 0)
(1.92607e-14 -6.52539e-14 0)
(2.37594e-14 -6.81525e-14 0)
(2.84462e-14 -7.00515e-14 0)
(3.32496e-14 -7.10368e-14 0)
(3.81052e-14 -7.11794e-14 0)
(4.29527e-14 -7.05456e-14 0)
(4.77375e-14 -6.91982e-14 0)
(5.24104e-14 -6.7194e-14 0)
(5.6926e-14 -6.45856e-14 0)
(6.12438e-14 -6.14239e-14 0)
(6.53265e-14 -5.77575e-14 0)
(6.91402e-14 -5.36335e-14 0)
(7.26554e-14 -4.90968e-14 0)
(7.58456e-14 -4.41926e-14 0)
(7.86861e-14 -3.89645e-14 0)
(8.11566e-14 -3.34554e-14 0)
(8.32401e-14 -2.77077e-14 0)
(8.49214e-14 -2.17635e-14 0)
(8.61897e-14 -1.56646e-14 0)
(8.70384e-14 -9.45343e-15 0)
(8.74634e-14 -3.17375e-15 0)
(8.74628e-14 3.12899e-15 0)
(8.7037e-14 9.40952e-15 0)
(8.61874e-14 1.56217e-14 0)
(8.49183e-14 2.17217e-14 0)
(8.32363e-14 2.76675e-14 0)
(8.11521e-14 3.34171e-14 0)
(7.86807e-14 3.89284e-14 0)
(7.58394e-14 4.41593e-14 0)
(7.26488e-14 4.90667e-14 0)
(6.91329e-14 5.36064e-14 0)
(6.53187e-14 5.77342e-14 0)
(6.1236e-14 6.14046e-14 0)
(5.69182e-14 6.45705e-14 0)
(5.24025e-14 6.71834e-14 0)
(4.77298e-14 6.91926e-14 0)
(4.2945e-14 7.05446e-14 0)
(3.80981e-14 7.11832e-14 0)
(3.32436e-14 7.10465e-14 0)
(2.84395e-14 7.00669e-14 0)
(2.37522e-14 6.81716e-14 0)
(1.92566e-14 6.52784e-14 0)
(1.50257e-14 6.12958e-14 0)
(1.11326e-14 5.61165e-14 0)
(7.68568e-15 4.96167e-14 0)
(4.7726e-15 4.16734e-14 0)
(2.43278e-15 3.2124e-14 0)
(8.85269e-16 2.07879e-14 0)
(8.81895e-18 7.79165e-15 0)
(3.97955e-18 -8.16665e-15 0)
(7.2417e-16 -2.1862e-14 0)
(1.97567e-15 -3.38568e-14 0)
(3.86903e-15 -4.40067e-14 0)
(6.25373e-15 -5.24775e-14 0)
(9.06466e-15 -5.94149e-14 0)
(1.2238e-14 -6.49589e-14 0)
(1.57019e-14 -6.92292e-14 0)
(1.93873e-14 -7.2335e-14 0)
(2.32295e-14 -7.43765e-14 0)
(2.71714e-14 -7.54405e-14 0)
(3.11585e-14 -7.56023e-14 0)
(3.51406e-14 -7.4937e-14 0)
(3.90724e-14 -7.35113e-14 0)
(4.29134e-14 -7.13845e-14 0)
(4.66258e-14 -6.86141e-14 0)
(5.01756e-14 -6.52547e-14 0)
(5.35319e-14 -6.13586e-14 0)
(5.66677e-14 -5.69756e-14 0)
(5.95575e-14 -5.21542e-14 0)
(6.21793e-14 -4.69421e-14 0)
(6.45142e-14 -4.1386e-14 0)
(6.65449e-14 -3.55311e-14 0)
(6.82568e-14 -2.94235e-14 0)
(6.96383e-14 -2.31081e-14 0)
(7.06808e-14 -1.66295e-14 0)
(7.13783e-14 -1.00333e-14 0)
(7.17273e-14 -3.36604e-15 0)
(7.17264e-14 3.32509e-15 0)
(7.13754e-14 9.99261e-15 0)
(7.06755e-14 1.65893e-14 0)
(6.96306e-14 2.30691e-14 0)
(6.82468e-14 2.93861e-14 0)
(6.65329e-14 3.54955e-14 0)
(6.45004e-14 4.13524e-14 0)
(6.21639e-14 4.6911e-14 0)
(5.95403e-14 5.21259e-14 0)
(5.6649e-14 5.69505e-14 0)
(5.35124e-14 6.13372e-14 0)
(5.01551e-14 6.52372e-14 0)
(4.66048e-14 6.86007e-14 0)
(4.28921e-14 7.13754e-14 0)
(3.9051e-14 7.35068e-14 0)
(3.51195e-14 7.49374e-14 0)
(3.11383e-14 7.56077e-14 0)
(2.71518e-14 7.54501e-14 0)
(2.32104e-14 7.43916e-14 0)
(1.93713e-14 7.23562e-14 0)
(1.56872e-14 6.92545e-14 0)
(1.22225e-14 6.49874e-14 0)
(9.05617e-15 5.94493e-14 0)
(6.24767e-15 5.25194e-14 0)
(3.85499e-15 4.40467e-14 0)
(1.97274e-15 3.38924e-14 0)
(7.27029e-16 2.19016e-14 0)
(5.30698e-18 8.17564e-15 0)
(3.54387e-18 -8.47264e-15 0)
(5.59986e-16 -2.27461e-14 0)
(1.52814e-15 -3.52717e-14 0)
(2.99273e-15 -4.58998e-14 0)
(4.84084e-15 -5.47872e-14 0)
(7.02351e-15 -6.2078e-14 0)
(9.48938e-15 -6.79109e-14 0)
(1.21851e-14 -7.24097e-14 0)
(1.50543e-14 -7.56864e-14 0)
(1.80468e-14 -7.78431e-14 0)
(2.11223e-14 -7.89733e-14 0)
(2.42321e-14 -7.9154e-14 0)
(2.73391e-14 -7.8463e-14 0)
(3.04082e-14 -7.69754e-14 0)
(3.3408e-14 -7.47508e-14 0)
(3.63071e-14 -7.18506e-14 0)
(3.9079e-14 -6.83325e-14 0)
(4.17001e-14 -6.42516e-14 0)
(4.41486e-14 -5.96601e-14 0)
(4.64052e-14 -5.46101e-14 0)
(4.84525e-14 -4.91503e-14 0)
(5.02752e-14 -4.33304e-14 0)
(5.18602e-14 -3.71982e-14 0)
(5.31964e-14 -3.08016e-14 0)
(5.4275e-14 -2.41876e-14 0)
(5.5089e-14 -1.74042e-14 0)
(5.56334e-14 -1.04988e-14 0)
(5.59053e-14 -3.52002e-15 0)
(5.59034e-14 3.48358e-15 0)
(5.56279e-14 1.04626e-14 0)
(5.50803e-14 1.73685e-14 0)
(5.42634e-14 2.41527e-14 0)
(5.31816e-14 3.07677e-14 0)
(5.18423e-14 3.7166e-14 0)
(5.02543e-14 4.33001e-14 0)
(4.84289e-14 4.91225e-14 0)
(4.63794e-14 5.45846e-14 0)
(4.41208e-14 5.96379e-14 0)
(4.16706e-14 6.42324e-14 0)
(3.90482e-14 6.83169e-14 0)
(3.62752e-14 7.18386e-14 0)
(3.33756e-14 7.47429e-14 0)
(3.0376e-14 7.69716e-14 0)
(2.73071e-14 7.84636e-14 0)
(2.42003e-14 7.91591e-14 0)
(2.10927e-14 7.89828e-14 0)
(1.80199e-14 7.78576e-14 0)
(1.50274e-14 7.57054e-14 0)
(1.21613e-14 7.24329e-14 0)
(9.47265e-15 6.794e-14 0)
(7.00773e-15 6.21089e-14 0)
(4.82451e-15 5.48177e-14 0)
(2.98768e-15 4.59363e-14 0)
(1.5255e-15 3.53103e-14 0)
(5.54085e-16 2.27732e-14 0)
(5.34159e-18 8.48177e-15 0)
(1.68097e-18 -8.70119e-15 0)
(3.9947e-16 -2.34062e-14 0)
(1.08874e-15 -3.63296e-14 0)
(2.13279e-15 -4.73161e-14 0)
(3.4522e-15 -5.65153e-14 0)
(5.01031e-15 -6.40728e-14 0)
(6.77155e-15 -7.01255e-14 0)
(8.69855e-15 -7.47985e-14 0)
(1.07516e-14 -7.8206e-14 0)
(1.28926e-14 -8.04514e-14 0)
(1.5098e-14 -8.16321e-14 0)
(1.73199e-14 -8.18273e-14 0)
(1.95499e-14 -8.11191e-14 0)
(2.17474e-14 -7.95843e-14 0)
(2.38977e-14 -7.72861e-14 0)
(2.59753e-14 -7.42876e-14 0)
(2.79617e-14 -7.065e-14 0)
(2.98401e-14 -6.64298e-14 0)
(3.15946e-14 -6.16818e-14 0)
(3.32114e-14 -5.64587e-14 0)
(3.46782e-14 -5.08129e-14 0)
(3.5984e-14 -4.4794e-14 0)
(3.71195e-14 -3.84527e-14 0)
(3.80768e-14 -3.18381e-14 0)
(3.88491e-14 -2.49998e-14 0)
(3.94316e-14 -1.79868e-14 0)
(3.9821e-14 -1.08487e-14 0)
(4.00152e-14 -3.63515e-15 0)
(4.00131e-14 3.60357e-15 0)
(3.98147e-14 1.08174e-14 0)
(3.94207e-14 1.79562e-14 0)
(3.88337e-14 2.497e-14 0)
(3.80574e-14 3.18094e-14 0)
(3.70965e-14 3.84254e-14 0)
(3.59576e-14 4.47683e-14 0)
(3.46484e-14 5.0789e-14 0)
(3.31785e-14 5.64374e-14 0)
(3.15591e-14 6.16628e-14 0)
(2.98023e-14 6.64135e-14 0)
(2.79222e-14 7.06366e-14 0)
(2.59346e-14 7.42775e-14 0)
(2.38562e-14 7.72793e-14 0)
(2.17059e-14 7.95811e-14 0)
(1.95089e-14 8.11194e-14 0)
(1.72798e-14 8.18317e-14 0)
(1.50601e-14 8.16408e-14 0)
(1.28564e-14 8.04632e-14 0)
(1.07195e-14 7.82222e-14 0)
(8.67193e-15 7.48196e-14 0)
(6.74483e-15 7.0148e-14 0)
(4.98821e-15 6.40995e-14 0)
(3.44202e-15 5.65472e-14 0)
(2.12311e-15 4.73438e-14 0)
(1.07957e-15 3.63549e-14 0)
(3.97555e-16 2.34333e-14 0)
(1.61433e-18 8.70744e-15 0)
(4.32254e-19 -8.853e-15 0)
(2.41305e-16 -2.38446e-14 0)
(6.56248e-16 -3.7034e-14 0)
(1.28429e-15 -4.82578e-14 0)
(2.07847e-15 -5.76669e-14 0)
(3.01526e-15 -6.54029e-14 0)
(4.07418e-15 -7.16034e-14 0)
(5.23391e-15 -7.63936e-14 0)
(6.46842e-15 -7.98885e-14 0)
(7.75519e-15 -8.21927e-14 0)
(9.10763e-15 -8.33962e-14 0)
(1.04021e-14 -8.35948e-14 0)
(1.17723e-14 -8.28925e-14 0)
(1.30916e-14 -8.13278e-14 0)
(1.4385e-14 -7.89803e-14 0)
(1.56349e-14 -7.59163e-14 0)
(1.68295e-14 -7.21987e-14 0)
(1.79595e-14 -6.78855e-14 0)
(1.90152e-14 -6.30328e-14 0)
(1.99878e-14 -5.76944e-14 0)
(2.08701e-14 -5.19235e-14 0)
(2.16555e-14 -4.57718e-14 0)
(2.2338e-14 -3.92907e-14 0)
(2.29132e-14 -3.25305e-14 0)
(2.33771e-14 -2.55422e-14 0)
(2.37269e-14 -1.83755e-14 0)
(2.39604e-14 -1.10816e-14 0)
(2.40761e-14 -3.71086e-15 0)
(2.40732e-14 3.68534e-15 0)
(2.39524e-14 1.10561e-14 0)
(2.37142e-14 1.83503e-14 0)
(2.33596e-14 2.55176e-14 0)
(2.2891e-14 3.2507e-14 0)
(2.23112e-14 3.92682e-14 0)
(2.16243e-14 4.57509e-14 0)
(2.08352e-14 5.19039e-14 0)
(1.99495e-14 5.76768e-14 0)
(1.89737e-14 6.30172e-14 0)
(1.79155e-14 6.78722e-14 0)
(1.67835e-14 7.21879e-14 0)
(1.55874e-14 7.59082e-14 0)
(1.43367e-14 7.89747e-14 0)
(1.30432e-14 8.13254e-14 0)
(1.17245e-14 8.28929e-14 0)
(1.03551e-14 8.35983e-14 0)
(9.06314e-15 8.34031e-14 0)
(7.71436e-15 8.22028e-14 0)
(6.43092e-15 7.99017e-14 0)
(5.19865e-15 7.64094e-14 0)
(4.04798e-15 7.16233e-14 0)
(2.99713e-15 6.54255e-14 0)
(2.05551e-15 5.76872e-14 0)
(1.26977e-15 4.82825e-14 0)
(6.55868e-16 3.706e-14 0)
(2.3713e-16 2.38622e-14 0)
(2.84183e-18 8.85892e-15 0)
(1.65583e-19 -8.92949e-15 0)
(8.4128e-17 -2.40661e-14 0)
(2.27337e-16 -3.73881e-14 0)
(4.42223e-16 -4.87318e-14 0)
(7.13349e-16 -5.82459e-14 0)
(1.03148e-15 -6.6071e-14 0)
(1.38924e-15 -7.23444e-14 0)
(1.78172e-15 -7.71919e-14 0)
(2.19683e-15 -8.07309e-14 0)
(2.61896e-15 -8.30673e-14 0)
(3.07722e-15 -8.42974e-14 0)
(3.52235e-15 -8.4521e-14 0)
(4.01707e-15 -8.37885e-14 0)
(4.43626e-15 -8.21993e-14 0)
(4.86758e-15 -7.98257e-14 0)
(5.28656e-15 -7.67313e-14 0)
(5.68664e-15 -7.29745e-14 0)
(6.06524e-15 -6.86149e-14 0)
(6.41895e-15 -6.37094e-14 0)
(6.74478e-15 -5.83132e-14 0)
(7.04e-15 -5.24795e-14 0)
(7.3024e-15 -4.62613e-14 0)
(7.53039e-15 -3.97097e-14 0)
(7.72218e-15 -3.28766e-14 0)
(7.87654e-15 -2.58125e-14 0)
(7.99233e-15 -1.8569e-14 0)
(8.06876e-15 -1.11967e-14 0)
(8.10573e-15 -3.74747e-15 0)
(8.10288e-15 3.72786e-15 0)
(8.06019e-15 1.11776e-14 0)
(7.97805e-15 1.85501e-14 0)
(7.85692e-15 2.57941e-14 0)
(7.69741e-15 3.28587e-14 0)
(7.50091e-15 3.96926e-14 0)
(7.26831e-15 4.62451e-14 0)
(7.00153e-15 5.24648e-14 0)
(6.70255e-15 5.82998e-14 0)
(6.37329e-15 6.36975e-14 0)
(6.01681e-15 6.86047e-14 0)
(5.63599e-15 7.29661e-14 0)
(5.23415e-15 7.67248e-14 0)
(4.81436e-15 7.98214e-14 0)
(4.38301e-15 8.21971e-14 0)
(3.96437e-15 8.37887e-14 0)
(3.47112e-15 8.45235e-14 0)
(3.0287e-15 8.43019e-14 0)
(2.57279e-15 8.30745e-14 0)
(2.15524e-15 8.07406e-14 0)
(1.74804e-15 7.72038e-14 0)
(1.35758e-15 7.23573e-14 0)
(1.00062e-15 6.60864e-14 0)
(6.99232e-16 5.82648e-14 0)
(4.35743e-16 4.87489e-14 0)
(2.12753e-16 3.74024e-14 0)
(7.76536e-17 2.40837e-14 0)
(-7.03407e-19 8.93312e-15 0)
(-1.26599e-18 -8.93161e-15 0)
(-7.12322e-17 -2.40707e-14 0)
(-2.00043e-16 -3.73945e-14 0)
(-3.98303e-16 -4.87394e-14 0)
(-6.48668e-16 -5.82532e-14 0)
(-9.48193e-16 -6.60784e-14 0)
(-1.28973e-15 -7.23514e-14 0)
(-1.66327e-15 -7.71985e-14 0)
(-2.06241e-15 -8.07374e-14 0)
(-2.47094e-15 -8.30734e-14 0)
(-2.91429e-15 -8.43029e-14 0)
(-3.34688e-15 -8.4526e-14 0)
(-3.82993e-15 -8.37932e-14 0)
(-4.23833e-15 -8.22035e-14 0)
(-4.66015e-15 -7.98293e-14 0)
(-5.07091e-15 -7.67343e-14 0)
(-5.46386e-15 -7.2977e-14 0)
(-5.83644e-15 -6.86168e-14 0)
(-6.18533e-15 -6.37108e-14 0)
(-6.5074e-15 -5.8314e-14 0)
(-6.80015e-15 -5.24799e-14 0)
(-7.06103e-15 -4.62606e-14 0)
(-7.28835e-15 -3.97086e-14 0)
(-7.48069e-15 -3.28749e-14 0)
(-7.63662e-15 -2.58106e-14 0)
(-7.75509e-15 -1.85667e-14 0)
(-7.83553e-15 -1.11943e-14 0)
(-7.87747e-15 -3.74431e-15 0)
(-7.88039e-15 3.73122e-15 0)
(-7.84449e-15 1.11811e-14 0)
(-7.7701e-15 1.85539e-14 0)
(-7.6573e-15 2.57984e-14 0)
(-7.5068e-15 3.28632e-14 0)
(-7.31971e-15 3.96977e-14 0)
(-7.097e-15 4.62501e-14 0)
(-6.84057e-15 5.24701e-14 0)
(-6.55215e-15 5.83049e-14 0)
(-6.23357e-15 6.37029e-14 0)
(-5.88768e-15 6.86098e-14 0)
(-5.51739e-15 7.29711e-14 0)
(-5.12613e-15 7.67295e-14 0)
(-4.71649e-15 7.98261e-14 0)
(-4.29463e-15 8.22013e-14 0)
(-3.8855e-15 8.37926e-14 0)
(-3.40108e-15 8.45269e-14 0)
(-2.96588e-15 8.43052e-14 0)
(-2.51776e-15 8.30771e-14 0)
(-2.106e-15 8.07423e-14 0)
(-1.70519e-15 7.72052e-14 0)
(-1.32108e-15 7.23603e-14 0)
(-9.67292e-16 6.60875e-14 0)
(-6.74959e-16 5.82613e-14 0)
(-4.20249e-16 4.8751e-14 0)
(-1.99794e-16 3.74074e-14 0)
(-7.46661e-17 2.40801e-14 0)
(-6.50549e-20 8.93391e-15 0)
(-3.23288e-18 -8.85811e-15 0)
(-2.278e-16 -2.38597e-14 0)
(-6.29975e-16 -3.70525e-14 0)
(-1.24089e-15 -4.82786e-14 0)
(-2.0146e-15 -5.76888e-14 0)
(-2.93388e-15 -6.54246e-14 0)
(-3.9772e-15 -7.16239e-14 0)
(-5.11905e-15 -7.64132e-14 0)
(-6.33826e-15 -7.99069e-14 0)
(-7.61129e-15 -8.221e-14 0)
(-8.94967e-15 -8.34122e-14 0)
(-1.02316e-14 -8.36093e-14 0)
(-1.15914e-14 -8.29055e-14 0)
(-1.29003e-14 -8.13394e-14 0)
(-1.41846e-14 -7.89901e-14 0)
(-1.54265e-14 -7.59248e-14 0)
(-1.66142e-14 -7.22054e-14 0)
(-1.77384e-14 -6.78907e-14 0)
(-1.87894e-14 -6.30363e-14 0)
(-1.97585e-14 -5.76964e-14 0)
(-2.06379e-14 -5.19239e-14 0)
(-2.14217e-14 -4.57706e-14 0)
(-2.21041e-14 -3.9288e-14 0)
(-2.26799e-14 -3.25264e-14 0)
(-2.31454e-14 -2.55365e-14 0)
(-2.34979e-14 -1.83687e-14 0)
(-2.37348e-14 -1.10737e-14 0)
(-2.38552e-14 -3.702e-15 0)
(-2.38584e-14 3.69535e-15 0)
(-2.37441e-14 1.10672e-14 0)
(-2.35129e-14 1.83625e-14 0)
(-2.31662e-14 2.55307e-14 0)
(-2.27062e-14 3.25206e-14 0)
(-2.21358e-14 3.92825e-14 0)
(-2.14587e-14 4.57654e-14 0)
(-2.06795e-14 5.19189e-14 0)
(-1.98039e-14 5.76918e-14 0)
(-1.88385e-14 6.30322e-14 0)
(-1.77907e-14 6.78868e-14 0)
(-1.66689e-14 7.22022e-14 0)
(-1.54828e-14 7.59218e-14 0)
(-1.4242e-14 7.89878e-14 0)
(-1.29579e-14 8.13374e-14 0)
(-1.16482e-14 8.2904e-14 0)
(-1.02866e-14 8.36083e-14 0)
(-9.0022e-15 8.34118e-14 0)
(-7.66165e-15 8.22099e-14 0)
(-6.38352e-15 7.99084e-14 0)
(-5.15498e-15 7.64145e-14 0)
(-4.01219e-15 7.16253e-14 0)
(-2.97056e-15 6.54281e-14 0)
(-2.03046e-15 5.76942e-14 0)
(-1.24584e-15 4.82812e-14 0)
(-6.48534e-16 3.70569e-14 0)
(-2.3923e-16 2.3866e-14 0)
(-2.76353e-18 8.85896e-15 0)
(-3.04882e-18 -8.70932e-15 0)
(-3.86224e-16 -2.34297e-14 0)
(-1.06184e-15 -3.63603e-14 0)
(-2.09131e-15 -4.7349e-14 0)
(-3.39144e-15 -5.65503e-14 0)
(-4.93236e-15 -6.41076e-14 0)
(-6.67982e-15 -7.01592e-14 0)
(-8.59055e-15 -7.48308e-14 0)
(-1.06296e-14 -7.82355e-14 0)
(-1.27583e-14 -8.04791e-14 0)
(-1.49509e-14 -8.16582e-14 0)
(-1.71615e-14 -8.18507e-14 0)
(-1.93816e-14 -8.11399e-14 0)
(-2.15694e-14 -7.96029e-14 0)
(-2.37114e-14 -7.73021e-14 0)
(-2.57817e-14 -7.43013e-14 0)
(-2.77616e-14 -7.06609e-14 0)
(-2.96345e-14 -6.64385e-14 0)
(-3.13846e-14 -6.16876e-14 0)
(-3.2998e-14 -5.64624e-14 0)
(-3.44625e-14 -5.08133e-14 0)
(-3.57669e-14 -4.47926e-14 0)
(-3.69017e-14 -3.84484e-14 0)
(-3.78593e-14 -3.1832e-14 0)
(-3.86332e-14 -2.49911e-14 0)
(-3.92184e-14 -1.79764e-14 0)
(-3.96114e-14 -1.08355e-14 0)
(-3.98097e-14 -3.62061e-15 0)
(-3.98125e-14 3.62061e-15 0)
(-3.962e-14 1.08355e-14 0)
(-3.92331e-14 1.79764e-14 0)
(-3.86539e-14 2.49909e-14 0)
(-3.78856e-14 3.18321e-14 0)
(-3.69331e-14 3.84482e-14 0)
(-3.5803e-14 4.47927e-14 0)
(-3.45032e-14 5.08131e-14 0)
(-3.30429e-14 5.64623e-14 0)
(-3.14332e-14 6.16869e-14 0)
(-2.9686e-14 6.64379e-14 0)
(-2.78155e-14 7.06598e-14 0)
(-2.58374e-14 7.43003e-14 0)
(-2.37681e-14 7.73002e-14 0)
(-2.16264e-14 7.96013e-14 0)
(-1.94378e-14 8.11375e-14 0)
(-1.72167e-14 8.18482e-14 0)
(-1.50038e-14 8.16552e-14 0)
(-1.28058e-14 8.04763e-14 0)
(-1.06744e-14 7.82312e-14 0)
(-8.63539e-15 7.48274e-14 0)
(-6.71201e-15 7.01571e-14 0)
(-4.95069e-15 6.4103e-14 0)
(-3.42229e-15 5.65453e-14 0)
(-2.11802e-15 4.73488e-14 0)
(-1.0612e-15 3.6361e-14 0)
(-3.90888e-16 2.34296e-14 0)
(-2.02514e-18 8.70926e-15 0)
(-5.79938e-18 -8.48378e-15 0)
(-5.47206e-16 -2.27798e-14 0)
(-1.50309e-15 -3.53135e-14 0)
(-2.95287e-15 -4.59456e-14 0)
(-4.78471e-15 -5.48336e-14 0)
(-6.95245e-15 -6.21241e-14 0)
(-9.4065e-15 -6.79559e-14 0)
(-1.20872e-14 -7.24529e-14 0)
(-1.49446e-14 -7.57274e-14 0)
(-1.79279e-14 -7.78806e-14 0)
(-2.09916e-14 -7.90083e-14 0)
(-2.40912e-14 -7.91858e-14 0)
(-2.719e-14 -7.84919e-14 0)
(-3.02507e-14 -7.70005e-14 0)
(-3.32429e-14 -7.47732e-14 0)
(-3.61354e-14 -7.18689e-14 0)
(-3.89017e-14 -6.83482e-14 0)
(-4.15178e-14 -6.4263e-14 0)
(-4.39623e-14 -5.96691e-14 0)
(-4.62156e-14 -5.46145e-14 0)
(-4.82606e-14 -4.91523e-14 0)
(-5.0082e-14 -4.33278e-14 0)
(-5.16667e-14 -3.71932e-14 0)
(-5.30035e-14 -3.07923e-14 0)
(-5.40833e-14 -2.41764e-14 0)
(-5.4899e-14 -1.7389e-14 0)
(-5.54462e-14 -1.04821e-14 0)
(-5.57221e-14 -3.49951e-15 0)
(-5.57251e-14 3.50532e-15 0)
(-5.54549e-14 1.04879e-14 0)
(-5.49131e-14 1.73948e-14 0)
(-5.41026e-14 2.41823e-14 0)
(-5.3028e-14 3.07982e-14 0)
(-5.16963e-14 3.7199e-14 0)
(-5.01165e-14 4.33331e-14 0)
(-4.82995e-14 4.9157e-14 0)
(-4.62583e-14 5.46184e-14 0)
(-4.40084e-14 5.96723e-14 0)
(-4.15669e-14 6.42653e-14 0)
(-3.8953e-14 6.83495e-14 0)
(-3.61886e-14 7.18691e-14 0)
(-3.32972e-14 7.47724e-14 0)
(-3.03051e-14 7.69983e-14 0)
(-2.72442e-14 7.84887e-14 0)
(-2.41438e-14 7.91815e-14 0)
(-2.10415e-14 7.90028e-14 0)
(-1.79773e-14 7.78734e-14 0)
(-1.49889e-14 7.57204e-14 0)
(-1.21203e-14 7.2445e-14 0)
(-9.44312e-15 6.7944e-14 0)
(-6.99353e-15 6.21156e-14 0)
(-4.79904e-15 5.48273e-14 0)
(-2.95639e-15 4.59354e-14 0)
(-1.52681e-15 3.53049e-14 0)
(-5.60932e-16 2.27784e-14 0)
(-6.54636e-18 8.48163e-15 0)
(-5.64656e-18 -8.18001e-15 0)
(-7.12192e-16 -2.19051e-14 0)
(-1.9512e-15 -3.3907e-14 0)
(-3.83229e-15 -4.4062e-14 0)
(-6.20244e-15 -5.25335e-14 0)
(-9.00257e-15 -5.94699e-14 0)
(-1.21674e-14 -6.50106e-14 0)
(-1.56199e-14 -6.92789e-14 0)
(-1.9295e-14 -7.23827e-14 0)
(-2.31294e-14 -7.44204e-14 0)
(-2.70628e-14 -7.54805e-14 0)
(-3.10421e-14 -7.56395e-14 0)
(-3.50167e-14 -7.49703e-14 0)
(-3.89416e-14 -7.35405e-14 0)
(-4.27764e-14 -7.14098e-14 0)
(-4.64835e-14 -6.86353e-14 0)
(-5.00282e-14 -6.5272e-14 0)
(-5.33805e-14 -6.13714e-14 0)
(-5.65125e-14 -5.69845e-14 0)
(-5.93997e-14 -5.21587e-14 0)
(-6.20197e-14 -4.69431e-14 0)
(-6.43532e-14 -4.13821e-14 0)
(-6.63832e-14 -3.55244e-14 0)
(-6.80954e-14 -2.94121e-14 0)
(-6.94781e-14 -2.30937e-14 0)
(-7.05226e-14 -1.66106e-14 0)
(-7.12224e-14 -1.00123e-14 0)
(-7.15743e-14 -3.34074e-15 0)
(-7.15767e-14 3.35214e-15 0)
(-7.12297e-14 1.00239e-14 0)
(-7.05348e-14 1.66219e-14 0)
(-6.94955e-14 2.31053e-14 0)
(-6.81177e-14 2.94226e-14 0)
(-6.64102e-14 3.5535e-14 0)
(-6.43846e-14 4.13913e-14 0)
(-6.20551e-14 4.69525e-14 0)
(-5.94388e-14 5.21659e-14 0)
(-5.6555e-14 5.69916e-14 0)
(-5.34256e-14 6.13757e-14 0)
(-5.00755e-14 6.52761e-14 0)
(-4.65324e-14 6.86362e-14 0)
(-4.28265e-14 7.14105e-14 0)
(-3.89919e-14 7.35379e-14 0)
(-3.50662e-14 7.49671e-14 0)
(-3.10913e-14 7.56326e-14 0)
(-2.71109e-14 7.5473e-14 0)
(-2.31715e-14 7.44107e-14 0)
(-1.93348e-14 7.23719e-14 0)
(-1.56654e-14 6.9263e-14 0)
(-1.21979e-14 6.49998e-14 0)
(-9.01495e-15 5.94561e-14 0)
(-6.23702e-15 5.2513e-14 0)
(-3.86605e-15 4.40489e-14 0)
(-1.94886e-15 3.38993e-14 0)
(-7.15411e-16 2.1894e-14 0)
(-5.51735e-18 8.17717e-15 0)
(-8.12529e-18 -7.79637e-15 0)
(-8.82351e-16 -2.07991e-14 0)
(-2.4149e-15 -3.21351e-14 0)
(-4.7341e-15 -4.16906e-14 0)
(-7.65196e-15 -4.96428e-14 0)
(-1.10912e-14 -5.61416e-14 0)
(-1.49719e-14 -6.13222e-14 0)
(-1.9198e-14 -6.53091e-14 0)
(-2.36899e-14 -6.82041e-14 0)
(-2.83712e-14 -7.01017e-14 0)
(-3.31688e-14 -7.10818e-14 0)
(-3.80187e-14 -7.12212e-14 0)
(-4.28607e-14 -7.05822e-14 0)
(-4.76404e-14 -6.92326e-14 0)
(-5.23086e-14 -6.72216e-14 0)
(-5.68201e-14 -6.4611e-14 0)
(-6.11338e-14 -6.14422e-14 0)
(-6.52132e-14 -5.77744e-14 0)
(-6.90244e-14 -5.36421e-14 0)
(-7.25376e-14 -4.91047e-14 0)
(-7.57256e-14 -4.41918e-14 0)
(-7.85654e-14 -3.89636e-14 0)
(-8.10356e-14 -3.34453e-14 0)
(-8.31189e-14 -2.76982e-14 0)
(-8.48006e-14 -2.17448e-14 0)
(-8.60702e-14 -1.5647e-14 0)
(-8.69201e-14 -9.42605e-15 0)
(-8.73472e-14 -3.14822e-15 0)
(-8.73493e-14 3.16418e-15 0)
(-8.69267e-14 9.44149e-15 0)
(-8.60807e-14 1.56628e-14 0)
(-8.48156e-14 2.17593e-14 0)
(-8.31379e-14 2.77135e-14 0)
(-8.10587e-14 3.34585e-14 0)
(-7.85921e-14 3.89776e-14 0)
(-7.57562e-14 4.42026e-14 0)
(-7.25715e-14 4.91162e-14 0)
(-6.90612e-14 5.36499e-14 0)
(-6.52524e-14 5.77828e-14 0)
(-6.11752e-14 6.1446e-14 0)
(-5.68628e-14 6.46156e-14 0)
(-5.23521e-14 6.72209e-14 0)
(-4.76845e-14 6.92323e-14 0)
(-4.29052e-14 7.05767e-14 0)
(-3.80621e-14 7.12161e-14 0)
(-3.32089e-14 7.1072e-14 0)
(-2.84124e-14 7.00908e-14 0)
(-2.37305e-14 6.81876e-14 0)
(-1.92234e-14 6.52967e-14 0)
(-1.50011e-14 6.13031e-14 0)
(-1.11395e-14 5.6117e-14 0)
(-7.66652e-15 4.96292e-14 0)
(-4.72966e-15 4.16728e-14 0)
(-2.44525e-15 3.21138e-14 0)
(-9.01337e-16 2.07929e-14 0)
(-9.27856e-18 7.79015e-15 0)
(-9.41855e-18 -7.32794e-15 0)
(-1.0614e-15 -1.94586e-14 0)
(-2.89443e-15 -2.99819e-14 0)
(-5.66462e-15 -3.88224e-14 0)
(-9.14423e-15 -4.61518e-14 0)
(-1.32297e-14 -5.21287e-14 0)
(-1.78291e-14 -5.68874e-14 0)
(-2.28306e-14 -6.0542e-14 0)
(-2.81366e-14 -6.31943e-14 0)
(-3.36582e-14 -6.49272e-14 0)
(-3.93125e-14 -6.58198e-14 0)
(-4.50232e-14 -6.59353e-14 0)
(-5.07219e-14 -6.53387e-14 0)
(-5.63437e-14 -6.4082e-14 0)
(-6.18338e-14 -6.22216e-14 0)
(-6.7138e-14 -5.98011e-14 0)
(-7.22101e-14 -5.68723e-14 0)
(-7.70048e-14 -5.34737e-14 0)
(-8.14856e-14 -4.96554e-14 0)
(-8.56151e-14 -4.54517e-14 0)
(-8.93641e-14 -4.09119e-14 0)
(-9.27022e-14 -3.60683e-14 0)
(-9.56071e-14 -3.09686e-14 0)
(-9.80562e-14 -2.56445e-14 0)
(-1.00033e-13 -2.01414e-14 0)
(-1.01524e-13 -1.44899e-14 0)
(-1.02522e-13 -8.73529e-15 0)
(-1.03022e-13 -2.91183e-15 0)
(-1.03024e-13 2.93051e-15 0)
(-1.02527e-13 8.75401e-15 0)
(-1.01532e-13 1.4509e-14 0)
(-1.00045e-13 2.01601e-14 0)
(-9.80711e-14 2.56633e-14 0)
(-9.56249e-14 3.09861e-14 0)
(-9.27238e-14 3.60852e-14 0)
(-8.93883e-14 4.09262e-14 0)
(-8.5642e-14 4.54658e-14 0)
(-8.15147e-14 4.96659e-14 0)
(-7.70364e-14 5.34832e-14 0)
(-7.22428e-14 5.68781e-14 0)
(-6.71722e-14 5.98055e-14 0)
(-6.18692e-14 6.2222e-14 0)
(-5.63793e-14 6.40808e-14 0)
(-5.0757e-14 6.53336e-14 0)
(-4.50579e-14 6.59286e-14 0)
(-3.93486e-14 6.58079e-14 0)
(-3.36908e-14 6.49141e-14 0)
(-2.81637e-14 6.3179e-14 0)
(-2.2867e-14 6.05223e-14 0)
(-1.78632e-14 5.68618e-14 0)
(-1.32317e-14 5.21135e-14 0)
(-9.17148e-15 4.61242e-14 0)
(-5.71038e-15 3.87962e-14 0)
(-2.88997e-15 2.99666e-14 0)
(-1.06147e-15 1.94434e-14 0)
(-9.05176e-18 7.32235e-15 0)
(-1.03985e-17 -6.77389e-15 0)
(-1.24708e-15 -1.78697e-14 0)
(-3.39763e-15 -2.74417e-14 0)
(-6.63611e-15 -3.54433e-14 0)
(-1.06833e-14 -4.20516e-14 0)
(-1.54285e-14 -4.74267e-14 0)
(-2.07511e-14 -5.17016e-14 0)
(-2.65251e-14 -5.49795e-14 0)
(-3.26402e-14 -5.73565e-14 0)
(-3.89955e-14 -5.89061e-14 0)
(-4.54946e-14 -5.97011e-14 0)
(-5.2054e-14 -5.97941e-14 0)
(-5.85951e-14 -5.92489e-14 0)
(-6.50473e-14 -5.81036e-14 0)
(-7.13446e-14 -5.64183e-14 0)
(-7.74287e-14 -5.42199e-14 0)
(-8.32446e-14 -5.15694e-14 0)
(-8.87447e-14 -4.84842e-14 0)
(-9.38827e-14 -4.50291e-14 0)
(-9.86198e-14 -4.12129e-14 0)
(-1.02919e-13 -3.71053e-14 0)
(-1.06749e-13 -3.27074e-14 0)
(-1.10082e-13 -2.80945e-14 0)
(-1.12893e-13 -2.32599e-14 0)
(-1.1516e-13 -1.82824e-14 0)
(-1.1687e-13 -1.31469e-14 0)
(-1.18011e-13 -7.93637e-15 0)
(-1.18583e-13 -2.63612e-15 0)
(-1.18584e-13 2.65721e-15 0)
(-1.18014e-13 7.95832e-15 0)
(-1.16874e-13 1.31663e-14 0)
(-1.15167e-13 1.83038e-14 0)
(-1.12902e-13 2.32765e-14 0)
(-1.10094e-13 2.81145e-14 0)
(-1.06764e-13 3.27208e-14 0)
(-1.02935e-13 3.7124e-14 0)
(-9.86382e-14 4.12225e-14 0)
(-9.39033e-14 4.50442e-14 0)
(-8.87664e-14 4.84898e-14 0)
(-8.32675e-14 5.15812e-14 0)
(-7.74526e-14 5.42203e-14 0)
(-7.1369e-14 5.64254e-14 0)
(-6.50718e-14 5.80988e-14 0)
(-5.86203e-14 5.92498e-14 0)
(-5.20801e-14 5.97827e-14 0)
(-4.55182e-14 5.96953e-14 0)
(-3.90189e-14 5.88898e-14 0)
(-3.26685e-14 5.73427e-14 0)
(-2.65449e-14 5.49552e-14 0)
(-2.07635e-14 5.16875e-14 0)
(-1.5471e-14 4.73972e-14 0)
(-1.0706e-14 4.20233e-14 0)
(-6.62219e-15 3.54264e-14 0)
(-3.42604e-15 2.74177e-14 0)
(-1.27057e-15 1.78518e-14 0)
(-1.06802e-17 6.76803e-15 0)
(-1.28158e-17 -6.12904e-15 0)
(-1.44817e-15 -1.6017e-14 0)
(-3.93083e-15 -2.4497e-14 0)
(-7.65331e-15 -3.15347e-14 0)
(-1.22871e-14 -3.73321e-14 0)
(-1.7697e-14 -4.20338e-14 0)
(-2.37448e-14 -4.57655e-14 0)
(-3.02887e-14 -4.86301e-14 0)
(-3.72055e-14 -5.07011e-14 0)
(-4.43825e-14 -5.20545e-14 0)
(-5.17135e-14 -5.27397e-14 0)
(-5.91081e-14 -5.28194e-14 0)
(-6.64767e-14 -5.23272e-14 0)
(-7.3743e-14 -5.13212e-14 0)
(-8.08324e-14 -4.98234e-14 0)
(-8.76827e-14 -4.78928e-14 0)
(-9.42291e-14 -4.55415e-14 0)
(-1.00421e-13 -4.28316e-14 0)
(-1.06204e-13 -3.97664e-14 0)
(-1.11538e-13 -3.64142e-14 0)
(-1.16378e-13 -3.27695e-14 0)
(-1.20693e-13 -2.89071e-14 0)
(-1.24447e-13 -2.48144e-14 0)
(-1.27615e-13 -2.05701e-14 0)
(-1.30169e-13 -1.61552e-14 0)
(-1.32093e-13 -1.16453e-14 0)
(-1.33376e-13 -7.01312e-15 0)
(-1.34019e-13 -2.34717e-15 0)
(-1.34019e-13 2.36816e-15 0)
(-1.33378e-13 7.03276e-15 0)
(-1.32095e-13 1.16659e-14 0)
(-1.30172e-13 1.61732e-14 0)
(-1.27618e-13 2.05898e-14 0)
(-1.24452e-13 2.48297e-14 0)
(-1.20698e-13 2.89245e-14 0)
(-1.16385e-13 3.27812e-14 0)
(-1.11546e-13 3.64285e-14 0)
(-1.06212e-13 3.97761e-14 0)
(-1.00429e-13 4.28436e-14 0)
(-9.42387e-14 4.55464e-14 0)
(-8.76923e-14 4.79013e-14 0)
(-8.0843e-14 4.98241e-14 0)
(-7.37546e-14 5.13248e-14 0)
(-6.64883e-14 5.23224e-14 0)
(-5.91201e-14 5.28171e-14 0)
(-5.17263e-14 5.27296e-14 0)
(-4.43968e-14 5.20439e-14 0)
(-3.72169e-14 5.06841e-14 0)
(-3.03051e-14 4.86163e-14 0)
(-2.37676e-14 4.57405e-14 0)
(-1.77017e-14 4.20075e-14 0)
(-1.22959e-14 3.73194e-14 0)
(-7.69535e-15 3.15022e-14 0)
(-3.93496e-15 2.44749e-14 0)
(-1.44246e-15 1.60052e-14 0)
(-1.64666e-17 6.12123e-15 0)
(-2.16042e-17 -5.37975e-15 0)
(-1.6665e-15 -1.38868e-14 0)
(-4.50836e-15 -2.1122e-14 0)
(-8.73774e-15 -2.7081e-14 0)
(-1.39718e-14 -3.19757e-14 0)
(-2.00476e-14 -3.59366e-14 0)
(-2.68214e-14 -3.90799e-14 0)
(-3.41272e-14 -4.14924e-14 0)
(-4.18338e-14 -4.32373e-14 0)
(-4.9818e-14 -4.43754e-14 0)
(-5.79676e-14 -4.49518e-14 0)
(-6.61783e-14 -4.50135e-14 0)
(-7.43601e-14 -4.45924e-14 0)
(-8.24227e-14 -4.37336e-14 0)
(-9.02918e-14 -4.2459e-14 0)
(-9.789e-14 -4.0814e-14 0)
(-1.05156e-13 -3.88124e-14 0)
(-1.12024e-13 -3.65037e-14 0)
(-1.18444e-13 -3.38939e-14 0)
(-1.24361e-13 -3.10374e-14 0)
(-1.29737e-13 -2.79336e-14 0)
(-1.34525e-13 -2.46429e-14 0)
(-1.38696e-13 -2.11582e-14 0)
(-1.42215e-13 -1.75474e-14 0)
(-1.45056e-13 -1.37934e-14 0)
(-1.47191e-13 -9.95692e-15 0)
(-1.48614e-13 -6.00178e-15 0)
(-1.49324e-13 -2.00995e-15 0)
(-1.49324e-13 2.03035e-15 0)
(-1.48612e-13 6.02089e-15 0)
(-1.47188e-13 9.978e-15 0)
(-1.45052e-13 1.38102e-14 0)
(-1.42212e-13 1.75677e-14 0)
(-1.38692e-13 2.11726e-14 0)
(-1.34521e-13 2.46629e-14 0)
(-1.29732e-13 2.79442e-14 0)
(-1.24355e-13 3.10561e-14 0)
(-1.18438e-13 3.39004e-14 0)
(-1.12019e-13 3.6518e-14 0)
(-1.0515e-13 3.8815e-14 0)
(-9.78843e-14 4.08254e-14 0)
(-9.02863e-14 4.24559e-14 0)
(-8.24175e-14 4.37395e-14 0)
(-7.43563e-14 4.45847e-14 0)
(-6.61755e-14 4.50134e-14 0)
(-5.79665e-14 4.49371e-14 0)
(-4.98172e-14 4.43695e-14 0)
(-4.18371e-14 4.32184e-14 0)
(-3.41301e-14 4.14765e-14 0)
(-2.68258e-14 3.90559e-14 0)
(-2.00624e-14 3.59231e-14 0)
(-1.39915e-14 3.19404e-14 0)
(-8.7311e-15 2.70607e-14 0)
(-4.52182e-15 2.11089e-14 0)
(-1.68863e-15 1.38652e-14 0)
(-2.10137e-17 5.37326e-15 0)
(-2.26667e-17 -4.51959e-15 0)
(-1.92531e-15 -1.14628e-14 0)
(-5.14778e-15 -1.7295e-14 0)
(-9.90348e-15 -2.20739e-14 0)
(-1.575e-14 -2.5979e-14 0)
(-2.24958e-14 -2.91438e-14 0)
(-2.99859e-14 -3.16572e-14 0)
(-3.80419e-14 -3.35821e-14 0)
(-4.65228e-14 -3.49829e-14 0)
(-5.52991e-14 -3.58906e-14 0)
(-6.42483e-14 -3.63563e-14 0)
(-7.32611e-14 -3.63977e-14 0)
(-8.22381e-14 -3.60648e-14 0)
(-9.10843e-14 -3.53616e-14 0)
(-9.97157e-14 -3.43432e-14 0)
(-1.08052e-13 -3.30014e-14 0)
(-1.16022e-13 -3.13997e-14 0)
(-1.23558e-13 -2.95166e-14 0)
(-1.30602e-13 -2.74268e-14 0)
(-1.37096e-13 -2.50953e-14 0)
(-1.42995e-13 -2.26096e-14 0)
(-1.48252e-13 -1.99218e-14 0)
(-1.52834e-13 -1.71326e-14 0)
(-1.56705e-13 -1.41838e-14 0)
(-1.59831e-13 -1.119e-14 0)
(-1.62176e-13 -8.0613e-15 0)
(-1.63736e-13 -4.89344e-15 0)
(-1.64514e-13 -1.61253e-15 0)
(-1.64513e-13 1.63106e-15 0)
(-1.63731e-13 4.91293e-15 0)
(-1.62171e-13 8.07508e-15 0)
(-1.59822e-13 1.12076e-14 0)
(-1.56694e-13 1.41936e-14 0)
(-1.5282e-13 1.71492e-14 0)
(-1.48237e-13 1.99278e-14 0)
(-1.42977e-13 2.26263e-14 0)
(-1.37079e-13 2.50986e-14 0)
(-1.30583e-13 2.74417e-14 0)
(-1.23536e-13 2.95185e-14 0)
(-1.15999e-13 3.14136e-14 0)
(-1.0803e-13 3.29991e-14 0)
(-9.9694e-14 3.4355e-14 0)
(-9.10623e-14 3.53558e-14 0)
(-8.22176e-14 3.60712e-14 0)
(-7.32425e-14 3.63875e-14 0)
(-6.42306e-14 3.63574e-14 0)
(-5.52834e-14 3.58758e-14 0)
(-4.65125e-14 3.49766e-14 0)
(-3.80353e-14 3.35647e-14 0)
(-2.99827e-14 3.16453e-14 0)
(-2.24933e-14 2.91202e-14 0)
(-1.57535e-14 2.59651e-14 0)
(-9.91843e-15 2.20602e-14 0)
(-5.15657e-15 1.7267e-14 0)
(-1.92584e-15 1.14569e-14 0)
(-2.58721e-17 4.51118e-15 0)
(-4.5266e-17 -3.52721e-15 0)
(-2.24037e-15 -8.69131e-15 0)
(-5.88714e-15 -1.29947e-14 0)
(-1.11879e-14 -1.6493e-14 0)
(-1.76414e-14 -1.93476e-14 0)
(-2.50514e-14 -2.16677e-14 0)
(-3.32379e-14 -2.35115e-14 0)
(-4.20285e-14 -2.49298e-14 0)
(-5.12673e-14 -2.59594e-14 0)
(-6.08177e-14 -2.66322e-14 0)
(-7.05502e-14 -2.69728e-14 0)
(-8.03518e-14 -2.70086e-14 0)
(-9.01095e-14 -2.67572e-14 0)
(-9.9728e-14 -2.62435e-14 0)
(-1.0911e-13 -2.54821e-14 0)
(-1.18176e-13 -2.44969e-14 0)
(-1.2684e-13 -2.33e-14 0)
(-1.35038e-13 -2.19149e-14 0)
(-1.42696e-13 -2.03524e-14 0)
(-1.49762e-13 -1.86367e-14 0)
(-1.56176e-13 -1.67762e-14 0)
(-1.61897e-13 -1.47965e-14 0)
(-1.66877e-13 -1.27061e-14 0)
(-1.71094e-13 -1.05373e-14 0)
(-1.74507e-13 -8.31079e-15 0)
(-1.77079e-13 -6.02406e-15 0)
(-1.78795e-13 -3.64878e-15 0)
(-1.79659e-13 -1.21758e-15 0)
(-1.79656e-13 1.23249e-15 0)
(-1.78792e-13 3.66251e-15 0)
(-1.7707e-13 6.03667e-15 0)
(-1.74494e-13 8.3219e-15 0)
(-1.71076e-13 1.05474e-14 0)
(-1.66857e-13 1.27155e-14 0)
(-1.6187e-13 1.48051e-14 0)
(-1.56147e-13 1.67845e-14 0)
(-1.49729e-13 1.86435e-14 0)
(-1.4266e-13 2.03604e-14 0)
(-1.35e-13 2.192e-14 0)
(-1.26803e-13 2.3306e-14 0)
(-1.18135e-13 2.45009e-14 0)
(-1.0907e-13 2.5486e-14 0)
(-9.969e-14 2.62441e-14 0)
(-9.0072e-14 2.67577e-14 0)
(-8.03167e-14 2.70054e-14 0)
(-7.05175e-14 2.69695e-14 0)
(-6.07899e-14 2.66246e-14 0)
(-5.12411e-14 2.59518e-14 0)
(-4.20084e-14 2.49178e-14 0)
(-3.3224e-14 2.35005e-14 0)
(-2.50486e-14 2.16543e-14 0)
(-1.76374e-14 1.93336e-14 0)
(-1.11884e-14 1.64747e-14 0)
(-5.89358e-15 1.29892e-14 0)
(-2.25017e-15 8.6788e-15 0)
(-4.74554e-17 3.52244e-15 0)
(-1.07572e-16 -2.29014e-15 0)
(-2.70659e-15 -5.48638e-15 0)
(-6.79577e-15 -8.14979e-15 0)
(-1.26189e-14 -1.0289e-14 0)
(-1.96647e-14 -1.20429e-14 0)
(-2.771e-14 -1.34718e-14 0)
(-3.65754e-14 -1.46102e-14 0)
(-4.60758e-14 -1.5489e-14 0)
(-5.60534e-14 -1.61262e-14 0)
(-6.63628e-14 -1.65459e-14 0)
(-7.68693e-14 -1.67573e-14 0)
(-8.74464e-14 -1.67828e-14 0)
(-9.79807e-14 -1.66253e-14 0)
(-1.08362e-13 -1.63107e-14 0)
(-1.18494e-13 -1.58353e-14 0)
(-1.28281e-13 -1.52284e-14 0)
(-1.37641e-13 -1.44802e-14 0)
(-1.46493e-13 -1.36265e-14 0)
(-1.54769e-13 -1.26493e-14 0)
(-1.624e-13 -1.15916e-14 0)
(-1.69332e-13 -1.04281e-14 0)
(-1.75507e-13 -9.20973e-15 0)
(-1.80886e-13 -7.90649e-15 0)
(-1.85431e-13 -6.58054e-15 0)
(-1.89131e-13 -5.2465e-15 0)
(-1.91952e-13 -3.89692e-15 0)
(-1.9387e-13 -2.3957e-15 0)
(-1.94827e-13 -8.14221e-16 0)
(-1.94826e-13 8.2322e-16 0)
(-1.93862e-13 2.40376e-15 0)
(-1.91941e-13 3.90826e-15 0)
(-1.89115e-13 5.2558e-15 0)
(-1.85409e-13 6.59612e-15 0)
(-1.80856e-13 7.91661e-15 0)
(-1.75473e-13 9.22538e-15 0)
(-1.69292e-13 1.0435e-14 0)
(-1.62357e-13 1.16055e-14 0)
(-1.54724e-13 1.26527e-14 0)
(-1.46443e-13 1.36369e-14 0)
(-1.37588e-13 1.44794e-14 0)
(-1.28229e-13 1.52345e-14 0)
(-1.18443e-13 1.58286e-14 0)
(-1.0831e-13 1.63134e-14 0)
(-9.79308e-14 1.66167e-14 0)
(-8.73989e-14 1.67819e-14 0)
(-7.68245e-14 1.67454e-14 0)
(-6.63214e-14 1.65418e-14 0)
(-5.60195e-14 1.61129e-14 0)
(-4.60474e-14 1.54808e-14 0)
(-3.65521e-14 1.45939e-14 0)
(-2.76931e-14 1.34611e-14 0)
(-1.96603e-14 1.20314e-14 0)
(-1.2618e-14 1.02787e-14 0)
(-6.79783e-15 8.14004e-15 0)
(-2.71353e-15 5.47969e-15 0)
(-1.08436e-16 2.28901e-15 0)
(-3.92302e-16 -8.04292e-16 0)
(-3.0115e-15 -1.93989e-15 0)
(-7.61621e-15 -2.87903e-15 0)
(-1.39849e-14 -3.61426e-15 0)
(-2.16008e-14 -4.2092e-15 0)
(-3.02705e-14 -4.70269e-15 0)
(-3.98039e-14 -5.09731e-15 0)
(-5.00133e-14 -5.40189e-15 0)
(-6.07312e-14 -5.62442e-15 0)
(-7.18027e-14 -5.76931e-15 0)
(-8.30845e-14 -5.84382e-15 0)
(-9.44442e-14 -5.85168e-15 0)
(-1.05757e-13 -5.79885e-15 0)
(-1.1691e-13 -5.68736e-15 0)
(-1.27793e-13 -5.52403e-15 0)
(-1.38309e-13 -5.31003e-15 0)
(-1.48366e-13 -5.05285e-15 0)
(-1.5788e-13 -4.75139e-15 0)
(-1.66774e-13 -4.41542e-15 0)
(-1.7498e-13 -4.04212e-15 0)
(-1.82434e-13 -3.64228e-15 0)
(-1.89085e-13 -3.20999e-15 0)
(-1.94886e-13 -2.7501e-15 0)
(-1.99757e-13 -2.17784e-15 0)
(-2.03701e-13 -1.57665e-15 0)
(-2.06731e-13 -1.03174e-15 0)
(-2.08814e-13 -5.20934e-16 0)
(-2.09842e-13 -1.34104e-16 0)
(-2.09838e-13 1.36931e-16 0)
(-2.08804e-13 5.24433e-16 0)
(-2.06714e-13 1.03464e-15 0)
(-2.03679e-13 1.58031e-15 0)
(-1.99729e-13 2.17948e-15 0)
(-1.94853e-13 2.752e-15 0)
(-1.89045e-13 3.21032e-15 0)
(-1.82389e-13 3.64436e-15 0)
(-1.7493e-13 4.04204e-15 0)
(-1.66721e-13 4.41742e-15 0)
(-1.57825e-13 4.7501e-15 0)
(-1.48309e-13 5.05476e-15 0)
(-1.38249e-13 5.31011e-15 0)
(-1.27732e-13 5.52663e-15 0)
(-1.16849e-13 5.68559e-15 0)
(-1.05699e-13 5.79954e-15 0)
(-9.43878e-14 5.84928e-15 0)
(-8.30315e-14 5.8439e-15 0)
(-7.17541e-14 5.7657e-15 0)
(-6.06876e-14 5.62279e-15 0)
(-4.99763e-14 5.39793e-15 0)
(-3.97751e-14 5.09525e-15 0)
(-3.0249e-14 4.69942e-15 0)
(-2.15843e-14 4.20665e-15 0)
(-1.39751e-14 3.61111e-15 0)
(-7.61439e-15 2.87615e-15 0)
(-3.01326e-15 1.94092e-15 0)
(-3.9341e-16 8.04971e-16 0)
)
;

boundaryField
{
    top
    {
        type            slip;
    }
    bottom
    {
        type            slip;
    }
    rotatingWall
    {
        type            rotatingWallVelocity;
        origin          (0 0 0);
        axis            (0 1 0);
        omega           constant 1140;
        value           uniform (0 0 0);
    }
    wall
    {
        type            rotatingWallVelocity;
        origin          (0 0 0);
        axis            (0 1 0);
        omega           constant 0;
        value           uniform (0 -0 -0);
    }
    frontAndBack
    {
        type            empty;
    }
}


// ************************************************************************* //
