/*--------------------------------*- C++ -*----------------------------------*\
| =========                 |                                                 |
| \\      /  F ield         | OpenFOAM: The Open Source CFD Toolbox           |
|  \\    /   O peration     | Version:  5.0                                   |
|   \\  /    A nd           | Web:      www.OpenFOAM.org                      |
|    \\/     M anipulation  |                                                 |
\*---------------------------------------------------------------------------*/
FoamFile
{
    version     2.0;
    format      ascii;
    class       volVectorField;
    location    "111";
    object      U;
}
// * * * * * * * * * * * * * * * * * * * * * * * * * * * * * * * * * * * * * //

dimensions      [0 1 -1 0 0 0 0];

internalField   nonuniform List<vector> 
1568
(
(9.9158e-12 -4.54382e-12 0)
(-1.17174e-10 3.29517e-10 0)
(3.95549e-11 -2.56368e-10 0)
(5.85046e-10 -2.87004e-10 0)
(8.40178e-10 -1.26509e-10 0)
(1.09934e-09 -2.01657e-10 0)
(1.50345e-09 -2.42134e-10 0)
(1.8939e-09 -2.30286e-10 0)
(2.26694e-09 -2.27776e-10 0)
(2.65212e-09 -2.32379e-10 0)
(3.03892e-09 -2.31295e-10 0)
(3.41352e-09 -2.23141e-10 0)
(3.77144e-09 -2.10034e-10 0)
(4.10928e-09 -1.97141e-10 0)
(4.42355e-09 -1.85295e-10 0)
(4.71132e-09 -1.72192e-10 0)
(4.96841e-09 -1.56919e-10 0)
(5.19223e-09 -1.40072e-10 0)
(5.37998e-09 -1.15677e-10 0)
(5.53339e-09 -9.25837e-11 0)
(5.65263e-09 -7.09672e-11 0)
(5.73715e-09 -5.01668e-11 0)
(5.78629e-09 -2.85292e-11 0)
(5.79943e-09 -1.32952e-11 0)
(5.77872e-09 3.38562e-12 0)
(5.7237e-09 1.88085e-11 0)
(5.6342e-09 3.96674e-11 0)
(5.51864e-09 5.48317e-11 0)
(5.37703e-09 7.35031e-11 0)
(5.21525e-09 8.77904e-11 0)
(5.03412e-09 1.06591e-10 0)
(4.83536e-09 1.18602e-10 0)
(4.62241e-09 1.33345e-10 0)
(4.39793e-09 1.4127e-10 0)
(4.16407e-09 1.51354e-10 0)
(3.92391e-09 1.53638e-10 0)
(3.67888e-09 1.6007e-10 0)
(3.42974e-09 1.60498e-10 0)
(3.18021e-09 1.63423e-10 0)
(2.93011e-09 1.61836e-10 0)
(2.68084e-09 1.62088e-10 0)
(2.43494e-09 1.57798e-10 0)
(2.19452e-09 1.56384e-10 0)
(1.95923e-09 1.53363e-10 0)
(1.73113e-09 1.52062e-10 0)
(1.51079e-09 1.4745e-10 0)
(1.30006e-09 1.42623e-10 0)
(1.09976e-09 1.35162e-10 0)
(9.09676e-10 1.29421e-10 0)
(7.31863e-10 1.20902e-10 0)
(5.66077e-10 1.12076e-10 0)
(4.09191e-10 1.0227e-10 0)
(2.96722e-10 8.91774e-11 0)
(1.5446e-10 1.11813e-10 0)
(4.45284e-11 3.98289e-11 0)
(1.32341e-11 1.58564e-11 0)
(3.77819e-10 -2.0993e-10 0)
(-1.33444e-10 -4.61819e-10 0)
(3.70027e-10 -4.11796e-10 0)
(3.55078e-10 -3.84433e-10 0)
(7.2427e-10 -5.08843e-10 0)
(9.83927e-10 -5.3769e-10 0)
(1.29132e-09 -5.50139e-10 0)
(1.64649e-09 -5.62822e-10 0)
(1.98658e-09 -5.7127e-10 0)
(2.32416e-09 -5.70165e-10 0)
(2.66309e-09 -5.5684e-10 0)
(2.99826e-09 -5.38114e-10 0)
(3.31774e-09 -5.13921e-10 0)
(3.61738e-09 -4.82517e-10 0)
(3.89687e-09 -4.42918e-10 0)
(4.15099e-09 -3.99224e-10 0)
(4.37832e-09 -3.50383e-10 0)
(4.57681e-09 -2.98262e-10 0)
(4.74596e-09 -2.45989e-10 0)
(4.88413e-09 -1.98512e-10 0)
(4.99117e-09 -1.48178e-10 0)
(5.06585e-09 -9.61753e-11 0)
(5.10999e-09 -4.28574e-11 0)
(5.12151e-09 8.43406e-12 0)
(5.10223e-09 6.1801e-11 0)
(5.05323e-09 1.12697e-10 0)
(4.97599e-09 1.58006e-10 0)
(4.87292e-09 1.94372e-10 0)
(4.74772e-09 2.26337e-10 0)
(4.60247e-09 2.5566e-10 0)
(4.43879e-09 2.83983e-10 0)
(4.26079e-09 3.05839e-10 0)
(4.07304e-09 3.24957e-10 0)
(3.87598e-09 3.39225e-10 0)
(3.66939e-09 3.51848e-10 0)
(3.45501e-09 3.60115e-10 0)
(3.23638e-09 3.66359e-10 0)
(3.01649e-09 3.67844e-10 0)
(2.79367e-09 3.67841e-10 0)
(2.57274e-09 3.64333e-10 0)
(2.3533e-09 3.59908e-10 0)
(2.13443e-09 3.524e-10 0)
(1.91877e-09 3.44275e-10 0)
(1.71093e-09 3.32427e-10 0)
(1.50922e-09 3.20469e-10 0)
(1.3155e-09 3.07474e-10 0)
(1.12927e-09 2.94389e-10 0)
(9.52846e-10 2.79792e-10 0)
(7.88386e-10 2.65103e-10 0)
(6.3266e-10 2.47038e-10 0)
(4.83387e-10 2.31289e-10 0)
(3.60765e-10 2.05174e-10 0)
(2.28685e-10 1.72944e-10 0)
(1.40906e-10 1.44191e-10 0)
(6.23892e-11 9.76368e-11 0)
(4.74607e-12 5.02477e-11 0)
(4.77396e-11 -3.34803e-10 0)
(-9.96946e-11 -2.96781e-10 0)
(1.02536e-10 -7.20259e-10 0)
(4.42663e-10 -7.36042e-10 0)
(5.78915e-10 -7.98029e-10 0)
(7.90131e-10 -8.85141e-10 0)
(1.09568e-09 -9.12997e-10 0)
(1.40391e-09 -9.33871e-10 0)
(1.69161e-09 -9.4699e-10 0)
(1.99075e-09 -9.44647e-10 0)
(2.29284e-09 -9.24262e-10 0)
(2.58276e-09 -8.91928e-10 0)
(2.86014e-09 -8.49789e-10 0)
(3.12292e-09 -7.9791e-10 0)
(3.36622e-09 -7.37392e-10 0)
(3.58867e-09 -6.68681e-10 0)
(3.78764e-09 -5.92944e-10 0)
(3.96165e-09 -5.1302e-10 0)
(4.10921e-09 -4.29417e-10 0)
(4.2293e-09 -3.45401e-10 0)
(4.32048e-09 -2.59426e-10 0)
(4.38418e-09 -1.73435e-10 0)
(4.41983e-09 -8.63125e-11 0)
(4.42782e-09 -2.62972e-12 0)
(4.40866e-09 8.01912e-11 0)
(4.3656e-09 1.57179e-10 0)
(4.29942e-09 2.30259e-10 0)
(4.211e-09 2.93662e-10 0)
(4.10069e-09 3.54296e-10 0)
(3.97214e-09 4.07133e-10 0)
(3.82923e-09 4.59867e-10 0)
(3.67378e-09 5.0387e-10 0)
(3.50708e-09 5.44599e-10 0)
(3.33128e-09 5.73754e-10 0)
(3.1484e-09 5.98739e-10 0)
(2.96079e-09 6.12569e-10 0)
(2.76953e-09 6.24236e-10 0)
(2.57557e-09 6.26315e-10 0)
(2.38218e-09 6.25546e-10 0)
(2.18881e-09 6.17609e-10 0)
(1.99666e-09 6.07905e-10 0)
(1.80805e-09 5.93298e-10 0)
(1.62386e-09 5.79296e-10 0)
(1.44411e-09 5.62139e-10 0)
(1.27132e-09 5.45243e-10 0)
(1.10409e-09 5.25679e-10 0)
(9.44661e-10 5.04983e-10 0)
(7.94892e-10 4.80678e-10 0)
(6.52764e-10 4.56058e-10 0)
(5.2314e-10 4.26254e-10 0)
(3.97966e-10 3.92461e-10 0)
(2.81726e-10 3.55467e-10 0)
(2.06041e-10 3.02716e-10 0)
(1.03222e-10 2.45759e-10 0)
(2.18408e-11 1.62951e-10 0)
(7.46232e-12 7.29e-11 0)
(-9.91569e-11 -1.84259e-10 0)
(4.86332e-11 -5.97999e-10 0)
(1.17882e-10 -7.10479e-10 0)
(2.97663e-10 -9.19873e-10 0)
(4.54791e-10 -1.06259e-09 0)
(6.418e-10 -1.13996e-09 0)
(9.06535e-10 -1.18044e-09 0)
(1.16437e-09 -1.21747e-09 0)
(1.41194e-09 -1.23547e-09 0)
(1.66808e-09 -1.22731e-09 0)
(1.92586e-09 -1.20281e-09 0)
(2.17635e-09 -1.16149e-09 0)
(2.41409e-09 -1.10626e-09 0)
(2.63694e-09 -1.03851e-09 0)
(2.84576e-09 -9.59431e-10 0)
(3.03652e-09 -8.69312e-10 0)
(3.20626e-09 -7.72361e-10 0)
(3.35456e-09 -6.67893e-10 0)
(3.48045e-09 -5.60226e-10 0)
(3.58166e-09 -4.48971e-10 0)
(3.65788e-09 -3.36783e-10 0)
(3.70931e-09 -2.22279e-10 0)
(3.73676e-09 -1.10249e-10 0)
(3.74034e-09 1.08517e-12 0)
(3.7218e-09 1.06664e-10 0)
(3.68283e-09 2.08946e-10 0)
(3.62436e-09 3.01636e-10 0)
(3.54686e-09 3.87722e-10 0)
(3.45202e-09 4.63832e-10 0)
(3.34217e-09 5.35832e-10 0)
(3.21772e-09 5.99277e-10 0)
(3.08078e-09 6.57212e-10 0)
(2.93483e-09 7.04052e-10 0)
(2.78134e-09 7.4391e-10 0)
(2.62083e-09 7.72183e-10 0)
(2.45627e-09 7.93971e-10 0)
(2.29029e-09 8.04915e-10 0)
(2.123e-09 8.11218e-10 0)
(1.95546e-09 8.08631e-10 0)
(1.79075e-09 8.01337e-10 0)
(1.62942e-09 7.8781e-10 0)
(1.47047e-09 7.72928e-10 0)
(1.31571e-09 7.53218e-10 0)
(1.16722e-09 7.33342e-10 0)
(1.02386e-09 7.09944e-10 0)
(8.85638e-10 6.85484e-10 0)
(7.52848e-10 6.57584e-10 0)
(6.29856e-10 6.27475e-10 0)
(5.16631e-10 5.93038e-10 0)
(4.08114e-10 5.56167e-10 0)
(3.08286e-10 5.1186e-10 0)
(2.24209e-10 4.63281e-10 0)
(1.31757e-10 3.9579e-10 0)
(8.28637e-11 3.17903e-10 0)
(3.08457e-11 2.10047e-10 0)
(1.24841e-11 9.46527e-11 0)
(2.70114e-11 -1.71452e-10 0)
(3.10758e-11 -5.56448e-10 0)
(1.23111e-10 -8.44098e-10 0)
(2.24118e-10 -1.05378e-09 0)
(3.41081e-10 -1.22652e-09 0)
(5.16946e-10 -1.31235e-09 0)
(7.31236e-10 -1.36872e-09 0)
(9.32849e-10 -1.41626e-09 0)
(1.13832e-09 -1.43685e-09 0)
(1.3556e-09 -1.42896e-09 0)
(1.57113e-09 -1.3991e-09 0)
(1.77768e-09 -1.35169e-09 0)
(1.97375e-09 -1.2875e-09 0)
(2.15995e-09 -1.20702e-09 0)
(2.33356e-09 -1.11129e-09 0)
(2.49114e-09 -1.00522e-09 0)
(2.63174e-09 -8.88797e-10 0)
(2.75429e-09 -7.65605e-10 0)
(2.85686e-09 -6.36668e-10 0)
(2.93922e-09 -5.05666e-10 0)
(3.00042e-09 -3.71851e-10 0)
(3.04033e-09 -2.38605e-10 0)
(3.05947e-09 -1.0575e-10 0)
(3.0584e-09 2.28843e-11 0)
(3.0385e-09 1.48015e-10 0)
(3.00181e-09 2.64897e-10 0)
(2.94874e-09 3.74169e-10 0)
(2.88027e-09 4.72417e-10 0)
(2.79765e-09 5.61787e-10 0)
(2.70264e-09 6.39729e-10 0)
(2.59655e-09 7.08553e-10 0)
(2.47979e-09 7.66851e-10 0)
(2.35396e-09 8.16449e-10 0)
(2.22143e-09 8.55031e-10 0)
(2.08456e-09 8.85148e-10 0)
(1.94539e-09 9.06236e-10 0)
(1.8056e-09 9.19947e-10 0)
(1.66572e-09 9.24702e-10 0)
(1.52655e-09 9.23829e-10 0)
(1.38991e-09 9.16012e-10 0)
(1.25741e-09 9.03224e-10 0)
(1.1292e-09 8.84724e-10 0)
(1.00574e-09 8.63913e-10 0)
(8.86951e-10 8.38552e-10 0)
(7.73038e-10 8.10819e-10 0)
(6.6369e-10 7.79801e-10 0)
(5.60148e-10 7.46661e-10 0)
(4.64886e-10 7.10883e-10 0)
(3.76927e-10 6.72603e-10 0)
(2.98764e-10 6.27826e-10 0)
(2.24365e-10 5.7761e-10 0)
(1.49627e-10 5.21547e-10 0)
(1.13254e-10 4.51146e-10 0)
(4.59647e-11 3.58886e-10 0)
(2.72073e-12 2.3706e-10 0)
(-7.56987e-12 1.02767e-10 0)
(2.30565e-11 -2.51103e-10 0)
(2.79023e-11 -6.14865e-10 0)
(8.95866e-11 -9.36108e-10 0)
(1.62382e-10 -1.17918e-09 0)
(2.65829e-10 -1.35231e-09 0)
(4.10668e-10 -1.45623e-09 0)
(5.64986e-10 -1.53798e-09 0)
(7.15835e-10 -1.59574e-09 0)
(8.80814e-10 -1.61661e-09 0)
(1.05437e-09 -1.60792e-09 0)
(1.22447e-09 -1.57633e-09 0)
(1.38867e-09 -1.52381e-09 0)
(1.54617e-09 -1.45017e-09 0)
(1.69547e-09 -1.35733e-09 0)
(1.83382e-09 -1.24882e-09 0)
(1.95898e-09 -1.12678e-09 0)
(2.06994e-09 -9.93747e-10 0)
(2.16556e-09 -8.52625e-10 0)
(2.24482e-09 -7.05978e-10 0)
(2.30693e-09 -5.55594e-10 0)
(2.35171e-09 -4.04247e-10 0)
(2.37896e-09 -2.53037e-10 0)
(2.38927e-09 -1.04138e-10 0)
(2.38343e-09 4.1197e-11 0)
(2.36212e-09 1.80678e-10 0)
(2.32659e-09 3.12663e-10 0)
(2.27814e-09 4.34427e-10 0)
(2.21716e-09 5.45832e-10 0)
(2.14477e-09 6.45242e-10 0)
(2.06257e-09 7.33429e-10 0)
(1.97158e-09 8.08882e-10 0)
(1.87287e-09 8.72601e-10 0)
(1.76832e-09 9.24609e-10 0)
(1.6594e-09 9.66652e-10 0)
(1.54771e-09 9.98276e-10 0)
(1.4347e-09 1.0207e-09 0)
(1.32141e-09 1.03337e-09 0)
(1.20912e-09 1.03745e-09 0)
(1.0987e-09 1.03355e-09 0)
(9.91521e-10 1.02343e-09 0)
(8.88397e-10 1.00697e-09 0)
(7.89557e-10 9.85329e-10 0)
(6.95122e-10 9.58556e-10 0)
(6.05841e-10 9.27879e-10 0)
(5.21925e-10 8.93918e-10 0)
(4.4249e-10 8.57628e-10 0)
(3.68514e-10 8.18631e-10 0)
(3.0372e-10 7.77446e-10 0)
(2.45081e-10 7.33613e-10 0)
(1.89089e-10 6.83771e-10 0)
(1.44144e-10 6.25316e-10 0)
(1.08861e-10 5.6084e-10 0)
(5.33564e-11 4.82841e-10 0)
(3.32243e-11 3.76915e-10 0)
(1.7145e-11 2.60128e-10 0)
(1.55538e-12 1.00918e-10 0)
(-1.23531e-11 -2.59661e-10 0)
(3.01759e-11 -6.56099e-10 0)
(6.67219e-11 -9.91461e-10 0)
(1.23497e-10 -1.25034e-09 0)
(2.00066e-10 -1.44439e-09 0)
(2.9955e-10 -1.58342e-09 0)
(4.01033e-10 -1.68803e-09 0)
(5.11503e-10 -1.75327e-09 0)
(6.37568e-10 -1.77804e-09 0)
(7.67474e-10 -1.77149e-09 0)
(8.93926e-10 -1.73749e-09 0)
(1.017e-09 -1.67867e-09 0)
(1.13596e-09 -1.59672e-09 0)
(1.24845e-09 -1.49434e-09 0)
(1.35227e-09 -1.37466e-09 0)
(1.4456e-09 -1.24031e-09 0)
(1.52725e-09 -1.094e-09 0)
(1.59643e-09 -9.3842e-10 0)
(1.65244e-09 -7.7639e-10 0)
(1.69478e-09 -6.10291e-10 0)
(1.72311e-09 -4.42444e-10 0)
(1.73791e-09 -2.75094e-10 0)
(1.73954e-09 -1.10058e-10 0)
(1.72831e-09 5.02981e-11 0)
(1.7049e-09 2.03899e-10 0)
(1.67035e-09 3.48935e-10 0)
(1.62571e-09 4.83596e-10 0)
(1.57188e-09 6.06472e-10 0)
(1.50987e-09 7.17201e-10 0)
(1.44064e-09 8.15084e-10 0)
(1.36491e-09 9.00053e-10 0)
(1.28392e-09 9.7195e-10 0)
(1.19927e-09 1.03106e-09 0)
(1.1121e-09 1.07746e-09 0)
(1.02353e-09 1.11201e-09 0)
(9.34854e-10 1.13471e-09 0)
(8.47062e-10 1.14675e-09 0)
(7.61291e-10 1.14905e-09 0)
(6.78584e-10 1.14277e-09 0)
(5.99636e-10 1.12872e-09 0)
(5.25151e-10 1.10793e-09 0)
(4.55229e-10 1.08128e-09 0)
(3.90257e-10 1.04976e-09 0)
(3.30707e-10 1.01432e-09 0)
(2.76581e-10 9.75706e-10 0)
(2.26764e-10 9.34285e-10 0)
(1.82374e-10 8.90035e-10 0)
(1.46233e-10 8.43085e-10 0)
(1.14024e-10 7.92539e-10 0)
(8.67619e-11 7.36396e-10 0)
(6.52011e-11 6.72796e-10 0)
(4.14598e-11 5.98327e-10 0)
(3.80932e-11 5.09078e-10 0)
(1.18824e-11 4.06365e-10 0)
(-1.11046e-11 2.63166e-10 0)
(6.33549e-12 1.07428e-10 0)
(-1.86546e-11 -2.49225e-10 0)
(2.93979e-11 -6.6137e-10 0)
(4.57319e-11 -1.00421e-09 0)
(7.54593e-11 -1.28542e-09 0)
(1.20607e-10 -1.50594e-09 0)
(1.8403e-10 -1.67025e-09 0)
(2.48361e-10 -1.78467e-09 0)
(3.22071e-10 -1.85387e-09 0)
(4.0856e-10 -1.88353e-09 0)
(4.963e-10 -1.87926e-09 0)
(5.82381e-10 -1.84453e-09 0)
(6.66088e-10 -1.78221e-09 0)
(7.47292e-10 -1.69462e-09 0)
(8.23779e-10 -1.58519e-09 0)
(8.93552e-10 -1.45726e-09 0)
(9.55385e-10 -1.31374e-09 0)
(1.00866e-09 -1.1574e-09 0)
(1.05246e-09 -9.90952e-10 0)
(1.08617e-09 -8.1736e-10 0)
(1.10956e-09 -6.39297e-10 0)
(1.12252e-09 -4.59283e-10 0)
(1.12525e-09 -2.79539e-10 0)
(1.11809e-09 -1.03028e-10 0)
(1.10125e-09 6.82476e-11 0)
(1.07556e-09 2.31964e-10 0)
(1.0419e-09 3.86391e-10 0)
(1.00113e-09 5.29652e-10 0)
(9.54095e-10 6.60606e-10 0)
(9.01608e-10 7.78138e-10 0)
(8.44589e-10 8.81669e-10 0)
(7.83737e-10 9.70866e-10 0)
(7.19636e-10 1.04597e-09 0)
(6.53601e-10 1.10705e-09 0)
(5.86895e-10 1.15429e-09 0)
(5.20306e-10 1.18818e-09 0)
(4.54911e-10 1.20979e-09 0)
(3.91991e-10 1.21981e-09 0)
(3.32176e-10 1.2198e-09 0)
(2.7601e-10 1.21044e-09 0)
(2.24303e-10 1.19289e-09 0)
(1.77596e-10 1.16816e-09 0)
(1.35894e-10 1.13751e-09 0)
(9.92791e-11 1.10177e-09 0)
(6.82747e-11 1.06184e-09 0)
(4.26396e-11 1.01856e-09 0)
(2.09418e-11 9.72393e-10 0)
(4.28619e-12 9.23302e-10 0)
(-4.0177e-12 8.71224e-10 0)
(-8.55532e-12 8.15974e-10 0)
(-1.31327e-11 7.5604e-10 0)
(-1.00387e-11 6.87523e-10 0)
(-1.4002e-12 6.1068e-10 0)
(-1.20081e-11 5.20674e-10 0)
(-5.4703e-12 4.02102e-10 0)
(-2.51874e-12 2.71209e-10 0)
(3.40101e-12 1.08681e-10 0)
(-1.26424e-11 -2.52843e-10 0)
(2.05516e-11 -6.68121e-10 0)
(2.38329e-11 -1.02229e-09 0)
(2.51994e-11 -1.31454e-09 0)
(4.39743e-11 -1.54528e-09 0)
(7.95027e-11 -1.71696e-09 0)
(1.1154e-10 -1.83611e-09 0)
(1.48428e-10 -1.90971e-09 0)
(1.97534e-10 -1.94322e-09 0)
(2.43004e-10 -1.94091e-09 0)
(2.91303e-10 -1.90677e-09 0)
(3.37925e-10 -1.84269e-09 0)
(3.83491e-10 -1.75176e-09 0)
(4.25452e-10 -1.63767e-09 0)
(4.62793e-10 -1.50387e-09 0)
(4.94796e-10 -1.35332e-09 0)
(5.2089e-10 -1.1892e-09 0)
(5.40405e-10 -1.01463e-09 0)
(5.52822e-10 -8.32555e-10 0)
(5.58132e-10 -6.45716e-10 0)
(5.5638e-10 -4.5714e-10 0)
(5.47437e-10 -2.69413e-10 0)
(5.31633e-10 -8.51248e-11 0)
(5.09549e-10 9.32816e-11 0)
(4.81603e-10 2.63571e-10 0)
(4.48631e-10 4.23685e-10 0)
(4.11444e-10 5.72028e-10 0)
(3.70762e-10 7.07154e-10 0)
(3.27201e-10 8.28077e-10 0)
(2.81514e-10 9.34145e-10 0)
(2.34338e-10 1.02485e-09 0)
(1.8643e-10 1.10017e-09 0)
(1.38467e-10 1.16062e-09 0)
(9.11993e-11 1.2064e-09 0)
(4.58978e-11 1.23827e-09 0)
(3.38021e-12 1.2571e-09 0)
(-3.56745e-11 1.26391e-09 0)
(-7.11572e-11 1.26007e-09 0)
(-1.01844e-10 1.24637e-09 0)
(-1.27535e-10 1.22402e-09 0)
(-1.47774e-10 1.19436e-09 0)
(-1.62811e-10 1.15848e-09 0)
(-1.72675e-10 1.11746e-09 0)
(-1.76833e-10 1.07227e-09 0)
(-1.75571e-10 1.02389e-09 0)
(-1.70587e-10 9.729e-10 0)
(-1.60908e-10 9.1946e-10 0)
(-1.43375e-10 8.63697e-10 0)
(-1.23153e-10 8.04931e-10 0)
(-1.02249e-10 7.41449e-10 0)
(-7.73473e-11 6.72679e-10 0)
(-5.62919e-11 5.92833e-10 0)
(-3.09665e-11 4.98552e-10 0)
(-2.18033e-11 3.959e-10 0)
(-1.73174e-11 2.53846e-10 0)
(-6.71479e-13 1.03421e-10 0)
(-1.40542e-11 -2.56183e-10 0)
(1.07687e-11 -6.69105e-10 0)
(1.52066e-13 -1.02957e-09 0)
(-1.71828e-11 -1.32339e-09 0)
(-2.0924e-11 -1.55634e-09 0)
(-1.24e-11 -1.7312e-09 0)
(-1.23986e-11 -1.85563e-09 0)
(-1.10312e-11 -1.93479e-09 0)
(1.05283e-12 -1.97212e-09 0)
(1.32824e-11 -1.97202e-09 0)
(2.53026e-11 -1.93783e-09 0)
(3.65177e-11 -1.87199e-09 0)
(4.82821e-11 -1.77916e-09 0)
(5.81239e-11 -1.66214e-09 0)
(6.53001e-11 -1.52441e-09 0)
(6.93381e-11 -1.36919e-09 0)
(6.98789e-11 -1.19986e-09 0)
(6.6518e-11 -1.01977e-09 0)
(5.91779e-11 -8.31985e-10 0)
(4.75697e-11 -6.39526e-10 0)
(3.16545e-11 -4.45388e-10 0)
(1.18742e-11 -2.52611e-10 0)
(-1.16278e-11 -6.34652e-11 0)
(-3.87036e-11 1.19252e-10 0)
(-6.87162e-11 2.93341e-10 0)
(-1.00854e-10 4.56837e-10 0)
(-1.34474e-10 6.08105e-10 0)
(-1.69021e-10 7.45688e-10 0)
(-2.03857e-10 8.6832e-10 0)
(-2.3855e-10 9.75344e-10 0)
(-2.72706e-10 1.06623e-09 0)
(-3.05662e-10 1.1411e-09 0)
(-3.36782e-10 1.19998e-09 0)
(-3.65364e-10 1.24363e-09 0)
(-3.90677e-10 1.2728e-09 0)
(-4.11869e-10 1.28821e-09 0)
(-4.28891e-10 1.29093e-09 0)
(-4.41712e-10 1.28218e-09 0)
(-4.48437e-10 1.26318e-09 0)
(-4.49868e-10 1.23541e-09 0)
(-4.45587e-10 1.20008e-09 0)
(-4.35931e-10 1.15845e-09 0)
(-4.20967e-10 1.11178e-09 0)
(-4.00193e-10 1.06124e-09 0)
(-3.74041e-10 1.00786e-09 0)
(-3.44461e-10 9.52356e-10 0)
(-3.10391e-10 8.95035e-10 0)
(-2.68842e-10 8.35889e-10 0)
(-2.25632e-10 7.7444e-10 0)
(-1.83759e-10 7.09393e-10 0)
(-1.38804e-10 6.38109e-10 0)
(-9.47907e-11 5.6059e-10 0)
(-6.36557e-11 4.72184e-10 0)
(-3.55467e-11 3.6045e-10 0)
(-1.52605e-11 2.43264e-10 0)
(-5.95011e-13 9.34589e-11 0)
(-1.60685e-11 -2.50777e-10 0)
(3.26724e-12 -6.58299e-10 0)
(-1.83962e-11 -1.01401e-09 0)
(-5.31884e-11 -1.30583e-09 0)
(-7.82219e-11 -1.53915e-09 0)
(-9.4797e-11 -1.71707e-09 0)
(-1.24281e-10 -1.84548e-09 0)
(-1.52729e-10 -1.92835e-09 0)
(-1.75055e-10 -1.96848e-09 0)
(-1.93718e-10 -1.96988e-09 0)
(-2.16452e-10 -1.9359e-09 0)
(-2.35746e-10 -1.87015e-09 0)
(-2.55023e-10 -1.77651e-09 0)
(-2.74551e-10 -1.65815e-09 0)
(-2.9504e-10 -1.51852e-09 0)
(-3.16561e-10 -1.36116e-09 0)
(-3.394e-10 -1.18922e-09 0)
(-3.63643e-10 -1.00637e-09 0)
(-3.89335e-10 -8.15612e-10 0)
(-4.16387e-10 -6.20535e-10 0)
(-4.44903e-10 -4.23759e-10 0)
(-4.7452e-10 -2.28494e-10 0)
(-5.05026e-10 -3.72926e-11 0)
(-5.36252e-10 1.47172e-10 0)
(-5.67563e-10 3.22739e-10 0)
(-5.9829e-10 4.8719e-10 0)
(-6.27949e-10 6.39063e-10 0)
(-6.56365e-10 7.7665e-10 0)
(-6.8308e-10 8.9888e-10 0)
(-7.07572e-10 1.00481e-09 0)
(-7.2939e-10 1.09424e-09 0)
(-7.48185e-10 1.16686e-09 0)
(-7.63575e-10 1.22308e-09 0)
(-7.7499e-10 1.26339e-09 0)
(-7.82014e-10 1.28868e-09 0)
(-7.83642e-10 1.29958e-09 0)
(-7.80416e-10 1.29754e-09 0)
(-7.71393e-10 1.28338e-09 0)
(-7.56766e-10 1.25888e-09 0)
(-7.36207e-10 1.22546e-09 0)
(-7.09754e-10 1.18446e-09 0)
(-6.77748e-10 1.13729e-09 0)
(-6.40322e-10 1.08537e-09 0)
(-5.97079e-10 1.02989e-09 0)
(-5.48563e-10 9.71971e-10 0)
(-4.96843e-10 9.12416e-10 0)
(-4.41248e-10 8.51736e-10 0)
(-3.78881e-10 7.89808e-10 0)
(-3.15568e-10 7.26216e-10 0)
(-2.54785e-10 6.6031e-10 0)
(-1.91163e-10 5.90726e-10 0)
(-1.33748e-10 5.14042e-10 0)
(-8.60529e-11 4.27645e-10 0)
(-4.52924e-11 3.36489e-10 0)
(-2.21449e-11 2.13438e-10 0)
(1.40323e-12 8.5398e-11 0)
(-1.74579e-11 -2.39489e-10 0)
(-2.66518e-12 -6.3646e-10 0)
(-3.5324e-11 -9.81796e-10 0)
(-8.48189e-11 -1.26858e-09 0)
(-1.28873e-10 -1.49922e-09 0)
(-1.68279e-10 -1.67747e-09 0)
(-2.23375e-10 -1.80698e-09 0)
(-2.7951e-10 -1.89061e-09 0)
(-3.29418e-10 -1.93193e-09 0)
(-3.76459e-10 -1.93438e-09 0)
(-4.27824e-10 -1.90153e-09 0)
(-4.76532e-10 -1.83702e-09 0)
(-5.23475e-10 -1.74381e-09 0)
(-5.69483e-10 -1.62574e-09 0)
(-6.1495e-10 -1.4862e-09 0)
(-6.59495e-10 -1.32869e-09 0)
(-7.03185e-10 -1.15672e-09 0)
(-7.46029e-10 -9.73646e-10 0)
(-7.87889e-10 -7.82888e-10 0)
(-8.28676e-10 -5.87533e-10 0)
(-8.68185e-10 -3.91081e-10 0)
(-9.06172e-10 -1.96101e-10 0)
(-9.4235e-10 -5.69184e-12 0)
(-9.76697e-10 1.77882e-10 0)
(-1.00876e-09 3.52199e-10 0)
(-1.0378e-09 5.15473e-10 0)
(-1.0635e-09 6.65614e-10 0)
(-1.08585e-09 8.01047e-10 0)
(-1.1044e-09 9.20305e-10 0)
(-1.11883e-09 1.02281e-09 0)
(-1.12906e-09 1.10843e-09 0)
(-1.13479e-09 1.17709e-09 0)
(-1.13557e-09 1.22894e-09 0)
(-1.13125e-09 1.26458e-09 0)
(-1.12085e-09 1.28456e-09 0)
(-1.10459e-09 1.29002e-09 0)
(-1.08348e-09 1.28232e-09 0)
(-1.05541e-09 1.26261e-09 0)
(-1.02147e-09 1.23231e-09 0)
(-9.81384e-10 1.19303e-09 0)
(-9.35222e-10 1.14629e-09 0)
(-8.83436e-10 1.09366e-09 0)
(-8.26322e-10 1.03659e-09 0)
(-7.63574e-10 9.76405e-10 0)
(-6.95784e-10 9.14202e-10 0)
(-6.25172e-10 8.50955e-10 0)
(-5.51158e-10 7.87161e-10 0)
(-4.71137e-10 7.23116e-10 0)
(-3.90829e-10 6.58794e-10 0)
(-3.13492e-10 5.93499e-10 0)
(-2.36732e-10 5.25298e-10 0)
(-1.65051e-10 4.54278e-10 0)
(-1.01218e-10 3.78046e-10 0)
(-5.91212e-11 2.85719e-10 0)
(-2.82709e-11 1.91172e-10 0)
(-2.0269e-12 7.16681e-11 0)
(-1.60651e-11 -2.25968e-10 0)
(-8.43097e-12 -6.0743e-10 0)
(-4.92323e-11 -9.39107e-10 0)
(-1.12461e-10 -1.21613e-09 0)
(-1.72779e-10 -1.4409e-09 0)
(-2.31588e-10 -1.61585e-09 0)
(-3.08145e-10 -1.7436e-09 0)
(-3.87533e-10 -1.82652e-09 0)
(-4.61139e-10 -1.86823e-09 0)
(-5.34814e-10 -1.87158e-09 0)
(-6.10565e-10 -1.8398e-09 0)
(-6.84353e-10 -1.77659e-09 0)
(-7.55609e-10 -1.68498e-09 0)
(-8.24877e-10 -1.56858e-09 0)
(-8.91967e-10 -1.43084e-09 0)
(-9.56578e-10 -1.2751e-09 0)
(-1.0185e-09 -1.10509e-09 0)
(-1.07747e-09 -9.24069e-10 0)
(-1.13312e-09 -7.35577e-10 0)
(-1.18549e-09 -5.4277e-10 0)
(-1.23432e-09 -3.49043e-10 0)
(-1.27912e-09 -1.57238e-10 0)
(-1.31981e-09 2.97813e-11 0)
(-1.35606e-09 2.09815e-10 0)
(-1.38743e-09 3.80801e-10 0)
(-1.4137e-09 5.40775e-10 0)
(-1.43506e-09 6.87265e-10 0)
(-1.45166e-09 8.18501e-10 0)
(-1.46302e-09 9.3318e-10 0)
(-1.46822e-09 1.03067e-09 0)
(-1.46725e-09 1.11085e-09 0)
(-1.46042e-09 1.1739e-09 0)
(-1.44761e-09 1.22002e-09 0)
(-1.42868e-09 1.24966e-09 0)
(-1.4032e-09 1.26362e-09 0)
(-1.3716e-09 1.26304e-09 0)
(-1.33355e-09 1.24928e-09 0)
(-1.28903e-09 1.2233e-09 0)
(-1.23824e-09 1.18689e-09 0)
(-1.1812e-09 1.14159e-09 0)
(-1.11813e-09 1.0891e-09 0)
(-1.04954e-09 1.03097e-09 0)
(-9.75826e-10 9.68822e-10 0)
(-8.96808e-10 9.03994e-10 0)
(-8.1313e-10 8.37743e-10 0)
(-7.27116e-10 7.71171e-10 0)
(-6.38314e-10 7.04945e-10 0)
(-5.43802e-10 6.39483e-10 0)
(-4.49768e-10 5.74967e-10 0)
(-3.60904e-10 5.11246e-10 0)
(-2.70321e-10 4.47648e-10 0)
(-1.86757e-10 3.80497e-10 0)
(-1.23917e-10 3.11304e-10 0)
(-6.19658e-11 2.42085e-10 0)
(-2.75809e-11 1.51519e-10 0)
(3.36361e-12 5.83711e-11 0)
(-1.48418e-11 -2.11446e-10 0)
(-1.38295e-11 -5.72755e-10 0)
(-6.19617e-11 -8.87359e-10 0)
(-1.35161e-10 -1.15116e-09 0)
(-2.09057e-10 -1.36689e-09 0)
(-2.83855e-10 -1.53569e-09 0)
(-3.78245e-10 -1.65947e-09 0)
(-4.77004e-10 -1.74052e-09 0)
(-5.71163e-10 -1.78161e-09 0)
(-6.66521e-10 -1.78554e-09 0)
(-7.63588e-10 -1.7553e-09 0)
(-8.5853e-10 -1.69403e-09 0)
(-9.50248e-10 -1.60503e-09 0)
(-1.0391e-09 -1.49146e-09 0)
(-1.12459e-09 -1.35688e-09 0)
(-1.20609e-09 -1.20476e-09 0)
(-1.28319e-09 -1.03847e-09 0)
(-1.3555e-09 -8.61394e-10 0)
(-1.42267e-09 -6.76989e-10 0)
(-1.4845e-09 -4.88705e-10 0)
(-1.54065e-09 -2.99501e-10 0)
(-1.59065e-09 -1.12519e-10 0)
(-1.634e-09 6.96705e-11 0)
(-1.67042e-09 2.44698e-10 0)
(-1.69991e-09 4.10227e-10 0)
(-1.72289e-09 5.63884e-10 0)
(-1.73982e-09 7.03444e-10 0)
(-1.75051e-09 8.27439e-10 0)
(-1.75438e-09 9.35337e-10 0)
(-1.75079e-09 1.02691e-09 0)
(-1.73975e-09 1.10119e-09 0)
(-1.72156e-09 1.15804e-09 0)
(-1.69644e-09 1.19776e-09 0)
(-1.6644e-09 1.22097e-09 0)
(-1.62559e-09 1.22851e-09 0)
(-1.57995e-09 1.22167e-09 0)
(-1.52757e-09 1.2013e-09 0)
(-1.46882e-09 1.16909e-09 0)
(-1.40376e-09 1.12649e-09 0)
(-1.33259e-09 1.0753e-09 0)
(-1.25561e-09 1.01718e-09 0)
(-1.17339e-09 9.5383e-10 0)
(-1.08644e-09 8.86833e-10 0)
(-9.94675e-10 8.17752e-10 0)
(-8.9866e-10 7.47868e-10 0)
(-8.00839e-10 6.78426e-10 0)
(-7.00854e-10 6.10339e-10 0)
(-5.96031e-10 5.44056e-10 0)
(-4.92028e-10 4.80161e-10 0)
(-3.92264e-10 4.19035e-10 0)
(-2.97124e-10 3.58931e-10 0)
(-2.08159e-10 3.00201e-10 0)
(-1.21663e-10 2.43796e-10 0)
(-7.35696e-11 1.7881e-10 0)
(-3.92488e-11 1.18435e-10 0)
(-1.14341e-12 4.16991e-11 0)
(-1.43568e-11 -1.96094e-10 0)
(-1.71809e-11 -5.31922e-10 0)
(-7.05831e-11 -8.27122e-10 0)
(-1.52709e-10 -1.07551e-09 0)
(-2.3753e-10 -1.27962e-09 0)
(-3.24975e-10 -1.44021e-09 0)
(-4.33798e-10 -1.55849e-09 0)
(-5.48419e-10 -1.63657e-09 0)
(-6.59337e-10 -1.67653e-09 0)
(-7.72051e-10 -1.68075e-09 0)
(-8.86502e-10 -1.65196e-09 0)
(-9.98726e-10 -1.59308e-09 0)
(-1.10717e-09 -1.50727e-09 0)
(-1.21183e-09 -1.39771e-09 0)
(-1.31218e-09 -1.26761e-09 0)
(-1.40721e-09 -1.12049e-09 0)
(-1.49624e-09 -9.59571e-10 0)
(-1.57886e-09 -7.88233e-10 0)
(-1.65473e-09 -6.09839e-10 0)
(-1.72342e-09 -4.27674e-10 0)
(-1.78456e-09 -2.44624e-10 0)
(-1.83759e-09 -6.36794e-11 0)
(-1.88208e-09 1.12323e-10 0)
(-1.91803e-09 2.8048e-10 0)
(-1.94566e-09 4.3839e-10 0)
(-1.96538e-09 5.83361e-10 0)
(-1.97746e-09 7.13652e-10 0)
(-1.98155e-09 8.28333e-10 0)
(-1.97701e-09 9.27972e-10 0)
(-1.96409e-09 1.01226e-09 0)
(-1.94335e-09 1.07992e-09 0)
(-1.91484e-09 1.13018e-09 0)
(-1.87873e-09 1.16334e-09 0)
(-1.8353e-09 1.17997e-09 0)
(-1.78469e-09 1.18093e-09 0)
(-1.72716e-09 1.16749e-09 0)
(-1.66296e-09 1.14073e-09 0)
(-1.59239e-09 1.10229e-09 0)
(-1.51584e-09 1.05377e-09 0)
(-1.43344e-09 9.96885e-10 0)
(-1.34565e-09 9.33568e-10 0)
(-1.25316e-09 8.65436e-10 0)
(-1.15646e-09 7.94144e-10 0)
(-1.05551e-09 7.21316e-10 0)
(-9.50999e-10 6.48451e-10 0)
(-8.4525e-10 5.76736e-10 0)
(-7.38138e-10 5.07284e-10 0)
(-6.26515e-10 4.40857e-10 0)
(-5.16006e-10 3.78196e-10 0)
(-4.12936e-10 3.19839e-10 0)
(-3.09694e-10 2.6557e-10 0)
(-2.11541e-10 2.13758e-10 0)
(-1.42667e-10 1.66133e-10 0)
(-7.02577e-11 1.24553e-10 0)
(-3.05392e-11 7.42111e-11 0)
(4.94344e-12 2.54043e-11 0)
(-1.67116e-11 -1.77257e-10 0)
(-1.81258e-11 -4.86699e-10 0)
(-7.79304e-11 -7.59876e-10 0)
(-1.64935e-10 -9.90821e-10 0)
(-2.58028e-10 -1.18182e-09 0)
(-3.55262e-10 -1.33269e-09 0)
(-4.75209e-10 -1.4442e-09 0)
(-6.02086e-10 -1.51823e-09 0)
(-7.25864e-10 -1.55628e-09 0)
(-8.51873e-10 -1.56037e-09 0)
(-9.79767e-10 -1.533e-09 0)
(-1.10526e-09 -1.4768e-09 0)
(-1.2266e-09 -1.39468e-09 0)
(-1.34345e-09 -1.28982e-09 0)
(-1.45499e-09 -1.16532e-09 0)
(-1.5601e-09 -1.02437e-09 0)
(-1.65791e-09 -8.70296e-10 0)
(-1.74791e-09 -7.06415e-10 0)
(-1.82963e-09 -5.35942e-10 0)
(-1.90245e-09 -3.61903e-10 0)
(-1.96597e-09 -1.87395e-10 0)
(-2.01999e-09 -1.52205e-11 0)
(-2.06438e-09 1.5179e-10 0)
(-2.09895e-09 3.11039e-10 0)
(-2.12406e-09 4.59901e-10 0)
(-2.14008e-09 5.962e-10 0)
(-2.14673e-09 7.17746e-10 0)
(-2.14313e-09 8.23683e-10 0)
(-2.12964e-09 9.1449e-10 0)
(-2.1076e-09 9.90998e-10 0)
(-2.07754e-09 1.0508e-09 0)
(-2.03953e-09 1.09341e-09 0)
(-1.99363e-09 1.11902e-09 0)
(-1.94028e-09 1.12849e-09 0)
(-1.87979e-09 1.12265e-09 0)
(-1.81243e-09 1.10248e-09 0)
(-1.73861e-09 1.06948e-09 0)
(-1.65885e-09 1.025e-09 0)
(-1.57352e-09 9.70822e-10 0)
(-1.48282e-09 9.08818e-10 0)
(-1.38731e-09 8.40694e-10 0)
(-1.2879e-09 7.68316e-10 0)
(-1.18503e-09 6.9338e-10 0)
(-1.0786e-09 6.17496e-10 0)
(-9.6934e-10 5.42254e-10 0)
(-8.59695e-10 4.69061e-10 0)
(-7.49266e-10 3.99002e-10 0)
(-6.35202e-10 3.33112e-10 0)
(-5.2276e-10 2.72378e-10 0)
(-4.15616e-10 2.17517e-10 0)
(-3.15568e-10 1.6828e-10 0)
(-2.2142e-10 1.26357e-10 0)
(-1.25178e-10 9.13418e-11 0)
(-7.8574e-11 5.85192e-11 0)
(-4.66124e-11 3.71191e-11 0)
(1.54396e-12 8.06095e-12 0)
(-1.46225e-11 -1.57968e-10 0)
(-1.95999e-11 -4.39141e-10 0)
(-7.98427e-11 -6.88114e-10 0)
(-1.72473e-10 -9.00356e-10 0)
(-2.71631e-10 -1.07668e-09 0)
(-3.75273e-10 -1.21653e-09 0)
(-5.02956e-10 -1.32029e-09 0)
(-6.38534e-10 -1.38934e-09 0)
(-7.71404e-10 -1.42485e-09 0)
(-9.06871e-10 -1.42852e-09 0)
(-1.04431e-09 -1.4025e-09 0)
(-1.17917e-09 -1.34922e-09 0)
(-1.30958e-09 -1.27141e-09 0)
(-1.43499e-09 -1.17196e-09 0)
(-1.55424e-09 -1.05389e-09 0)
(-1.66607e-09 -9.20273e-10 0)
(-1.76958e-09 -7.74299e-10 0)
(-1.8641e-09 -6.19186e-10 0)
(-1.94891e-09 -4.57998e-10 0)
(-2.02358e-09 -2.93771e-10 0)
(-2.08774e-09 -1.29515e-10 0)
(-2.14098e-09 3.19219e-11 0)
(-2.18312e-09 1.88096e-10 0)
(-2.2145e-09 3.36861e-10 0)
(-2.23537e-09 4.76121e-10 0)
(-2.24561e-09 6.04309e-10 0)
(-2.24525e-09 7.16548e-10 0)
(-2.23379e-09 8.10444e-10 0)
(-2.2125e-09 8.92231e-10 0)
(-2.18263e-09 9.61967e-10 0)
(-2.14404e-09 1.0134e-09 0)
(-2.09734e-09 1.0478e-09 0)
(-2.04261e-09 1.06579e-09 0)
(-1.98041e-09 1.06802e-09 0)
(-1.91152e-09 1.05537e-09 0)
(-1.83624e-09 1.02887e-09 0)
(-1.75506e-09 9.89904e-10 0)
(-1.66854e-09 9.39974e-10 0)
(-1.577e-09 8.80819e-10 0)
(-1.48091e-09 8.1428e-10 0)
(-1.38094e-09 7.42071e-10 0)
(-1.27779e-09 6.66152e-10 0)
(-1.17217e-09 5.88311e-10 0)
(-1.06392e-09 5.10218e-10 0)
(-9.53681e-10 4.33425e-10 0)
(-8.43879e-10 3.59505e-10 0)
(-7.34304e-10 2.89603e-10 0)
(-6.21372e-10 2.24983e-10 0)
(-5.10411e-10 1.66577e-10 0)
(-4.08303e-10 1.15379e-10 0)
(-3.05701e-10 7.276e-11 0)
(-2.07189e-10 3.83018e-11 0)
(-1.42499e-10 1.37299e-11 0)
(-6.85167e-11 3.00977e-12 0)
(-3.04313e-11 -6.94528e-12 0)
(8.36982e-12 -6.86019e-12 0)
(-1.6091e-11 -1.38804e-10 0)
(-1.96242e-11 -3.89446e-10 0)
(-8.23694e-11 -6.14182e-10 0)
(-1.75962e-10 -8.06355e-10 0)
(-2.78117e-10 -9.66528e-10 0)
(-3.85681e-10 -1.0949e-09 0)
(-5.17976e-10 -1.19032e-09 0)
(-6.58796e-10 -1.25381e-09 0)
(-7.97251e-10 -1.28637e-09 0)
(-9.38472e-10 -1.28945e-09 0)
(-1.08174e-09 -1.26479e-09 0)
(-1.22238e-09 -1.21473e-09 0)
(-1.35826e-09 -1.1417e-09 0)
(-1.48859e-09 -1.04839e-09 0)
(-1.61212e-09 -9.37545e-10 0)
(-1.72746e-09 -8.1219e-10 0)
(-1.83357e-09 -6.75356e-10 0)
(-1.92963e-09 -5.30083e-10 0)
(-2.01497e-09 -3.79289e-10 0)
(-2.08905e-09 -2.26028e-10 0)
(-2.15152e-09 -7.29446e-11 0)
(-2.20207e-09 7.71706e-11 0)
(-2.24053e-09 2.21943e-10 0)
(-2.26697e-09 3.59407e-10 0)
(-2.28212e-09 4.87138e-10 0)
(-2.28502e-09 6.03037e-10 0)
(-2.27606e-09 7.05353e-10 0)
(-2.25746e-09 7.91727e-10 0)
(-2.22955e-09 8.65255e-10 0)
(-2.19184e-09 9.2405e-10 0)
(-2.14477e-09 9.66853e-10 0)
(-2.08957e-09 9.93497e-10 0)
(-2.02684e-09 1.00454e-09 0)
(-1.95732e-09 1.00009e-09 0)
(-1.88165e-09 9.81309e-10 0)
(-1.80028e-09 9.49078e-10 0)
(-1.71374e-09 9.04999e-10 0)
(-1.62271e-09 8.5033e-10 0)
(-1.52764e-09 7.87109e-10 0)
(-1.42904e-09 7.16788e-10 0)
(-1.32749e-09 6.41631e-10 0)
(-1.22385e-09 5.63157e-10 0)
(-1.11876e-09 4.83483e-10 0)
(-1.01216e-09 4.03992e-10 0)
(-9.04556e-10 3.26695e-10 0)
(-7.98436e-10 2.52758e-10 0)
(-6.93255e-10 1.83802e-10 0)
(-5.85862e-10 1.20741e-10 0)
(-4.81207e-10 6.52133e-11 0)
(-3.81887e-10 1.81591e-11 0)
(-2.90374e-10 -1.94895e-11 0)
(-2.04224e-10 -4.51389e-11 0)
(-1.09951e-10 -5.73095e-11 0)
(-7.35584e-11 -6.06574e-11 0)
(-4.64926e-11 -4.25633e-11 0)
(2.47679e-13 -2.41428e-11 0)
(-1.36315e-11 -1.18591e-10 0)
(-2.09153e-11 -3.40398e-10 0)
(-8.12328e-11 -5.38897e-10 0)
(-1.75218e-10 -7.10539e-10 0)
(-2.79051e-10 -8.54355e-10 0)
(-3.88098e-10 -9.70638e-10 0)
(-5.21586e-10 -1.05727e-09 0)
(-6.64346e-10 -1.11477e-09 0)
(-8.05052e-10 -1.14414e-09 0)
(-9.48642e-10 -1.14646e-09 0)
(-1.09433e-09 -1.12332e-09 0)
(-1.23732e-09 -1.07658e-09 0)
(-1.37526e-09 -1.00866e-09 0)
(-1.50719e-09 -9.21811e-10 0)
(-1.63174e-09 -8.18979e-10 0)
(-1.7475e-09 -7.02596e-10 0)
(-1.85329e-09 -5.75862e-10 0)
(-1.94817e-09 -4.41239e-10 0)
(-2.03144e-09 -3.02099e-10 0)
(-2.1025e-09 -1.60599e-10 0)
(-2.16098e-09 -1.99732e-11 0)
(-2.20663e-09 1.17858e-10 0)
(-2.2395e-09 2.49441e-10 0)
(-2.25991e-09 3.75895e-10 0)
(-2.2679e-09 4.92998e-10 0)
(-2.2633e-09 5.96548e-10 0)
(-2.24679e-09 6.87201e-10 0)
(-2.21986e-09 7.64422e-10 0)
(-2.18326e-09 8.27875e-10 0)
(-2.13698e-09 8.77969e-10 0)
(-2.08193e-09 9.12512e-10 0)
(-2.01922e-09 9.32284e-10 0)
(-1.94967e-09 9.36356e-10 0)
(-1.87404e-09 9.26265e-10 0)
(-1.79307e-09 9.01755e-10 0)
(-1.7073e-09 8.65087e-10 0)
(-1.61745e-09 8.16374e-10 0)
(-1.52416e-09 7.58341e-10 0)
(-1.42793e-09 6.91518e-10 0)
(-1.32929e-09 6.18965e-10 0)
(-1.22895e-09 5.41445e-10 0)
(-1.12779e-09 4.61954e-10 0)
(-1.02649e-09 3.81231e-10 0)
(-9.24816e-10 3.01929e-10 0)
(-8.23275e-10 2.24805e-10 0)
(-7.2432e-10 1.52195e-10 0)
(-6.27549e-10 8.4574e-11 0)
(-5.28881e-10 2.42206e-11 0)
(-4.33108e-10 -2.8424e-11 0)
(-3.47268e-10 -7.15023e-11 0)
(-2.59733e-10 -1.03278e-10 0)
(-1.73676e-10 -1.22931e-10 0)
(-1.24029e-10 -1.26518e-10 0)
(-5.67608e-11 -1.09561e-10 0)
(-2.30932e-11 -8.28076e-11 0)
(8.23931e-12 -3.9594e-11 0)
(-1.33959e-11 -1.00034e-10 0)
(-2.11576e-11 -2.91927e-10 0)
(-7.99773e-11 -4.63963e-10 0)
(-1.72088e-10 -6.14627e-10 0)
(-2.74787e-10 -7.41321e-10 0)
(-3.82962e-10 -8.45005e-10 0)
(-5.15054e-10 -9.22417e-10 0)
(-6.56851e-10 -9.737e-10 0)
(-7.96892e-10 -9.9963e-10 0)
(-9.39846e-10 -1.00122e-09 0)
(-1.08476e-09 -9.79568e-10 0)
(-1.22692e-09 -9.36475e-10 0)
(-1.36376e-09 -8.73853e-10 0)
(-1.49434e-09 -7.94064e-10 0)
(-1.61709e-09 -6.99348e-10 0)
(-1.73043e-09 -5.927e-10 0)
(-1.8331e-09 -4.76569e-10 0)
(-1.92435e-09 -3.53849e-10 0)
(-2.00319e-09 -2.26797e-10 0)
(-2.06905e-09 -9.82929e-11 0)
(-2.12153e-09 2.94193e-11 0)
(-2.16059e-09 1.53879e-10 0)
(-2.18636e-09 2.73134e-10 0)
(-2.19899e-09 3.85833e-10 0)
(-2.19831e-09 4.89137e-10 0)
(-2.18506e-09 5.81356e-10 0)
(-2.16003e-09 6.61537e-10 0)
(-2.12433e-09 7.28793e-10 0)
(-2.07881e-09 7.82954e-10 0)
(-2.02403e-09 8.2377e-10 0)
(-1.96115e-09 8.50384e-10 0)
(-1.89145e-09 8.62851e-10 0)
(-1.8158e-09 8.60948e-10 0)
(-1.73515e-09 8.45493e-10 0)
(-1.65017e-09 8.16716e-10 0)
(-1.56161e-09 7.75932e-10 0)
(-1.47015e-09 7.24153e-10 0)
(-1.37658e-09 6.63218e-10 0)
(-1.28139e-09 5.94532e-10 0)
(-1.18511e-09 5.20177e-10 0)
(-1.08849e-09 4.41918e-10 0)
(-9.92389e-10 3.61995e-10 0)
(-8.97618e-10 2.82044e-10 0)
(-8.03835e-10 2.04028e-10 0)
(-7.1155e-10 1.29071e-10 0)
(-6.23127e-10 5.8749e-11 0)
(-5.37652e-10 -5.87806e-12 0)
(-4.51567e-10 -6.31102e-11 0)
(-3.69816e-10 -1.11809e-10 0)
(-2.93303e-10 -1.50286e-10 0)
(-2.25211e-10 -1.77891e-10 0)
(-1.61066e-10 -1.90517e-10 0)
(-7.73306e-11 -1.82066e-10 0)
(-5.78811e-11 -1.6277e-10 0)
(-4.34825e-11 -1.10562e-10 0)
(1.82567e-12 -5.45361e-11 0)
(-1.109e-11 -8.23382e-11 0)
(-2.14312e-11 -2.45695e-10 0)
(-7.59252e-11 -3.91162e-10 0)
(-1.65145e-10 -5.22199e-10 0)
(-2.65905e-10 -6.31407e-10 0)
(-3.71755e-10 -7.21881e-10 0)
(-4.99956e-10 -7.89954e-10 0)
(-6.38257e-10 -8.35005e-10 0)
(-7.75127e-10 -8.57148e-10 0)
(-9.14806e-10 -8.58024e-10 0)
(-1.05636e-09 -8.37806e-10 0)
(-1.19492e-09 -7.98787e-10 0)
(-1.32797e-09 -7.41374e-10 0)
(-1.45424e-09 -6.69412e-10 0)
(-1.57247e-09 -5.83078e-10 0)
(-1.68109e-09 -4.87382e-10 0)
(-1.77861e-09 -3.81774e-10 0)
(-1.86378e-09 -2.72138e-10 0)
(-1.93594e-09 -1.5712e-10 0)
(-1.99464e-09 -4.31742e-11 0)
(-2.0394e-09 7.20633e-11 0)
(-2.07016e-09 1.81469e-10 0)
(-2.08701e-09 2.88744e-10 0)
(-2.09034e-09 3.86236e-10 0)
(-2.08032e-09 4.78496e-10 0)
(-2.05764e-09 5.56841e-10 0)
(-2.0232e-09 6.27774e-10 0)
(-1.97813e-09 6.82742e-10 0)
(-1.92335e-09 7.29594e-10 0)
(-1.8599e-09 7.59621e-10 0)
(-1.7892e-09 7.81088e-10 0)
(-1.71269e-09 7.85037e-10 0)
(-1.63135e-09 7.80563e-10 0)
(-1.5463e-09 7.58456e-10 0)
(-1.45854e-09 7.28943e-10 0)
(-1.36852e-09 6.83171e-10 0)
(-1.27702e-09 6.32179e-10 0)
(-1.18485e-09 5.67604e-10 0)
(-1.09265e-09 5.00717e-10 0)
(-1.00084e-09 4.23977e-10 0)
(-9.10034e-10 3.48809e-10 0)
(-8.21167e-10 2.68299e-10 0)
(-7.3499e-10 1.92836e-10 0)
(-6.5147e-10 1.15811e-10 0)
(-5.71136e-10 4.61055e-11 0)
(-4.96091e-10 -2.2192e-11 0)
(-4.2538e-10 -8.09384e-11 0)
(-3.54425e-10 -1.35372e-10 0)
(-2.87673e-10 -1.78175e-10 0)
(-2.32392e-10 -2.13609e-10 0)
(-1.74126e-10 -2.34274e-10 0)
(-1.12412e-10 -2.41258e-10 0)
(-8.92738e-11 -2.30088e-10 0)
(-3.65757e-11 -1.96757e-10 0)
(-1.28031e-11 -1.35269e-10 0)
(1.11892e-11 -6.47274e-11 0)
(-1.01777e-11 -6.75897e-11 0)
(-1.89394e-11 -2.04872e-10 0)
(-7.26532e-11 -3.27788e-10 0)
(-1.57398e-10 -4.40426e-10 0)
(-2.52462e-10 -5.35755e-10 0)
(-3.54842e-10 -6.12694e-10 0)
(-4.78061e-10 -6.71835e-10 0)
(-6.10589e-10 -7.10259e-10 0)
(-7.42192e-10 -7.29379e-10 0)
(-8.76636e-10 -7.28707e-10 0)
(-1.01273e-09 -7.10986e-10 0)
(-1.14518e-09 -6.75009e-10 0)
(-1.27227e-09 -6.25186e-10 0)
(-1.39221e-09 -5.59765e-10 0)
(-1.50413e-09 -4.84984e-10 0)
(-1.60539e-09 -3.98137e-10 0)
(-1.69541e-09 -3.06945e-10 0)
(-1.77258e-09 -2.07248e-10 0)
(-1.83655e-09 -1.08485e-10 0)
(-1.88597e-09 -4.99447e-12 0)
(-1.92142e-09 9.28369e-11 0)
(-1.94197e-09 1.92437e-10 0)
(-1.94881e-09 2.82414e-10 0)
(-1.94145e-09 3.71466e-10 0)
(-1.92118e-09 4.47287e-10 0)
(-1.88801e-09 5.19695e-10 0)
(-1.84356e-09 5.76041e-10 0)
(-1.78829e-09 6.27806e-10 0)
(-1.72395e-09 6.62069e-10 0)
(-1.65136e-09 6.91608e-10 0)
(-1.57267e-09 7.02918e-10 0)
(-1.48918e-09 7.09132e-10 0)
(-1.40281e-09 6.96107e-10 0)
(-1.31414e-09 6.7807e-10 0)
(-1.2242e-09 6.41357e-10 0)
(-1.13361e-09 6.01646e-10 0)
(-1.04319e-09 5.45335e-10 0)
(-9.54055e-10 4.88325e-10 0)
(-8.66317e-10 4.17597e-10 0)
(-7.80591e-10 3.49513e-10 0)
(-6.97048e-10 2.72492e-10 0)
(-6.17421e-10 2.01818e-10 0)
(-5.4194e-10 1.2614e-10 0)
(-4.71393e-10 5.88436e-11 0)
(-4.05174e-10 -1.03936e-11 0)
(-3.4594e-10 -6.97502e-11 0)
(-2.91647e-10 -1.28093e-10 0)
(-2.39126e-10 -1.74492e-10 0)
(-1.92034e-10 -2.16747e-10 0)
(-1.5134e-10 -2.45473e-10 0)
(-1.17357e-10 -2.64993e-10 0)
(-8.93789e-11 -2.71951e-10 0)
(-3.11939e-11 -2.51831e-10 0)
(-2.94749e-11 -2.09808e-10 0)
(-3.06645e-11 -1.50353e-10 0)
(7.87142e-12 -6.61502e-11 0)
(-1.05758e-11 -5.67294e-11 0)
(-1.76746e-11 -1.67021e-10 0)
(-6.97781e-11 -2.71144e-10 0)
(-1.50301e-10 -3.64741e-10 0)
(-2.38755e-10 -4.47197e-10 0)
(-3.34277e-10 -5.11895e-10 0)
(-4.51088e-10 -5.6125e-10 0)
(-5.76714e-10 -5.93621e-10 0)
(-7.01084e-10 -6.09132e-10 0)
(-8.28876e-10 -6.08026e-10 0)
(-9.57607e-10 -5.91795e-10 0)
(-1.08334e-09 -5.60654e-10 0)
(-1.20232e-09 -5.17026e-10 0)
(-1.31454e-09 -4.60663e-10 0)
(-1.41734e-09 -3.95267e-10 0)
(-1.51032e-09 -3.20404e-10 0)
(-1.5904e-09 -2.4101e-10 0)
(-1.65802e-09 -1.55425e-10 0)
(-1.71115e-09 -6.94944e-11 0)
(-1.75054e-09 1.89179e-11 0)
(-1.77426e-09 1.03672e-10 0)
(-1.78371e-09 1.88408e-10 0)
(-1.77814e-09 2.66025e-10 0)
(-1.75927e-09 3.41747e-10 0)
(-1.72672e-09 4.06894e-10 0)
(-1.68234e-09 4.68362e-10 0)
(-1.62616e-09 5.16392e-10 0)
(-1.56038e-09 5.59862e-10 0)
(-1.48533e-09 5.8861e-10 0)
(-1.40339e-09 6.12597e-10 0)
(-1.31633e-09 6.20978e-10 0)
(-1.22696e-09 6.24171e-10 0)
(-1.1359e-09 6.10407e-10 0)
(-1.04448e-09 5.91327e-10 0)
(-9.52911e-10 5.55857e-10 0)
(-8.62242e-10 5.17146e-10 0)
(-7.73701e-10 4.64384e-10 0)
(-6.88146e-10 4.10581e-10 0)
(-6.06282e-10 3.44686e-10 0)
(-5.27369e-10 2.81314e-10 0)
(-4.53099e-10 2.10697e-10 0)
(-3.839e-10 1.45911e-10 0)
(-3.22029e-10 7.74895e-11 0)
(-2.65951e-10 1.67513e-11 0)
(-2.17271e-10 -4.56539e-11 0)
(-1.76151e-10 -9.95503e-11 0)
(-1.42025e-10 -1.52485e-10 0)
(-1.08693e-10 -1.94338e-10 0)
(-8.15518e-11 -2.31854e-10 0)
(-6.3837e-11 -2.57436e-10 0)
(-4.84038e-11 -2.75045e-10 0)
(-2.24108e-11 -2.7486e-10 0)
(-3.33777e-11 -2.56844e-10 0)
(-9.01515e-12 -2.17205e-10 0)
(6.46694e-12 -1.49377e-10 0)
(6.12219e-12 -6.51249e-11 0)
(-1.25218e-11 -4.36884e-11 0)
(-1.44592e-11 -1.33674e-10 0)
(-6.72657e-11 -2.17173e-10 0)
(-1.41679e-10 -2.88703e-10 0)
(-2.23528e-10 -3.50202e-10 0)
(-3.10658e-10 -3.99579e-10 0)
(-4.20538e-10 -4.36228e-10 0)
(-5.38429e-10 -4.6108e-10 0)
(-6.55117e-10 -4.70509e-10 0)
(-7.74928e-10 -4.69717e-10 0)
(-8.95903e-10 -4.5309e-10 0)
(-1.01298e-09 -4.28602e-10 0)
(-1.12336e-09 -3.88303e-10 0)
(-1.22597e-09 -3.44397e-10 0)
(-1.31931e-09 -2.85028e-10 0)
(-1.4017e-09 -2.27559e-10 0)
(-1.47123e-09 -1.55433e-10 0)
(-1.52724e-09 -9.10832e-11 0)
(-1.56906e-09 -1.25264e-11 0)
(-1.59592e-09 5.22188e-11 0)
(-1.60732e-09 1.30995e-10 0)
(-1.60373e-09 1.90715e-10 0)
(-1.58514e-09 2.6469e-10 0)
(-1.55306e-09 3.14221e-10 0)
(-1.50767e-09 3.78549e-10 0)
(-1.45075e-09 4.13999e-10 0)
(-1.38266e-09 4.64427e-10 0)
(-1.30501e-09 4.8224e-10 0)
(-1.21922e-09 5.15613e-10 0)
(-1.12748e-09 5.13359e-10 0)
(-1.03218e-09 5.27351e-10 0)
(-9.36166e-10 5.0449e-10 0)
(-8.40759e-10 5.00811e-10 0)
(-7.46458e-10 4.6198e-10 0)
(-6.53414e-10 4.45119e-10 0)
(-5.62574e-10 3.93186e-10 0)
(-4.75541e-10 3.63324e-10 0)
(-3.94572e-10 2.98817e-10 0)
(-3.18788e-10 2.57806e-10 0)
(-2.47996e-10 1.8759e-10 0)
(-1.8376e-10 1.4185e-10 0)
(-1.27053e-10 7.01478e-11 0)
(-7.92908e-11 2.37688e-11 0)
(-4.05309e-11 -4.25568e-11 0)
(-1.07301e-11 -8.43594e-11 0)
(9.7456e-12 -1.42175e-10 0)
(2.33944e-11 -1.75889e-10 0)
(3.48535e-11 -2.19804e-10 0)
(3.88788e-11 -2.41608e-10 0)
(3.36753e-11 -2.66824e-10 0)
(2.79207e-11 -2.68593e-10 0)
(1.69184e-11 -2.68005e-10 0)
(2.46825e-11 -2.49694e-10 0)
(5.80861e-12 -1.98112e-10 0)
(-3.10729e-12 -1.47084e-10 0)
(-4.07686e-12 -6.75857e-11 0)
(-3.57145e-12 -3.57787e-11 0)
(-1.45977e-11 -1.03059e-10 0)
(-5.50405e-11 -1.6742e-10 0)
(-1.21449e-10 -2.18644e-10 0)
(-1.97685e-10 -2.57794e-10 0)
(-2.7965e-10 -2.91917e-10 0)
(-3.84087e-10 -3.18062e-10 0)
(-4.94788e-10 -3.3153e-10 0)
(-6.05207e-10 -3.38027e-10 0)
(-7.17323e-10 -3.32995e-10 0)
(-8.30791e-10 -3.21626e-10 0)
(-9.38728e-10 -2.97359e-10 0)
(-1.04101e-09 -2.69478e-10 0)
(-1.13315e-09 -2.28708e-10 0)
(-1.21715e-09 -1.88088e-10 0)
(-1.28765e-09 -1.34822e-10 0)
(-1.34665e-09 -8.67608e-11 0)
(-1.38929e-09 -2.61782e-11 0)
(-1.41919e-09 2.43792e-11 0)
(-1.43166e-09 8.73565e-11 0)
(-1.43045e-09 1.34832e-10 0)
(-1.41191e-09 1.95449e-10 0)
(-1.3812e-09 2.36519e-10 0)
(-1.33446e-09 2.90909e-10 0)
(-1.27678e-09 3.21519e-10 0)
(-1.20602e-09 3.65462e-10 0)
(-1.12684e-09 3.81771e-10 0)
(-1.03783e-09 4.11213e-10 0)
(-9.43654e-10 4.09295e-10 0)
(-8.43659e-10 4.2043e-10 0)
(-7.42154e-10 3.9859e-10 0)
(-6.38306e-10 3.93772e-10 0)
(-5.34413e-10 3.59445e-10 0)
(-4.31294e-10 3.46486e-10 0)
(-3.32438e-10 3.05848e-10 0)
(-2.39345e-10 2.87195e-10 0)
(-1.53254e-10 2.39609e-10 0)
(-7.56946e-11 2.11263e-10 0)
(-3.94128e-12 1.57443e-10 0)
(5.7116e-11 1.22102e-10 0)
(1.08609e-10 6.39609e-11 0)
(1.48564e-10 2.5607e-11 0)
(1.80682e-10 -3.1851e-11 0)
(2.00514e-10 -6.85649e-11 0)
(2.11918e-10 -1.18954e-10 0)
(2.10748e-10 -1.49821e-10 0)
(2.04179e-10 -1.89552e-10 0)
(1.91246e-10 -2.10459e-10 0)
(1.72981e-10 -2.34945e-10 0)
(1.41881e-10 -2.40404e-10 0)
(1.18707e-10 -2.47226e-10 0)
(9.18589e-11 -2.36744e-10 0)
(5.39442e-11 -2.08822e-10 0)
(3.44289e-11 -1.85394e-10 0)
(1.62377e-11 -1.20183e-10 0)
(1.3105e-11 -6.35354e-11 0)
(-1.60513e-11 -1.94627e-11 0)
(-9.75345e-12 -7.44554e-11 0)
(-4.87141e-11 -1.09753e-10 0)
(-1.01159e-10 -1.5201e-10 0)
(-1.70431e-10 -1.77048e-10 0)
(-2.50288e-10 -2.03152e-10 0)
(-3.4599e-10 -2.22922e-10 0)
(-4.50819e-10 -2.33231e-10 0)
(-5.55001e-10 -2.36851e-10 0)
(-6.61711e-10 -2.33663e-10 0)
(-7.66502e-10 -2.24175e-10 0)
(-8.67933e-10 -2.07401e-10 0)
(-9.59901e-10 -1.856e-10 0)
(-1.04446e-09 -1.57053e-10 0)
(-1.11592e-09 -1.24802e-10 0)
(-1.17699e-09 -8.70866e-11 0)
(-1.22135e-09 -4.95337e-11 0)
(-1.25311e-09 -7.19499e-12 0)
(-1.26672e-09 3.29077e-11 0)
(-1.26732e-09 7.56258e-11 0)
(-1.24935e-09 1.12779e-10 0)
(-1.21854e-09 1.52697e-10 0)
(-1.17057e-09 1.8572e-10 0)
(-1.11155e-09 2.21077e-10 0)
(-1.03789e-09 2.46801e-10 0)
(-9.55814e-10 2.7386e-10 0)
(-8.62744e-10 2.89225e-10 0)
(-7.6455e-10 3.04915e-10 0)
(-6.59686e-10 3.07285e-10 0)
(-5.52591e-10 3.09807e-10 0)
(-4.40624e-10 2.98942e-10 0)
(-3.27489e-10 2.90695e-10 0)
(-2.13749e-10 2.71409e-10 0)
(-1.03049e-10 2.57022e-10 0)
(2.67089e-12 2.31577e-10 0)
(1.00194e-10 2.11747e-10 0)
(1.87907e-10 1.80471e-10 0)
(2.65004e-10 1.52181e-10 0)
(3.29292e-10 1.12781e-10 0)
(3.80061e-10 7.90723e-11 0)
(4.16779e-10 3.56558e-11 0)
(4.42459e-10 9.7566e-13 0)
(4.5383e-10 -4.03814e-11 0)
(4.56505e-10 -7.05127e-11 0)
(4.45008e-10 -1.05719e-10 0)
(4.24914e-10 -1.30492e-10 0)
(3.93189e-10 -1.58153e-10 0)
(3.60399e-10 -1.74324e-10 0)
(3.15683e-10 -1.91857e-10 0)
(2.66036e-10 -1.98195e-10 0)
(2.11408e-10 -1.99799e-10 0)
(1.62445e-10 -1.92971e-10 0)
(1.10657e-10 -1.77027e-10 0)
(5.34451e-11 -1.46717e-10 0)
(1.68632e-11 -1.02197e-10 0)
(-3.27447e-12 -5.60721e-11 0)
(1.03598e-12 -3.35825e-12 0)
(-1.04023e-11 -3.29817e-11 0)
(-3.52987e-11 -6.03523e-11 0)
(-8.98658e-11 -8.18784e-11 0)
(-1.49394e-10 -1.03591e-10 0)
(-2.27222e-10 -1.2488e-10 0)
(-3.17787e-10 -1.40489e-10 0)
(-4.14414e-10 -1.49886e-10 0)
(-5.12788e-10 -1.51596e-10 0)
(-6.11959e-10 -1.51724e-10 0)
(-7.10519e-10 -1.44922e-10 0)
(-8.03145e-10 -1.37511e-10 0)
(-8.88368e-10 -1.21696e-10 0)
(-9.61797e-10 -1.07609e-10 0)
(-1.02429e-09 -8.08265e-11 0)
(-1.07167e-09 -5.74009e-11 0)
(-1.10522e-09 -2.93213e-11 0)
(-1.1214e-09 -1.09296e-11 0)
(-1.12245e-09 2.37379e-11 0)
(-1.10557e-09 4.31514e-11 0)
(-1.07391e-09 7.19931e-11 0)
(-1.02598e-09 8.58037e-11 0)
(-9.6453e-10 1.16597e-10 0)
(-8.8817e-10 1.2742e-10 0)
(-8.00737e-10 1.55413e-10 0)
(-7.0176e-10 1.59877e-10 0)
(-5.95626e-10 1.82499e-10 0)
(-4.82283e-10 1.79673e-10 0)
(-3.6562e-10 1.97601e-10 0)
(-2.45663e-10 1.89244e-10 0)
(-1.24829e-10 2.04302e-10 0)
(-2.55076e-12 1.91907e-10 0)
(1.19716e-10 2.02033e-10 0)
(2.3763e-10 1.79429e-10 0)
(3.47678e-10 1.78868e-10 0)
(4.45327e-10 1.51329e-10 0)
(5.35012e-10 1.47725e-10 0)
(6.08689e-10 1.1164e-10 0)
(6.69523e-10 9.81983e-11 0)
(7.13062e-10 5.47948e-11 0)
(7.35242e-10 3.11241e-11 0)
(7.42625e-10 -1.29685e-11 0)
(7.38327e-10 -2.95807e-11 0)
(7.18902e-10 -5.96583e-11 0)
(6.88586e-10 -6.83113e-11 0)
(6.44352e-10 -9.28937e-11 0)
(5.91943e-10 -1.00268e-10 0)
(5.30549e-10 -1.2034e-10 0)
(4.63098e-10 -1.25573e-10 0)
(3.88901e-10 -1.39298e-10 0)
(3.12673e-10 -1.40544e-10 0)
(2.35758e-10 -1.38299e-10 0)
(1.54735e-10 -1.24271e-10 0)
(9.55043e-11 -1.10314e-10 0)
(3.35828e-11 -8.10756e-11 0)
(1.6959e-11 -4.32399e-11 0)
(-3.1248e-13 -2.37408e-12 0)
(-1.10031e-11 -8.40898e-12 0)
(-3.61354e-11 -6.96165e-12 0)
(-7.98491e-11 -2.37339e-11 0)
(-1.41781e-10 -2.39609e-11 0)
(-2.12238e-10 -2.86197e-11 0)
(-2.94854e-10 -3.19736e-11 0)
(-3.84965e-10 -3.30521e-11 0)
(-4.78127e-10 -3.40842e-11 0)
(-5.72374e-10 -3.39157e-11 0)
(-6.63769e-10 -3.11192e-11 0)
(-7.4987e-10 -2.72699e-11 0)
(-8.28052e-10 -2.21163e-11 0)
(-8.96784e-10 -1.54545e-11 0)
(-9.51718e-10 -7.94933e-12 0)
(-9.87039e-10 -2.98246e-12 0)
(-1.00572e-09 6.62629e-12 0)
(-1.01114e-09 1.98048e-11 0)
(-9.97081e-10 2.70909e-11 0)
(-9.63586e-10 3.38816e-11 0)
(-9.15657e-10 4.22159e-11 0)
(-8.53899e-10 5.05366e-11 0)
(-7.7614e-10 5.72058e-11 0)
(-6.8477e-10 6.38197e-11 0)
(-5.80767e-10 6.78907e-11 0)
(-4.67137e-10 7.17919e-11 0)
(-3.4472e-10 7.42426e-11 0)
(-2.16429e-10 7.5569e-11 0)
(-8.40252e-11 7.47672e-11 0)
(5.09458e-11 7.31477e-11 0)
(1.86996e-10 6.82557e-11 0)
(3.19622e-10 6.20426e-11 0)
(4.48179e-10 5.39631e-11 0)
(5.68711e-10 4.74459e-11 0)
(6.79251e-10 3.78971e-11 0)
(7.7808e-10 2.78289e-11 0)
(8.66453e-10 1.46809e-11 0)
(9.41469e-10 5.9622e-12 0)
(9.95898e-10 -6.24358e-12 0)
(1.03419e-09 -1.22719e-11 0)
(1.04979e-09 -1.60825e-11 0)
(1.04695e-09 -1.81461e-11 0)
(1.02215e-09 -2.63036e-11 0)
(9.81503e-10 -3.41065e-11 0)
(9.28703e-10 -4.49112e-11 0)
(8.62395e-10 -5.4014e-11 0)
(7.85169e-10 -6.00884e-11 0)
(7.00651e-10 -6.2303e-11 0)
(6.07008e-10 -6.81103e-11 0)
(5.03591e-10 -6.7282e-11 0)
(4.0123e-10 -5.98858e-11 0)
(3.04281e-10 -6.12369e-11 0)
(2.09422e-10 -6.23451e-11 0)
(1.09767e-10 -5.89678e-11 0)
(4.18357e-11 -1.68026e-11 0)
(9.91144e-12 -1.32766e-11 0)
)
;

boundaryField
{
    top
    {
        type            slip;
    }
    bottom
    {
        type            slip;
    }
    rotatingWall
    {
        type            rotatingWallVelocity;
        origin          (0 0 0);
        axis            (0 1 0);
        omega           constant 1140;
        value           uniform (0 0 0);
    }
    wall
    {
        type            rotatingWallVelocity;
        origin          (0 0 0);
        axis            (0 1 0);
        omega           constant 0;
        value           uniform (0 -0 -0);
    }
    frontAndBack
    {
        type            empty;
    }
}


// ************************************************************************* //
