/*--------------------------------*- C++ -*----------------------------------*\
| =========                 |                                                 |
| \\      /  F ield         | OpenFOAM: The Open Source CFD Toolbox           |
|  \\    /   O peration     | Version:  5.0                                   |
|   \\  /    A nd           | Web:      www.OpenFOAM.org                      |
|    \\/     M anipulation  |                                                 |
\*---------------------------------------------------------------------------*/
FoamFile
{
    version     2.0;
    format      ascii;
    class       volVectorField;
    location    "520";
    object      U;
}
// * * * * * * * * * * * * * * * * * * * * * * * * * * * * * * * * * * * * * //

dimensions      [0 1 -1 0 0 0 0];

internalField   nonuniform List<vector> 
1568
(
(1.93309e-18 -5.52616e-18 0)
(1.80492e-17 -1.23908e-17 0)
(4.78043e-17 -1.83137e-17 0)
(8.82116e-17 -2.28776e-17 0)
(1.36341e-16 -2.66222e-17 0)
(1.91177e-16 -2.97797e-17 0)
(2.51502e-16 -3.22653e-17 0)
(3.1607e-16 -3.41847e-17 0)
(3.83854e-16 -3.5595e-17 0)
(4.5389e-16 -3.65167e-17 0)
(5.2526e-16 -3.69883e-17 0)
(5.97121e-16 -3.70411e-17 0)
(6.68697e-16 -3.67051e-17 0)
(7.39258e-16 -3.60063e-17 0)
(8.08126e-16 -3.49712e-17 0)
(8.74673e-16 -3.36241e-17 0)
(9.38323e-16 -3.19905e-17 0)
(9.98541e-16 -3.00942e-17 0)
(1.05484e-15 -2.79593e-17 0)
(1.10679e-15 -2.56097e-17 0)
(1.15399e-15 -2.3069e-17 0)
(1.19611e-15 -2.03512e-17 0)
(1.23286e-15 -1.74255e-17 0)
(1.26372e-15 -1.38334e-17 0)
(1.28873e-15 -1.00077e-17 0)
(1.30794e-15 -6.57415e-18 0)
(1.32117e-15 -3.3183e-18 0)
(1.32774e-15 -8.852e-19 0)
(1.32778e-15 8.59596e-19 0)
(1.32129e-15 3.28423e-18 0)
(1.30813e-15 6.5371e-18 0)
(1.28898e-15 9.96344e-18 0)
(1.26404e-15 1.37887e-17 0)
(1.23325e-15 1.73922e-17 0)
(1.19655e-15 2.03208e-17 0)
(1.15449e-15 2.30406e-17 0)
(1.10735e-15 2.55849e-17 0)
(1.05545e-15 2.79369e-17 0)
(9.99184e-16 3.00755e-17 0)
(9.38998e-16 3.19755e-17 0)
(8.75374e-16 3.36129e-17 0)
(8.08845e-16 3.49633e-17 0)
(7.39989e-16 3.6003e-17 0)
(6.6943e-16 3.67065e-17 0)
(5.97847e-16 3.70474e-17 0)
(5.25968e-16 3.69979e-17 0)
(4.54577e-16 3.65296e-17 0)
(3.84515e-16 3.56118e-17 0)
(3.16687e-16 3.42108e-17 0)
(2.52068e-16 3.22848e-17 0)
(1.9172e-16 2.97912e-17 0)
(1.36829e-16 2.66714e-17 0)
(8.86233e-17 2.2879e-17 0)
(4.82823e-17 1.82824e-17 0)
(1.90949e-17 1.23019e-17 0)
(2.49917e-18 5.10536e-18 0)
(5.36442e-19 -1.54241e-17 0)
(1.59125e-17 -3.57279e-17 0)
(4.22549e-17 -5.18077e-17 0)
(7.92202e-17 -6.51527e-17 0)
(1.23992e-16 -7.62006e-17 0)
(1.74958e-16 -8.52025e-17 0)
(2.31044e-16 -9.23897e-17 0)
(2.9119e-16 -9.7939e-17 0)
(3.5434e-16 -1.01982e-16 0)
(4.19566e-16 -1.04631e-16 0)
(4.8604e-16 -1.05983e-16 0)
(5.52978e-16 -1.06136e-16 0)
(6.19634e-16 -1.05171e-16 0)
(6.85331e-16 -1.03164e-16 0)
(7.49447e-16 -1.00192e-16 0)
(8.11394e-16 -9.63302e-17 0)
(8.70633e-16 -9.16449e-17 0)
(9.26672e-16 -8.62069e-17 0)
(9.79059e-16 -8.0083e-17 0)
(1.02738e-15 -7.33422e-17 0)
(1.07127e-15 -6.60493e-17 0)
(1.11039e-15 -5.82776e-17 0)
(1.14445e-15 -5.01113e-17 0)
(1.17326e-15 -4.16443e-17 0)
(1.19671e-15 -3.3293e-17 0)
(1.21461e-15 -2.46711e-17 0)
(1.2268e-15 -1.52803e-17 0)
(1.23291e-15 -5.18265e-18 0)
(1.23294e-15 5.07081e-18 0)
(1.2269e-15 1.5175e-17 0)
(1.21478e-15 2.45751e-17 0)
(1.19695e-15 3.32033e-17 0)
(1.17355e-15 4.15527e-17 0)
(1.14481e-15 5.00236e-17 0)
(1.1108e-15 5.8195e-17 0)
(1.07173e-15 6.59733e-17 0)
(1.0279e-15 7.32747e-17 0)
(9.79618e-16 8.00234e-17 0)
(9.27269e-16 8.6157e-17 0)
(8.71264e-16 9.16054e-17 0)
(8.12053e-16 9.63014e-17 0)
(7.50126e-16 1.00175e-16 0)
(6.86024e-16 1.03159e-16 0)
(6.20333e-16 1.05176e-16 0)
(5.53679e-16 1.06154e-16 0)
(4.86743e-16 1.06013e-16 0)
(4.20257e-16 1.0467e-16 0)
(3.55008e-16 1.02029e-16 0)
(2.91852e-16 9.79939e-17 0)
(2.31713e-16 9.2452e-17 0)
(1.75599e-16 8.52526e-17 0)
(1.24648e-16 7.62164e-17 0)
(8.0009e-17 6.51577e-17 0)
(4.3134e-17 5.15863e-17 0)
(1.71887e-17 3.47447e-17 0)
(7.01513e-19 1.45242e-17 0)
(2.09597e-19 -2.24681e-17 0)
(1.38587e-17 -5.54687e-17 0)
(3.68606e-17 -8.24383e-17 0)
(7.04719e-17 -1.04377e-16 0)
(1.11303e-16 -1.22361e-16 0)
(1.58237e-16 -1.37012e-16 0)
(2.10089e-16 -1.48653e-16 0)
(2.65718e-16 -1.5762e-16 0)
(3.24186e-16 -1.64142e-16 0)
(3.84631e-16 -1.68404e-16 0)
(4.46233e-16 -1.70574e-16 0)
(5.0825e-16 -1.70806e-16 0)
(5.70012e-16 -1.69237e-16 0)
(6.30885e-16 -1.65992e-16 0)
(6.90275e-16 -1.61199e-16 0)
(7.47648e-16 -1.5497e-16 0)
(8.02507e-16 -1.4742e-16 0)
(8.54393e-16 -1.38661e-16 0)
(9.02889e-16 -1.288e-16 0)
(9.4762e-16 -1.17944e-16 0)
(9.88247e-16 -1.06199e-16 0)
(1.02447e-15 -9.36695e-17 0)
(1.05603e-15 -8.04665e-17 0)
(1.08274e-15 -6.67386e-17 0)
(1.10439e-15 -5.26756e-17 0)
(1.1207e-15 -3.82059e-17 0)
(1.1316e-15 -2.32064e-17 0)
(1.1371e-15 -7.82135e-18 0)
(1.13713e-15 7.66097e-18 0)
(1.13169e-15 2.30494e-17 0)
(1.12084e-15 3.80561e-17 0)
(1.10459e-15 5.25313e-17 0)
(1.08299e-15 6.66001e-17 0)
(1.05633e-15 8.0334e-17 0)
(1.02482e-15 9.35466e-17 0)
(9.88643e-16 1.06085e-16 0)
(9.48057e-16 1.17843e-16 0)
(9.03363e-16 1.28712e-16 0)
(8.54901e-16 1.38587e-16 0)
(8.03043e-16 1.47361e-16 0)
(7.48207e-16 1.54927e-16 0)
(6.90853e-16 1.61172e-16 0)
(6.31475e-16 1.65984e-16 0)
(5.70611e-16 1.69244e-16 0)
(5.08852e-16 1.70832e-16 0)
(4.46827e-16 1.70616e-16 0)
(3.85218e-16 1.68458e-16 0)
(3.24769e-16 1.64208e-16 0)
(2.66288e-16 1.57697e-16 0)
(2.10635e-16 1.48721e-16 0)
(1.58779e-16 1.37056e-16 0)
(1.11877e-16 1.22394e-16 0)
(7.09807e-17 1.04304e-16 0)
(3.73706e-17 8.21961e-17 0)
(1.42683e-17 5.4939e-17 0)
(2.54506e-19 2.23233e-17 0)
(1.37782e-19 -2.85694e-17 0)
(1.21066e-17 -7.27641e-17 0)
(3.24251e-17 -1.09453e-16 0)
(6.24797e-17 -1.39615e-16 0)
(9.95224e-17 -1.64254e-16 0)
(1.42246e-16 -1.84226e-16 0)
(1.89644e-16 -2.00111e-16 0)
(2.40655e-16 -2.12313e-16 0)
(2.94356e-16 -2.21158e-16 0)
(3.49903e-16 -2.26932e-16 0)
(4.06551e-16 -2.29876e-16 0)
(4.63611e-16 -2.30186e-16 0)
(5.20436e-16 -2.2806e-16 0)
(5.76435e-16 -2.23677e-16 0)
(6.31076e-16 -2.17202e-16 0)
(6.83856e-16 -2.08793e-16 0)
(7.34313e-16 -1.98608e-16 0)
(7.82031e-16 -1.86794e-16 0)
(8.26628e-16 -1.73499e-16 0)
(8.67757e-16 -1.58867e-16 0)
(9.05109e-16 -1.43045e-16 0)
(9.38412e-16 -1.26176e-16 0)
(9.67429e-16 -1.0841e-16 0)
(9.91959e-16 -8.99057e-17 0)
(1.01177e-15 -7.08306e-17 0)
(1.02665e-15 -5.12057e-17 0)
(1.03655e-15 -3.1019e-17 0)
(1.04151e-15 -1.0444e-17 0)
(1.04153e-15 1.0242e-17 0)
(1.03662e-15 3.08211e-17 0)
(1.02676e-15 5.10142e-17 0)
(1.01193e-15 7.06464e-17 0)
(9.92155e-16 8.97285e-17 0)
(9.67667e-16 1.08243e-16 0)
(9.38687e-16 1.2602e-16 0)
(9.05418e-16 1.42902e-16 0)
(8.68099e-16 1.58738e-16 0)
(8.27e-16 1.73388e-16 0)
(7.82429e-16 1.867e-16 0)
(7.34734e-16 1.98533e-16 0)
(6.84296e-16 2.08739e-16 0)
(6.31531e-16 2.1717e-16 0)
(5.76901e-16 2.23666e-16 0)
(5.20906e-16 2.28073e-16 0)
(4.64085e-16 2.30219e-16 0)
(4.07026e-16 2.29927e-16 0)
(3.50372e-16 2.27007e-16 0)
(2.94813e-16 2.21244e-16 0)
(2.41101e-16 2.12399e-16 0)
(1.90081e-16 2.00204e-16 0)
(1.42675e-16 1.84309e-16 0)
(9.99047e-17 1.64282e-16 0)
(6.28556e-17 1.39553e-16 0)
(3.2731e-17 1.09347e-16 0)
(1.22533e-17 7.24116e-17 0)
(1.68108e-19 2.85816e-17 0)
(1.30744e-19 -3.39853e-17 0)
(1.0534e-17 -8.78811e-17 0)
(2.85037e-17 -1.33587e-16 0)
(5.52602e-17 -1.71196e-16 0)
(8.84093e-17 -2.02106e-16 0)
(1.26899e-16 -2.27154e-16 0)
(1.69787e-16 -2.47033e-16 0)
(2.16065e-16 -2.62284e-16 0)
(2.64871e-16 -2.73344e-16 0)
(3.15428e-16 -2.8056e-16 0)
(3.6703e-16 -2.8423e-16 0)
(4.19029e-16 -2.84632e-16 0)
(4.70827e-16 -2.82009e-16 0)
(5.21888e-16 -2.76582e-16 0)
(5.71709e-16 -2.68561e-16 0)
(6.1983e-16 -2.58152e-16 0)
(6.65833e-16 -2.45544e-16 0)
(7.09334e-16 -2.30924e-16 0)
(7.49982e-16 -2.14475e-16 0)
(7.87466e-16 -1.96378e-16 0)
(8.21501e-16 -1.76811e-16 0)
(8.51837e-16 -1.55954e-16 0)
(8.78255e-16 -1.33986e-16 0)
(9.00557e-16 -1.11088e-16 0)
(9.18555e-16 -8.74259e-17 0)
(9.32091e-16 -6.30943e-17 0)
(9.41112e-16 -3.81704e-17 0)
(9.45629e-16 -1.28452e-17 0)
(9.45644e-16 1.26145e-17 0)
(9.41157e-16 3.7943e-17 0)
(9.32168e-16 6.28728e-17 0)
(9.18663e-16 8.72133e-17 0)
(9.00696e-16 1.10884e-16 0)
(8.78421e-16 1.33793e-16 0)
(8.52031e-16 1.55773e-16 0)
(8.2172e-16 1.76646e-16 0)
(7.87708e-16 1.96231e-16 0)
(7.50247e-16 2.14346e-16 0)
(7.09617e-16 2.30816e-16 0)
(6.66132e-16 2.45459e-16 0)
(6.20143e-16 2.58091e-16 0)
(5.72033e-16 2.68525e-16 0)
(5.22223e-16 2.7657e-16 0)
(4.71168e-16 2.82023e-16 0)
(4.19369e-16 2.84673e-16 0)
(3.67374e-16 2.84294e-16 0)
(3.15767e-16 2.80641e-16 0)
(2.652e-16 2.73444e-16 0)
(2.16397e-16 2.62398e-16 0)
(1.70109e-16 2.47142e-16 0)
(1.27186e-16 2.27244e-16 0)
(8.86805e-17 2.02179e-16 0)
(5.55179e-17 1.71231e-16 0)
(2.86613e-17 1.33489e-16 0)
(1.06239e-17 8.7749e-17 0)
(1.2026e-19 3.40122e-17 0)
(8.1938e-20 -3.87142e-17 0)
(9.17999e-18 -1.01259e-16 0)
(2.49223e-17 -1.54835e-16 0)
(4.85117e-17 -1.99322e-16 0)
(7.78693e-17 -2.35961e-16 0)
(1.12152e-16 -2.6569e-16 0)
(1.50478e-16 -2.89307e-16 0)
(1.91941e-16 -3.07428e-16 0)
(2.35763e-16 -3.20559e-16 0)
(2.81226e-16 -3.2913e-16 0)
(3.27673e-16 -3.33505e-16 0)
(3.74508e-16 -3.34015e-16 0)
(4.21186e-16 -3.30951e-16 0)
(4.67208e-16 -3.24583e-16 0)
(5.12118e-16 -3.15167e-16 0)
(5.55498e-16 -3.0294e-16 0)
(5.96969e-16 -2.8813e-16 0)
(6.3618e-16 -2.70961e-16 0)
(6.72818e-16 -2.51647e-16 0)
(7.06597e-16 -2.30399e-16 0)
(7.37262e-16 -2.07427e-16 0)
(7.64587e-16 -1.82939e-16 0)
(7.88369e-16 -1.57138e-16 0)
(8.08433e-16 -1.30227e-16 0)
(8.24619e-16 -1.02392e-16 0)
(8.36806e-16 -7.37913e-17 0)
(8.44941e-16 -4.45855e-17 0)
(8.49015e-16 -1.49887e-17 0)
(8.49024e-16 1.47413e-17 0)
(8.44968e-16 4.4342e-17 0)
(8.36852e-16 7.35545e-17 0)
(8.24683e-16 1.02163e-16 0)
(8.08515e-16 1.30008e-16 0)
(7.88469e-16 1.56932e-16 0)
(7.64703e-16 1.82747e-16 0)
(7.37394e-16 2.07251e-16 0)
(7.06743e-16 2.30242e-16 0)
(6.72977e-16 2.5151e-16 0)
(6.36352e-16 2.70847e-16 0)
(5.97152e-16 2.8804e-16 0)
(5.55691e-16 3.02875e-16 0)
(5.12319e-16 3.15129e-16 0)
(4.67415e-16 3.24573e-16 0)
(4.21398e-16 3.30967e-16 0)
(3.74725e-16 3.34058e-16 0)
(3.2789e-16 3.33575e-16 0)
(2.81444e-16 3.29221e-16 0)
(2.35984e-16 3.2067e-16 0)
(1.92151e-16 3.07551e-16 0)
(1.50675e-16 2.89431e-16 0)
(1.12362e-16 2.6581e-16 0)
(7.80564e-17 2.36055e-16 0)
(4.8628e-17 1.99378e-16 0)
(2.50387e-17 1.54838e-16 0)
(9.24688e-18 1.01202e-16 0)
(9.01268e-20 3.87484e-17 0)
(6.6998e-20 -4.27969e-17 0)
(7.94396e-18 -1.12924e-16 0)
(2.15961e-17 -1.73433e-16 0)
(4.21302e-17 -2.24018e-16 0)
(6.78194e-17 -2.65812e-16 0)
(9.79062e-17 -2.99815e-16 0)
(1.31652e-16 -3.26859e-16 0)
(1.68266e-16 -3.47619e-16 0)
(2.07034e-16 -3.6267e-16 0)
(2.4731e-16 -3.72506e-16 0)
(2.88504e-16 -3.7755e-16 0)
(3.30074e-16 -3.78181e-16 0)
(3.71524e-16 -3.7474e-16 0)
(4.12406e-16 -3.67544e-16 0)
(4.52308e-16 -3.56882e-16 0)
(4.90856e-16 -3.43029e-16 0)
(5.27705e-16 -3.26249e-16 0)
(5.62546e-16 -3.06794e-16 0)
(5.95098e-16 -2.84911e-16 0)
(6.25107e-16 -2.60838e-16 0)
(6.52343e-16 -2.34814e-16 0)
(6.76606e-16 -2.0707e-16 0)
(6.97717e-16 -1.77836e-16 0)
(7.1552e-16 -1.47335e-16 0)
(7.29883e-16 -1.15785e-16 0)
(7.40706e-16 -8.33861e-17 0)
(7.47937e-16 -5.03492e-17 0)
(7.51557e-16 -1.69123e-17 0)
(7.51561e-16 1.66609e-17 0)
(7.47948e-16 5.01008e-17 0)
(7.40724e-16 8.31436e-17 0)
(7.29908e-16 1.15551e-16 0)
(7.15552e-16 1.47112e-16 0)
(6.97756e-16 1.77625e-16 0)
(6.76652e-16 2.06874e-16 0)
(6.52396e-16 2.34635e-16 0)
(6.25166e-16 2.60678e-16 0)
(5.95164e-16 2.84772e-16 0)
(5.62618e-16 3.06679e-16 0)
(5.27783e-16 3.26158e-16 0)
(4.90939e-16 3.42964e-16 0)
(4.52397e-16 3.56844e-16 0)
(4.125e-16 3.67534e-16 0)
(3.71623e-16 3.7476e-16 0)
(3.30177e-16 3.78227e-16 0)
(2.88613e-16 3.77622e-16 0)
(2.47421e-16 3.72602e-16 0)
(2.07144e-16 3.62787e-16 0)
(1.68384e-16 3.47747e-16 0)
(1.31775e-16 3.26997e-16 0)
(9.80037e-17 2.99951e-16 0)
(6.7913e-17 2.65926e-16 0)
(4.22364e-17 2.24102e-16 0)
(2.16475e-17 1.73486e-16 0)
(7.9514e-18 1.12892e-16 0)
(7.65273e-20 4.28493e-17 0)
(6.09537e-20 -4.63128e-17 0)
(6.76953e-18 -1.22946e-16 0)
(1.84452e-17 -1.89502e-16 0)
(3.60464e-17 -2.45396e-16 0)
(5.81328e-17 -2.91762e-16 0)
(8.4082e-17 -3.29575e-16 0)
(1.13268e-16 -3.59686e-16 0)
(1.45002e-16 -3.82828e-16 0)
(1.78662e-16 -3.99626e-16 0)
(2.13683e-16 -4.10619e-16 0)
(2.4954e-16 -4.16286e-16 0)
(2.8575e-16 -4.1705e-16 0)
(3.21875e-16 -4.13296e-16 0)
(3.57519e-16 -4.0538e-16 0)
(3.92318e-16 -3.93626e-16 0)
(4.25938e-16 -3.78345e-16 0)
(4.5808e-16 -3.5983e-16 0)
(4.8847e-16 -3.3836e-16 0)
(5.16861e-16 -3.1421e-16 0)
(5.43029e-16 -2.87646e-16 0)
(5.66778e-16 -2.58928e-16 0)
(5.87929e-16 -2.28312e-16 0)
(6.06328e-16 -1.96052e-16 0)
(6.21842e-16 -1.62392e-16 0)
(6.34359e-16 -1.27577e-16 0)
(6.43798e-16 -9.1843e-17 0)
(6.50109e-16 -5.54331e-17 0)
(6.53269e-16 -1.86065e-17 0)
(6.53267e-16 1.83613e-17 0)
(6.50104e-16 5.51904e-17 0)
(6.43791e-16 9.16059e-17 0)
(6.34349e-16 1.27348e-16 0)
(6.2183e-16 1.62173e-16 0)
(6.06315e-16 1.95845e-16 0)
(5.87914e-16 2.2812e-16 0)
(5.66762e-16 2.58753e-16 0)
(5.43013e-16 2.8749e-16 0)
(5.16845e-16 3.14075e-16 0)
(4.88455e-16 3.38247e-16 0)
(4.58066e-16 3.59741e-16 0)
(4.25927e-16 3.78283e-16 0)
(3.92309e-16 3.93591e-16 0)
(3.57516e-16 4.05372e-16 0)
(3.21877e-16 4.13316e-16 0)
(2.85756e-16 4.17097e-16 0)
(2.49552e-16 4.16359e-16 0)
(2.13704e-16 4.10715e-16 0)
(1.78692e-16 3.99742e-16 0)
(1.45034e-16 3.82961e-16 0)
(1.13304e-16 3.59825e-16 0)
(8.41354e-17 3.29711e-16 0)
(5.8181e-17 2.91896e-16 0)
(3.60688e-17 2.455e-16 0)
(1.84772e-17 1.89562e-16 0)
(6.79109e-18 1.22959e-16 0)
(5.93911e-20 4.63623e-17 0)
(4.61529e-20 -4.92834e-17 0)
(5.65345e-18 -1.31433e-16 0)
(1.54247e-17 -2.03119e-16 0)
(3.01845e-17 -2.63574e-16 0)
(4.87482e-17 -3.13879e-16 0)
(7.06137e-17 -3.54995e-16 0)
(9.52589e-17 -3.87795e-16 0)
(1.22103e-16 -4.13034e-16 0)
(1.50625e-16 -4.31375e-16 0)
(1.80335e-16 -4.434e-16 0)
(2.10783e-16 -4.49634e-16 0)
(2.41556e-16 -4.50534e-16 0)
(2.72273e-16 -4.46525e-16 0)
(3.02589e-16 -4.37999e-16 0)
(3.32195e-16 -4.25312e-16 0)
(3.60803e-16 -4.08802e-16 0)
(3.88155e-16 -3.88789e-16 0)
(4.14016e-16 -3.65582e-16 0)
(4.38174e-16 -3.39476e-16 0)
(4.60439e-16 -3.1076e-16 0)
(4.80644e-16 -2.79717e-16 0)
(4.98635e-16 -2.46622e-16 0)
(5.14283e-16 -2.11749e-16 0)
(5.27476e-16 -1.75367e-16 0)
(5.38122e-16 -1.3774e-16 0)
(5.46154e-16 -9.91337e-17 0)
(5.51525e-16 -5.98158e-17 0)
(5.54214e-16 -2.00645e-17 0)
(5.54208e-16 1.98331e-17 0)
(5.51508e-16 5.95875e-17 0)
(5.46125e-16 9.89107e-17 0)
(5.38083e-16 1.37524e-16 0)
(5.27427e-16 1.75161e-16 0)
(5.14224e-16 2.11555e-16 0)
(4.98568e-16 2.46442e-16 0)
(4.80569e-16 2.79552e-16 0)
(4.60359e-16 3.10614e-16 0)
(4.38088e-16 3.3935e-16 0)
(4.13926e-16 3.65477e-16 0)
(3.88063e-16 3.88707e-16 0)
(3.60711e-16 4.08744e-16 0)
(3.32105e-16 4.25279e-16 0)
(3.02502e-16 4.37992e-16 0)
(2.72191e-16 4.46544e-16 0)
(2.41482e-16 4.50579e-16 0)
(2.10719e-16 4.49704e-16 0)
(1.8028e-16 4.43493e-16 0)
(1.50581e-16 4.31485e-16 0)
(1.22075e-16 4.13159e-16 0)
(9.52438e-17 3.8793e-16 0)
(7.0601e-17 3.55132e-16 0)
(4.87462e-17 3.14002e-16 0)
(3.02035e-17 2.63682e-16 0)
(1.54318e-17 2.03198e-16 0)
(5.65048e-18 1.31455e-16 0)
(4.98665e-20 4.93274e-17 0)
(3.69412e-20 -5.17264e-17 0)
(4.58002e-18 -1.38434e-16 0)
(1.25053e-17 -2.14366e-16 0)
(2.44973e-17 -2.78613e-16 0)
(3.96065e-17 -3.32216e-16 0)
(5.74339e-17 -3.76116e-16 0)
(7.75629e-17 -4.11191e-16 0)
(9.95235e-17 -4.38214e-16 0)
(1.22885e-16 -4.57874e-16 0)
(1.47244e-16 -4.7079e-16 0)
(1.72232e-16 -4.77521e-16 0)
(1.97501e-16 -4.78549e-16 0)
(2.22735e-16 -4.74338e-16 0)
(2.47648e-16 -4.65313e-16 0)
(2.71985e-16 -4.5185e-16 0)
(2.95505e-16 -4.34313e-16 0)
(3.17993e-16 -4.13048e-16 0)
(3.39255e-16 -3.88384e-16 0)
(3.59117e-16 -3.60639e-16 0)
(3.77422e-16 -3.30119e-16 0)
(3.9403e-16 -2.97125e-16 0)
(4.08818e-16 -2.61953e-16 0)
(4.21678e-16 -2.24892e-16 0)
(4.3252e-16 -1.8623e-16 0)
(4.4127e-16 -1.46251e-16 0)
(4.47871e-16 -1.05241e-16 0)
(4.52287e-16 -6.34869e-17 0)
(4.54495e-16 -2.12825e-17 0)
(4.54486e-16 2.10734e-17 0)
(4.52259e-16 6.32801e-17 0)
(4.47825e-16 1.05039e-16 0)
(4.41205e-16 1.46056e-16 0)
(4.32439e-16 1.86043e-16 0)
(4.21581e-16 2.24716e-16 0)
(4.08707e-16 2.6179e-16 0)
(3.93906e-16 2.96976e-16 0)
(3.77287e-16 3.29986e-16 0)
(3.58973e-16 3.60524e-16 0)
(3.39104e-16 3.88289e-16 0)
(3.17837e-16 4.12974e-16 0)
(2.95346e-16 4.34261e-16 0)
(2.71827e-16 4.5182e-16 0)
(2.47493e-16 4.65307e-16 0)
(2.22585e-16 4.74355e-16 0)
(1.9736e-16 4.7859e-16 0)
(1.72102e-16 4.77583e-16 0)
(1.47128e-16 4.70873e-16 0)
(1.22786e-16 4.57975e-16 0)
(9.94404e-17 4.38328e-16 0)
(7.74955e-17 4.11312e-16 0)
(5.73912e-17 3.76241e-16 0)
(3.95805e-17 3.32339e-16 0)
(2.44735e-17 2.78716e-16 0)
(1.25013e-17 2.14436e-16 0)
(4.58247e-18 1.38467e-16 0)
(3.79938e-20 5.17654e-17 0)
(2.74252e-20 -5.36632e-17 0)
(3.53703e-18 -1.43992e-16 0)
(9.66456e-18 -2.23303e-16 0)
(1.8944e-17 -2.90582e-16 0)
(3.06513e-17 -3.46831e-16 0)
(4.4485e-17 -3.92976e-16 0)
(6.01234e-17 -4.29891e-16 0)
(7.72063e-17 -4.58365e-16 0)
(9.5398e-17 -4.79104e-16 0)
(1.14377e-16 -4.92749e-16 0)
(1.33867e-16 -4.99902e-16 0)
(1.53574e-16 -5.01047e-16 0)
(1.73268e-16 -4.96672e-16 0)
(1.92716e-16 -4.87254e-16 0)
(2.11723e-16 -4.73172e-16 0)
(2.30091e-16 -4.54812e-16 0)
(2.47653e-16 -4.32542e-16 0)
(2.64258e-16 -4.06708e-16 0)
(2.79769e-16 -3.77643e-16 0)
(2.94062e-16 -3.45673e-16 0)
(3.0703e-16 -3.11111e-16 0)
(3.18575e-16 -2.74268e-16 0)
(3.28615e-16 -2.35449e-16 0)
(3.37078e-16 -1.94956e-16 0)
(3.43908e-16 -1.53088e-16 0)
(3.49062e-16 -1.10147e-16 0)
(3.52508e-16 -6.64349e-17 0)
(3.54229e-16 -2.22576e-17 0)
(3.54217e-16 2.20762e-17 0)
(3.52471e-16 6.62555e-17 0)
(3.49e-16 1.09972e-16 0)
(3.43824e-16 1.52918e-16 0)
(3.36972e-16 1.94793e-16 0)
(3.28487e-16 2.35296e-16 0)
(3.18429e-16 2.74127e-16 0)
(3.06866e-16 3.10982e-16 0)
(2.93883e-16 3.45558e-16 0)
(2.79576e-16 3.77544e-16 0)
(2.64056e-16 4.06625e-16 0)
(2.47443e-16 4.32478e-16 0)
(2.29877e-16 4.54767e-16 0)
(2.11509e-16 4.73146e-16 0)
(1.92504e-16 4.87248e-16 0)
(1.73062e-16 4.96686e-16 0)
(1.53378e-16 5.01081e-16 0)
(1.33685e-16 4.99955e-16 0)
(1.14213e-16 4.9282e-16 0)
(9.52503e-17 4.79188e-16 0)
(7.70808e-17 4.58462e-16 0)
(6.00254e-17 4.29998e-16 0)
(4.44076e-17 3.93082e-16 0)
(3.05931e-17 3.4693e-16 0)
(1.89152e-17 2.90673e-16 0)
(9.65088e-18 2.23372e-16 0)
(3.52737e-18 1.44017e-16 0)
(2.93118e-20 5.3698e-17 0)
(1.93644e-20 -5.51071e-17 0)
(2.51778e-18 -1.48138e-16 0)
(6.87979e-18 -2.29976e-16 0)
(1.34904e-17 -2.99528e-16 0)
(2.18384e-17 -3.57766e-16 0)
(3.17101e-17 -4.05604e-16 0)
(4.2879e-17 -4.43915e-16 0)
(5.50919e-17 -4.73492e-16 0)
(6.81087e-17 -4.95055e-16 0)
(8.16832e-17 -5.09267e-16 0)
(9.56605e-17 -5.16742e-16 0)
(1.09745e-16 -5.17975e-16 0)
(1.23879e-16 -5.13491e-16 0)
(1.37804e-16 -5.03775e-16 0)
(1.51431e-16 -4.89226e-16 0)
(1.64596e-16 -4.70244e-16 0)
(1.77181e-16 -4.47216e-16 0)
(1.89082e-16 -4.205e-16 0)
(2.00197e-16 -3.90443e-16 0)
(2.1044e-16 -3.57379e-16 0)
(2.19732e-16 -3.21637e-16 0)
(2.28004e-16 -2.83535e-16 0)
(2.35195e-16 -2.43392e-16 0)
(2.41258e-16 -2.0152e-16 0)
(2.46149e-16 -1.58231e-16 0)
(2.49838e-16 -1.13837e-16 0)
(2.52304e-16 -6.86501e-17 0)
(2.53533e-16 -2.29863e-17 0)
(2.53519e-16 2.28371e-17 0)
(2.52261e-16 6.85024e-17 0)
(2.49766e-16 1.13692e-16 0)
(2.46048e-16 1.58092e-16 0)
(2.4113e-16 2.01387e-16 0)
(2.35043e-16 2.43267e-16 0)
(2.27829e-16 2.83419e-16 0)
(2.19536e-16 3.21531e-16 0)
(2.10226e-16 3.57285e-16 0)
(1.99967e-16 3.90361e-16 0)
(1.88839e-16 4.20432e-16 0)
(1.7693e-16 4.47163e-16 0)
(1.64339e-16 4.70206e-16 0)
(1.51172e-16 4.89204e-16 0)
(1.37548e-16 5.03769e-16 0)
(1.2363e-16 5.13501e-16 0)
(1.09506e-16 5.18e-16 0)
(9.54369e-17 5.16784e-16 0)
(8.14773e-17 5.0932e-16 0)
(6.79271e-17 4.9512e-16 0)
(5.49374e-17 4.73568e-16 0)
(4.2747e-17 4.43995e-16 0)
(3.16076e-17 4.05687e-16 0)
(2.17715e-17 3.57849e-16 0)
(1.34436e-17 2.99597e-16 0)
(6.85293e-18 2.30025e-16 0)
(2.50852e-18 1.48162e-16 0)
(1.93825e-20 5.51349e-17 0)
(1.11792e-20 -5.60682e-17 0)
(1.51266e-18 -1.50894e-16 0)
(4.13378e-18 -2.34417e-16 0)
(8.10543e-18 -3.05484e-16 0)
(1.31217e-17 -3.65052e-16 0)
(1.90544e-17 -4.14024e-16 0)
(2.57688e-17 -4.53271e-16 0)
(3.31153e-17 -4.83592e-16 0)
(4.09414e-17 -5.05714e-16 0)
(4.91006e-17 -5.203e-16 0)
(5.76737e-17 -5.27916e-16 0)
(6.58799e-17 -5.29173e-16 0)
(7.45657e-17 -5.24726e-16 0)
(8.29278e-17 -5.1482e-16 0)
(9.11252e-17 -4.99958e-16 0)
(9.90461e-17 -4.80561e-16 0)
(1.06617e-16 -4.57026e-16 0)
(1.13777e-16 -4.29721e-16 0)
(1.20466e-16 -3.98999e-16 0)
(1.26629e-16 -3.65204e-16 0)
(1.32218e-16 -3.28671e-16 0)
(1.37193e-16 -2.89728e-16 0)
(1.41518e-16 -2.48699e-16 0)
(1.45161e-16 -2.05905e-16 0)
(1.481e-16 -1.61665e-16 0)
(1.50314e-16 -1.16298e-16 0)
(1.51792e-16 -7.01252e-17 0)
(1.52525e-16 -2.34669e-17 0)
(1.52508e-16 2.33537e-17 0)
(1.51743e-16 7.00131e-17 0)
(1.50233e-16 1.16189e-16 0)
(1.47988e-16 1.61559e-16 0)
(1.45019e-16 2.05804e-16 0)
(1.41348e-16 2.48604e-16 0)
(1.36997e-16 2.8964e-16 0)
(1.31999e-16 3.28591e-16 0)
(1.26389e-16 3.65133e-16 0)
(1.20208e-16 3.98937e-16 0)
(1.13505e-16 4.29669e-16 0)
(1.06334e-16 4.56985e-16 0)
(9.87573e-17 4.80531e-16 0)
(9.08341e-17 4.99939e-16 0)
(8.26388e-17 5.14813e-16 0)
(7.42836e-17 5.2473e-16 0)
(6.56071e-17 5.29187e-16 0)
(5.74192e-17 5.27942e-16 0)
(4.88673e-17 5.20335e-16 0)
(4.07322e-17 5.05758e-16 0)
(3.29317e-17 4.83642e-16 0)
(2.56207e-17 4.53327e-16 0)
(1.8941e-17 4.1408e-16 0)
(1.30293e-17 3.65102e-16 0)
(8.04664e-18 3.05532e-16 0)
(4.10933e-18 2.34454e-16 0)
(1.49983e-18 1.50905e-16 0)
(1.17732e-20 5.60901e-17 0)
(4.82507e-21 -5.65508e-17 0)
(5.1771e-19 -1.52279e-16 0)
(1.41046e-18 -2.36646e-16 0)
(2.75984e-18 -3.08475e-16 0)
(4.46075e-18 -3.6871e-16 0)
(6.46896e-18 -4.1825e-16 0)
(8.73703e-18 -4.57964e-16 0)
(1.12167e-17 -4.8865e-16 0)
(1.38478e-17 -5.11054e-16 0)
(1.65278e-17 -5.25844e-16 0)
(1.94338e-17 -5.33629e-16 0)
(2.22567e-17 -5.35043e-16 0)
(2.53962e-17 -5.30405e-16 0)
(2.80552e-17 -5.20344e-16 0)
(3.07906e-17 -5.05317e-16 0)
(3.34488e-17 -4.85726e-16 0)
(3.59863e-17 -4.61943e-16 0)
(3.83875e-17 -4.34343e-16 0)
(4.06306e-17 -4.03289e-16 0)
(4.2696e-17 -3.69126e-16 0)
(4.45676e-17 -3.32196e-16 0)
(4.62314e-17 -2.9283e-16 0)
(4.76759e-17 -2.51355e-16 0)
(4.88907e-17 -2.08098e-16 0)
(4.9868e-17 -1.6338e-16 0)
(5.06014e-17 -1.17525e-16 0)
(5.10865e-17 -7.0856e-17 0)
(5.1321e-17 -2.36984e-17 0)
(5.13036e-17 2.36229e-17 0)
(5.10342e-17 7.07817e-17 0)
(5.05147e-17 1.17452e-16 0)
(4.97481e-17 1.63309e-16 0)
(4.8739e-17 2.0803e-16 0)
(4.74944e-17 2.51292e-16 0)
(4.60221e-17 2.92771e-16 0)
(4.43329e-17 3.32142e-16 0)
(4.24391e-17 3.69078e-16 0)
(4.03546e-17 4.03247e-16 0)
(3.80963e-17 4.34308e-16 0)
(3.56836e-17 4.61914e-16 0)
(3.31388e-17 4.85704e-16 0)
(3.04781e-17 5.05302e-16 0)
(2.77449e-17 5.20336e-16 0)
(2.50934e-17 5.30404e-16 0)
(2.19648e-17 5.35048e-16 0)
(1.91582e-17 5.33638e-16 0)
(1.62735e-17 5.25858e-16 0)
(1.36202e-17 5.11073e-16 0)
(1.1022e-17 4.88673e-16 0)
(8.57037e-18 4.57987e-16 0)
(6.33207e-18 4.18275e-16 0)
(4.36969e-18 3.68736e-16 0)
(2.70141e-18 3.08495e-16 0)
(1.36868e-18 2.36657e-16 0)
(4.99583e-19 1.52282e-16 0)
(3.58485e-21 5.65647e-17 0)
(-3.57742e-21 -5.656e-17 0)
(-4.74345e-19 -1.52296e-16 0)
(-1.30614e-18 -2.36675e-16 0)
(-2.5744e-18 -3.08511e-16 0)
(-4.18264e-18 -3.6875e-16 0)
(-6.09192e-18 -4.18293e-16 0)
(-8.25842e-18 -4.58008e-16 0)
(-1.06346e-17 -4.88695e-16 0)
(-1.3165e-17 -5.11098e-16 0)
(-1.57496e-17 -5.25885e-16 0)
(-1.85594e-17 -5.33669e-16 0)
(-2.12971e-17 -5.3508e-16 0)
(-2.43531e-17 -5.30439e-16 0)
(-2.69374e-17 -5.20375e-16 0)
(-2.96058e-17 -5.05344e-16 0)
(-3.22047e-17 -4.85749e-16 0)
(-3.46908e-17 -4.61962e-16 0)
(-3.70486e-17 -4.34359e-16 0)
(-3.9256e-17 -4.03301e-16 0)
(-4.12936e-17 -3.69135e-16 0)
(-4.31453e-17 -3.32201e-16 0)
(-4.47968e-17 -2.9283e-16 0)
(-4.62363e-17 -2.51353e-16 0)
(-4.74537e-17 -2.08092e-16 0)
(-4.84407e-17 -1.63371e-16 0)
(-4.91907e-17 -1.17513e-16 0)
(-4.96993e-17 -7.08409e-17 0)
(-4.99634e-17 -2.368e-17 0)
(-4.99813e-17 2.36437e-17 0)
(-4.9753e-17 7.08048e-17 0)
(-4.92799e-17 1.17477e-16 0)
(-4.8564e-17 1.63337e-16 0)
(-4.76098e-17 2.08059e-16 0)
(-4.64234e-17 2.51322e-16 0)
(-4.50123e-17 2.92802e-16 0)
(-4.33868e-17 3.32174e-16 0)
(-4.15585e-17 3.69111e-16 0)
(-3.95405e-17 4.0328e-16 0)
(-3.73492e-17 4.3434e-16 0)
(-3.50034e-17 4.61946e-16 0)
(-3.2525e-17 4.85735e-16 0)
(-2.99293e-17 5.05332e-16 0)
(-2.72589e-17 5.20365e-16 0)
(-2.46685e-17 5.30431e-16 0)
(-2.15988e-17 5.35073e-16 0)
(-1.88449e-17 5.33662e-16 0)
(-1.60117e-17 5.25878e-16 0)
(-1.34027e-17 5.11091e-16 0)
(-1.08461e-17 4.88688e-16 0)
(-8.43149e-18 4.58002e-16 0)
(-6.22344e-18 4.18286e-16 0)
(-4.29238e-18 3.68741e-16 0)
(-2.65174e-18 3.08504e-16 0)
(-1.33733e-18 2.36668e-16 0)
(-4.89221e-19 1.52283e-16 0)
(-4.77948e-21 5.6567e-17 0)
(-1.06778e-20 -5.60952e-17 0)
(-1.47009e-18 -1.50947e-16 0)
(-4.03341e-18 -2.34501e-16 0)
(-7.92606e-18 -3.0559e-16 0)
(-1.28525e-17 -3.65172e-16 0)
(-1.86904e-17 -4.14152e-16 0)
(-2.53064e-17 -4.53403e-16 0)
(-3.25528e-17 -4.83724e-16 0)
(-4.02811e-17 -5.05843e-16 0)
(-4.83456e-17 -5.20424e-16 0)
(-5.68281e-17 -5.28034e-16 0)
(-6.49461e-17 -5.29282e-16 0)
(-7.35571e-17 -5.24826e-16 0)
(-8.18477e-17 -5.14909e-16 0)
(-8.99808e-17 -5.00037e-16 0)
(-9.78447e-17 -4.80629e-16 0)
(-1.05366e-16 -4.57083e-16 0)
(-1.12484e-16 -4.29767e-16 0)
(-1.19139e-16 -3.99034e-16 0)
(-1.25274e-16 -3.65229e-16 0)
(-1.30844e-16 -3.28685e-16 0)
(-1.35807e-16 -2.89731e-16 0)
(-1.40127e-16 -2.48692e-16 0)
(-1.43773e-16 -2.05887e-16 0)
(-1.46721e-16 -1.61637e-16 0)
(-1.48952e-16 -1.16262e-16 0)
(-1.50452e-16 -7.00795e-17 0)
(-1.51213e-16 -2.34131e-17 0)
(-1.51231e-16 2.34155e-17 0)
(-1.50506e-16 7.00819e-17 0)
(-1.4904e-16 1.16264e-16 0)
(-1.46843e-16 1.6164e-16 0)
(-1.43928e-16 2.05889e-16 0)
(-1.40313e-16 2.48693e-16 0)
(-1.36022e-16 2.89733e-16 0)
(-1.31085e-16 3.28686e-16 0)
(-1.25538e-16 3.65229e-16 0)
(-1.19422e-16 3.99034e-16 0)
(-1.12784e-16 4.29765e-16 0)
(-1.05678e-16 4.57079e-16 0)
(-9.81647e-17 4.80623e-16 0)
(-9.03044e-17 5.00028e-16 0)
(-8.217e-17 5.14897e-16 0)
(-7.38731e-17 5.2481e-16 0)
(-6.52498e-17 5.29261e-16 0)
(-5.71162e-17 5.2801e-16 0)
(-4.8614e-17 5.20395e-16 0)
(-4.05224e-17 5.05811e-16 0)
(-3.27603e-17 4.83687e-16 0)
(-2.54868e-17 4.53364e-16 0)
(-1.88427e-17 4.14114e-16 0)
(-1.2954e-17 3.65135e-16 0)
(-7.99012e-18 3.05552e-16 0)
(-4.08415e-18 2.34468e-16 0)
(-1.49477e-18 1.50921e-16 0)
(-1.2323e-20 5.60946e-17 0)
(-1.81731e-20 -5.51513e-17 0)
(-2.47794e-18 -1.48221e-16 0)
(-6.78533e-18 -2.30112e-16 0)
(-1.33241e-17 -2.99699e-16 0)
(-2.15888e-17 -3.57961e-16 0)
(-3.13716e-17 -4.05813e-16 0)
(-4.24499e-17 -4.44129e-16 0)
(-5.45701e-17 -4.73706e-16 0)
(-6.74958e-17 -4.95263e-16 0)
(-8.09821e-17 -5.09468e-16 0)
(-9.48759e-17 -5.16933e-16 0)
(-1.08882e-16 -5.18151e-16 0)
(-1.22944e-16 -5.13652e-16 0)
(-1.36801e-16 -5.0392e-16 0)
(-1.50368e-16 -4.89353e-16 0)
(-1.6348e-16 -4.70354e-16 0)
(-1.76019e-16 -4.47308e-16 0)
(-1.8788e-16 -4.20575e-16 0)
(-1.98964e-16 -3.90499e-16 0)
(-2.09181e-16 -3.57418e-16 0)
(-2.18455e-16 -3.21657e-16 0)
(-2.26715e-16 -2.8354e-16 0)
(-2.33902e-16 -2.43379e-16 0)
(-2.39966e-16 -2.01491e-16 0)
(-2.44866e-16 -1.58186e-16 0)
(-2.48571e-16 -1.13777e-16 0)
(-2.51058e-16 -6.85749e-17 0)
(-2.52313e-16 -2.28983e-17 0)
(-2.5233e-16 2.29385e-17 0)
(-2.51109e-16 6.86146e-17 0)
(-2.48656e-16 1.13816e-16 0)
(-2.44984e-16 1.58223e-16 0)
(-2.40116e-16 2.01527e-16 0)
(-2.34081e-16 2.43412e-16 0)
(-2.26921e-16 2.83571e-16 0)
(-2.18686e-16 3.21685e-16 0)
(-2.09435e-16 3.57442e-16 0)
(-1.99237e-16 3.90518e-16 0)
(-1.88169e-16 4.20589e-16 0)
(-1.7632e-16 4.47316e-16 0)
(-1.63789e-16 4.70356e-16 0)
(-1.50681e-16 4.89347e-16 0)
(-1.37113e-16 5.03906e-16 0)
(-1.23251e-16 5.13629e-16 0)
(-1.09179e-16 5.1812e-16 0)
(-9.51577e-17 5.16893e-16 0)
(-8.12418e-17 5.09419e-16 0)
(-6.77339e-17 4.95204e-16 0)
(-5.47848e-17 4.73643e-16 0)
(-4.26248e-17 4.44061e-16 0)
(-3.15053e-17 4.05739e-16 0)
(-2.17068e-17 3.57888e-16 0)
(-1.34095e-17 2.99635e-16 0)
(-6.8195e-18 2.30057e-16 0)
(-2.4955e-18 1.48178e-16 0)
(-2.08412e-20 5.51435e-17 0)
(-2.68763e-20 -5.37232e-17 0)
(-3.50114e-18 -1.44103e-16 0)
(-9.58153e-18 -2.23483e-16 0)
(-1.87967e-17 -2.90812e-16 0)
(-3.04319e-17 -3.47092e-16 0)
(-4.41875e-17 -3.93255e-16 0)
(-5.97457e-17 -4.3018e-16 0)
(-7.67458e-17 -4.58654e-16 0)
(-9.48578e-17 -4.79385e-16 0)
(-1.1376e-16 -4.93019e-16 0)
(-1.33174e-16 -5.00159e-16 0)
(-1.52813e-16 -5.01284e-16 0)
(-1.72442e-16 -4.96888e-16 0)
(-1.9183e-16 -4.87448e-16 0)
(-2.10784e-16 -4.73344e-16 0)
(-2.29104e-16 -4.5496e-16 0)
(-2.46624e-16 -4.32667e-16 0)
(-2.63194e-16 -4.06807e-16 0)
(-2.78676e-16 -3.7772e-16 0)
(-2.92947e-16 -3.45724e-16 0)
(-3.05898e-16 -3.1114e-16 0)
(-3.17433e-16 -2.74273e-16 0)
(-3.27468e-16 -2.35432e-16 0)
(-3.35933e-16 -1.94915e-16 0)
(-3.42771e-16 -1.53028e-16 0)
(-3.47936e-16 -1.10064e-16 0)
(-3.51401e-16 -6.63345e-17 0)
(-3.53146e-16 -2.21369e-17 0)
(-3.53162e-16 2.22119e-17 0)
(-3.51449e-16 6.64087e-17 0)
(-3.48015e-16 1.10137e-16 0)
(-3.42879e-16 1.53098e-16 0)
(-3.36071e-16 1.94982e-16 0)
(-3.27633e-16 2.35496e-16 0)
(-3.17624e-16 2.74331e-16 0)
(-3.06112e-16 3.11193e-16 0)
(-2.93182e-16 3.4577e-16 0)
(-2.78929e-16 3.77758e-16 0)
(-2.63462e-16 4.06836e-16 0)
(-2.46904e-16 4.32686e-16 0)
(-2.29392e-16 4.54969e-16 0)
(-2.11076e-16 4.73342e-16 0)
(-1.92122e-16 4.87432e-16 0)
(-1.72729e-16 4.9686e-16 0)
(-1.53091e-16 5.01242e-16 0)
(-1.33439e-16 5.00103e-16 0)
(-1.14011e-16 4.9295e-16 0)
(-9.50834e-17 4.79306e-16 0)
(-7.69391e-17 4.58563e-16 0)
(-5.99215e-17 4.30078e-16 0)
(-4.43398e-17 3.93154e-16 0)
(-3.05296e-17 3.46994e-16 0)
(-1.88603e-17 2.90716e-16 0)
(-9.63877e-18 2.23402e-16 0)
(-3.52918e-18 1.44047e-16 0)
(-3.02661e-20 5.37073e-17 0)
(-3.54814e-20 -5.18002e-17 0)
(-4.55029e-18 -1.38565e-16 0)
(-1.24373e-17 -2.14581e-16 0)
(-2.43782e-17 -2.78889e-16 0)
(-3.94279e-17 -3.32531e-16 0)
(-5.71929e-17 -3.76454e-16 0)
(-7.72564e-17 -4.11538e-16 0)
(-9.91486e-17 -4.38562e-16 0)
(-1.22444e-16 -4.58215e-16 0)
(-1.46738e-16 -4.71117e-16 0)
(-1.71664e-16 -4.77829e-16 0)
(-1.96875e-16 -4.78836e-16 0)
(-2.22054e-16 -4.746e-16 0)
(-2.46918e-16 -4.65548e-16 0)
(-2.7121e-16 -4.52057e-16 0)
(-2.9469e-16 -4.34492e-16 0)
(-3.17142e-16 -4.13198e-16 0)
(-3.38375e-16 -3.88505e-16 0)
(-3.58212e-16 -3.6073e-16 0)
(-3.76498e-16 -3.30181e-16 0)
(-3.93091e-16 -2.97159e-16 0)
(-4.0787e-16 -2.61957e-16 0)
(-4.20726e-16 -2.24869e-16 0)
(-4.31568e-16 -1.8618e-16 0)
(-4.40324e-16 -1.46175e-16 0)
(-4.46936e-16 -1.05139e-16 0)
(-4.51367e-16 -6.33624e-17 0)
(-4.53594e-16 -2.11346e-17 0)
(-4.53608e-16 2.12411e-17 0)
(-4.51408e-16 6.34679e-17 0)
(-4.47005e-16 1.05242e-16 0)
(-4.40419e-16 1.46276e-16 0)
(-4.31689e-16 1.86274e-16 0)
(-4.20871e-16 2.24959e-16 0)
(-4.08037e-16 2.6204e-16 0)
(-3.9328e-16 2.97234e-16 0)
(-3.76705e-16 3.30246e-16 0)
(-3.58436e-16 3.60786e-16 0)
(-3.38612e-16 3.88547e-16 0)
(-3.1739e-16 4.13229e-16 0)
(-2.94945e-16 4.34507e-16 0)
(-2.71469e-16 4.52058e-16 0)
(-2.47178e-16 4.65531e-16 0)
(-2.22311e-16 4.74567e-16 0)
(-1.97126e-16 4.78784e-16 0)
(-1.71905e-16 4.77761e-16 0)
(-1.46959e-16 4.71032e-16 0)
(-1.22649e-16 4.58114e-16 0)
(-9.93432e-17 4.38444e-16 0)
(-7.74115e-17 4.11418e-16 0)
(-5.7308e-17 3.76324e-16 0)
(-3.95435e-17 3.32396e-16 0)
(-2.44674e-17 2.7877e-16 0)
(-1.24696e-17 2.14483e-16 0)
(-4.56761e-18 1.38489e-16 0)
(-4.0049e-20 5.17778e-17 0)
(-4.56088e-20 -4.93688e-17 0)
(-5.6317e-18 -1.31572e-16 0)
(-1.53777e-17 -2.03357e-16 0)
(-3.01034e-17 -2.63879e-16 0)
(-4.86259e-17 -3.14231e-16 0)
(-7.04451e-17 -3.55376e-16 0)
(-9.50429e-17 -3.88186e-16 0)
(-1.21838e-16 -4.13427e-16 0)
(-1.50309e-16 -4.31759e-16 0)
(-1.79971e-16 -4.43771e-16 0)
(-2.10372e-16 -4.49983e-16 0)
(-2.41101e-16 -4.50859e-16 0)
(-2.71775e-16 -4.4682e-16 0)
(-3.02054e-16 -4.38266e-16 0)
(-3.31625e-16 -4.25545e-16 0)
(-3.60202e-16 -4.09005e-16 0)
(-3.87526e-16 -3.88957e-16 0)
(-4.13364e-16 -3.6572e-16 0)
(-4.37503e-16 -3.39576e-16 0)
(-4.59753e-16 -3.10832e-16 0)
(-4.79945e-16 -2.7975e-16 0)
(-4.97929e-16 -2.46629e-16 0)
(-5.13573e-16 -2.11718e-16 0)
(-5.26766e-16 -1.75311e-16 0)
(-5.37416e-16 -1.37648e-16 0)
(-5.45454e-16 -9.90198e-17 0)
(-5.50837e-16 -5.96677e-17 0)
(-5.53539e-16 -1.98978e-17 0)
(-5.53551e-16 2.00309e-17 0)
(-5.50871e-16 5.97987e-17 0)
(-5.45511e-16 9.91486e-17 0)
(-5.37494e-16 1.37771e-16 0)
(-5.26865e-16 1.7543e-16 0)
(-5.13692e-16 2.11828e-16 0)
(-4.98066e-16 2.46733e-16 0)
(-4.801e-16 2.79842e-16 0)
(-4.59923e-16 3.10915e-16 0)
(-4.37686e-16 3.39644e-16 0)
(-4.13558e-16 3.65776e-16 0)
(-3.8773e-16 3.88994e-16 0)
(-3.60412e-16 4.0903e-16 0)
(-3.31839e-16 4.25547e-16 0)
(-3.0227e-16 4.38252e-16 0)
(-2.71991e-16 4.46782e-16 0)
(-2.41311e-16 4.50804e-16 0)
(-2.10572e-16 4.49904e-16 0)
(-1.80165e-16 4.43673e-16 0)
(-1.5049e-16 4.31638e-16 0)
(-1.21986e-16 4.13299e-16 0)
(-9.5183e-17 3.88038e-16 0)
(-7.05862e-17 3.55216e-16 0)
(-4.87097e-17 3.14085e-16 0)
(-3.01512e-17 2.63736e-16 0)
(-1.54399e-17 2.0323e-16 0)
(-5.66523e-18 1.3149e-16 0)
(-5.06493e-20 4.93369e-17 0)
(-5.68869e-20 -4.64087e-17 0)
(-6.76095e-18 -1.23081e-16 0)
(-1.84263e-17 -1.89742e-16 0)
(-3.60149e-17 -2.45717e-16 0)
(-5.80836e-17 -2.92135e-16 0)
(-8.40074e-17 -3.29977e-16 0)
(-1.13166e-16 -3.60106e-16 0)
(-1.4487e-16 -3.8325e-16 0)
(-1.785e-16 -4.0004e-16 0)
(-2.1349e-16 -4.11016e-16 0)
(-2.49317e-16 -4.16663e-16 0)
(-2.85499e-16 -4.17399e-16 0)
(-3.21599e-16 -4.13616e-16 0)
(-3.57217e-16 -4.05666e-16 0)
(-3.91993e-16 -3.93881e-16 0)
(-4.25593e-16 -3.78562e-16 0)
(-4.57718e-16 -3.60013e-16 0)
(-4.88091e-16 -3.38505e-16 0)
(-5.16469e-16 -3.14321e-16 0)
(-5.42627e-16 -2.87718e-16 0)
(-5.66368e-16 -2.58968e-16 0)
(-5.87512e-16 -2.28314e-16 0)
(-6.05908e-16 -1.96021e-16 0)
(-6.21419e-16 -1.62326e-16 0)
(-6.33938e-16 -1.27481e-16 0)
(-6.4338e-16 -9.17129e-17 0)
(-6.49697e-16 -5.52761e-17 0)
(-6.52863e-16 -1.84191e-17 0)
(-6.52872e-16 1.85713e-17 0)
(-6.49721e-16 5.54268e-17 0)
(-6.43421e-16 9.18607e-17 0)
(-6.33994e-16 1.27624e-16 0)
(-6.2149e-16 1.62463e-16 0)
(-6.05992e-16 1.9615e-16 0)
(-5.87611e-16 2.28434e-16 0)
(-5.66478e-16 2.59075e-16 0)
(-5.42749e-16 2.87814e-16 0)
(-5.16601e-16 3.14401e-16 0)
(-4.88232e-16 3.3857e-16 0)
(-4.57866e-16 3.60059e-16 0)
(-4.25747e-16 3.7859e-16 0)
(-3.92151e-16 3.93887e-16 0)
(-3.57377e-16 4.05651e-16 0)
(-3.21758e-16 4.13578e-16 0)
(-2.85656e-16 4.17338e-16 0)
(-2.49472e-16 4.16576e-16 0)
(-2.13636e-16 4.10908e-16 0)
(-1.78632e-16 3.99913e-16 0)
(-1.45005e-16 3.83101e-16 0)
(-1.13287e-16 3.59939e-16 0)
(-8.40788e-17 3.29815e-16 0)
(-5.81707e-17 2.91957e-16 0)
(-3.61056e-17 2.45551e-16 0)
(-1.8451e-17 1.89609e-16 0)
(-6.77429e-18 1.2298e-16 0)
(-6.2641e-20 4.63718e-17 0)
(-6.90865e-20 -4.28977e-17 0)
(-7.94633e-18 -1.13027e-16 0)
(-2.16199e-17 -1.73663e-16 0)
(-4.21705e-17 -2.24323e-16 0)
(-6.78591e-17 -2.6618e-16 0)
(-9.79474e-17 -3.00221e-16 0)
(-1.31692e-16 -3.27282e-16 0)
(-1.68295e-16 -3.48045e-16 0)
(-2.07053e-16 -3.63092e-16 0)
(-2.47321e-16 -3.7291e-16 0)
(-2.88504e-16 -3.77934e-16 0)
(-3.30063e-16 -3.78535e-16 0)
(-3.71504e-16 -3.75067e-16 0)
(-4.12376e-16 -3.67834e-16 0)
(-4.52269e-16 -3.57141e-16 0)
(-4.90808e-16 -3.43247e-16 0)
(-5.27649e-16 -3.26436e-16 0)
(-5.62485e-16 -3.06937e-16 0)
(-5.95029e-16 -2.85024e-16 0)
(-6.25032e-16 -2.60906e-16 0)
(-6.52263e-16 -2.34855e-16 0)
(-6.76521e-16 -2.07064e-16 0)
(-6.97628e-16 -1.77807e-16 0)
(-7.15428e-16 -1.4726e-16 0)
(-7.29789e-16 -1.15688e-16 0)
(-7.4061e-16 -8.32441e-17 0)
(-7.4784e-16 -5.01904e-17 0)
(-7.51461e-16 -1.67097e-17 0)
(-7.51465e-16 1.68744e-17 0)
(-7.47853e-16 5.03546e-17 0)
(-7.40631e-16 8.34022e-17 0)
(-7.29817e-16 1.15844e-16 0)
(-7.15465e-16 1.47405e-16 0)
(-6.97672e-16 1.77948e-16 0)
(-6.76573e-16 2.0719e-16 0)
(-6.5232e-16 2.34976e-16 0)
(-6.25096e-16 2.61005e-16 0)
(-5.95099e-16 2.85116e-16 0)
(-5.62559e-16 3.07004e-16 0)
(-5.27729e-16 3.26493e-16 0)
(-4.90891e-16 3.43273e-16 0)
(-4.52355e-16 3.57156e-16 0)
(-4.12464e-16 3.67815e-16 0)
(-3.71594e-16 3.75034e-16 0)
(-3.30155e-16 3.78467e-16 0)
(-2.88592e-16 3.77851e-16 0)
(-2.47408e-16 3.72794e-16 0)
(-2.07144e-16 3.62959e-16 0)
(-1.68372e-16 3.47884e-16 0)
(-1.31756e-16 3.2712e-16 0)
(-9.80399e-17 3.00032e-16 0)
(-6.79219e-17 2.65993e-16 0)
(-4.21874e-17 2.24157e-16 0)
(-2.16715e-17 1.7351e-16 0)
(-7.9829e-18 1.12916e-16 0)
(-7.38825e-20 4.28551e-17 0)
(-8.54201e-20 -3.88004e-17 0)
(-9.22227e-18 -1.01324e-16 0)
(-2.50083e-17 -1.55016e-16 0)
(-4.86334e-17 -1.99596e-16 0)
(-7.80361e-17 -2.36297e-16 0)
(-1.12336e-16 -2.66073e-16 0)
(-1.50677e-16 -2.89711e-16 0)
(-1.92159e-16 -3.07841e-16 0)
(-2.35994e-16 -3.20965e-16 0)
(-2.81469e-16 -3.29523e-16 0)
(-3.27925e-16 -3.33876e-16 0)
(-3.7477e-16 -3.34362e-16 0)
(-4.21455e-16 -3.31264e-16 0)
(-4.67484e-16 -3.2487e-16 0)
(-5.12399e-16 -3.15413e-16 0)
(-5.55785e-16 -3.03157e-16 0)
(-5.97257e-16 -2.88304e-16 0)
(-6.36471e-16 -2.71107e-16 0)
(-6.73108e-16 -2.51746e-16 0)
(-7.06888e-16 -2.30472e-16 0)
(-7.3755e-16 -2.07453e-16 0)
(-7.64873e-16 -1.82942e-16 0)
(-7.8865e-16 -1.57095e-16 0)
(-8.08709e-16 -1.30163e-16 0)
(-8.24887e-16 -1.02282e-16 0)
(-8.37068e-16 -7.36637e-17 0)
(-8.45193e-16 -4.44122e-17 0)
(-8.49259e-16 -1.48022e-17 0)
(-8.49258e-16 1.49707e-17 0)
(-8.45193e-16 4.45772e-17 0)
(-8.37065e-16 7.38264e-17 0)
(-8.24885e-16 1.02436e-16 0)
(-8.08704e-16 1.30314e-16 0)
(-7.88645e-16 1.57233e-16 0)
(-7.64866e-16 1.83075e-16 0)
(-7.37545e-16 2.07569e-16 0)
(-7.06882e-16 2.30579e-16 0)
(-6.73103e-16 2.51834e-16 0)
(-6.36466e-16 2.71182e-16 0)
(-5.97254e-16 2.88355e-16 0)
(-5.55782e-16 3.03194e-16 0)
(-5.12398e-16 3.15422e-16 0)
(-4.67487e-16 3.24862e-16 0)
(-4.21459e-16 3.31225e-16 0)
(-3.74777e-16 3.34305e-16 0)
(-3.27937e-16 3.33788e-16 0)
(-2.81485e-16 3.29414e-16 0)
(-2.3601e-16 3.2083e-16 0)
(-1.92184e-16 3.07692e-16 0)
(-1.50713e-16 2.89535e-16 0)
(-1.12353e-16 2.65888e-16 0)
(-7.80582e-17 2.36126e-16 0)
(-4.86919e-17 1.9941e-16 0)
(-2.50271e-17 1.54861e-16 0)
(-9.22408e-18 1.01216e-16 0)
(-9.60992e-20 3.87523e-17 0)
(-1.16763e-19 -3.40603e-17 0)
(-1.06278e-17 -8.78635e-17 0)
(-2.86716e-17 -1.33661e-16 0)
(-5.55074e-17 -1.71423e-16 0)
(-8.87102e-17 -2.02404e-16 0)
(-1.27251e-16 -2.27491e-16 0)
(-1.70181e-16 -2.47398e-16 0)
(-2.16492e-16 -2.62666e-16 0)
(-2.65333e-16 -2.7372e-16 0)
(-3.15924e-16 -2.80921e-16 0)
(-3.67558e-16 -2.84575e-16 0)
(-4.19583e-16 -2.84955e-16 0)
(-4.71412e-16 -2.823e-16 0)
(-5.22494e-16 -2.76845e-16 0)
(-5.72336e-16 -2.68791e-16 0)
(-6.20474e-16 -2.58353e-16 0)
(-6.66492e-16 -2.45706e-16 0)
(-7.10002e-16 -2.31058e-16 0)
(-7.5066e-16 -2.14568e-16 0)
(-7.88146e-16 -1.96445e-16 0)
(-8.22184e-16 -1.76836e-16 0)
(-8.52517e-16 -1.55955e-16 0)
(-8.7893e-16 -1.33946e-16 0)
(-9.01223e-16 -1.11028e-16 0)
(-9.1921e-16 -8.73243e-17 0)
(-9.3273e-16 -6.29743e-17 0)
(-9.41735e-16 -3.80075e-17 0)
(-9.46233e-16 -1.26683e-17 0)
(-9.46228e-16 1.28302e-17 0)
(-9.41718e-16 3.81661e-17 0)
(-9.32702e-16 6.31313e-17 0)
(-9.19169e-16 8.74721e-17 0)
(-9.01173e-16 1.11174e-16 0)
(-8.78869e-16 1.34079e-16 0)
(-8.52449e-16 1.56085e-16 0)
(-8.22106e-16 1.76946e-16 0)
(-7.8806e-16 1.96552e-16 0)
(-7.50569e-16 2.1465e-16 0)
(-7.09908e-16 2.31133e-16 0)
(-6.66393e-16 2.45753e-16 0)
(-6.20373e-16 2.58392e-16 0)
(-5.72236e-16 2.68797e-16 0)
(-5.22396e-16 2.76841e-16 0)
(-4.71318e-16 2.82261e-16 0)
(-4.19495e-16 2.84904e-16 0)
(-3.67478e-16 2.84488e-16 0)
(-3.15852e-16 2.80824e-16 0)
(-2.65274e-16 2.7359e-16 0)
(-2.16443e-16 2.62522e-16 0)
(-1.70144e-16 2.47233e-16 0)
(-1.27236e-16 2.27329e-16 0)
(-8.87122e-17 2.02214e-16 0)
(-5.54925e-17 1.71256e-16 0)
(-2.86841e-17 1.33521e-16 0)
(-1.06531e-17 8.77464e-17 0)
(-1.20065e-19 3.40123e-17 0)
(-1.5779e-19 -2.86216e-17 0)
(-1.22516e-17 -7.25197e-17 0)
(-3.2733e-17 -1.09475e-16 0)
(-6.29179e-17 -1.39725e-16 0)
(-9.99891e-17 -1.64474e-16 0)
(-1.42774e-16 -1.84513e-16 0)
(-1.90241e-16 -2.00421e-16 0)
(-2.41307e-16 -2.12627e-16 0)
(-2.95056e-16 -2.21479e-16 0)
(-3.50663e-16 -2.27243e-16 0)
(-4.07365e-16 -2.30169e-16 0)
(-4.64469e-16 -2.30456e-16 0)
(-5.21338e-16 -2.28313e-16 0)
(-5.7738e-16 -2.23896e-16 0)
(-6.32056e-16 -2.17402e-16 0)
(-6.84865e-16 -2.08955e-16 0)
(-7.35349e-16 -1.98752e-16 0)
(-7.83086e-16 -1.86896e-16 0)
(-8.27697e-16 -1.73586e-16 0)
(-8.68834e-16 -1.58909e-16 0)
(-9.06191e-16 -1.43076e-16 0)
(-9.39492e-16 -1.2616e-16 0)
(-9.68504e-16 -1.08388e-16 0)
(-9.93021e-16 -8.98347e-17 0)
(-1.01282e-15 -7.07572e-17 0)
(-1.02767e-15 -5.1082e-17 0)
(-1.03755e-15 -3.08944e-17 0)
(-1.04248e-15 -1.02679e-17 0)
(-1.04246e-15 1.04118e-17 0)
(-1.03751e-15 3.10377e-17 0)
(-1.02762e-15 5.12162e-17 0)
(-1.01274e-15 7.08917e-17 0)
(-9.92922e-16 8.99569e-17 0)
(-9.68384e-16 1.08511e-16 0)
(-9.39355e-16 1.26264e-16 0)
(-9.06036e-16 1.43183e-16 0)
(-8.68667e-16 1.58992e-16 0)
(-8.27517e-16 1.73669e-16 0)
(-7.82894e-16 1.86952e-16 0)
(-7.35148e-16 1.98806e-16 0)
(-6.84661e-16 2.08977e-16 0)
(-6.3185e-16 2.17422e-16 0)
(-5.77175e-16 2.23881e-16 0)
(-5.21137e-16 2.28293e-16 0)
(-4.64277e-16 2.304e-16 0)
(-4.07184e-16 2.30108e-16 0)
(-3.50495e-16 2.27147e-16 0)
(-2.94909e-16 2.21376e-16 0)
(-2.41182e-16 2.12497e-16 0)
(-1.90138e-16 2.00285e-16 0)
(-1.42693e-16 1.84356e-16 0)
(-9.99351e-17 1.64325e-16 0)
(-6.28953e-17 1.39582e-16 0)
(-3.27253e-17 1.09331e-16 0)
(-1.22459e-17 7.24281e-17 0)
(-1.66325e-19 2.85742e-17 0)
(-2.55104e-19 -2.23541e-17 0)
(-1.42786e-17 -5.50079e-17 0)
(-3.74179e-17 -8.22999e-17 0)
(-7.10506e-17 -1.04431e-16 0)
(-1.11997e-16 -1.22526e-16 0)
(-1.58968e-16 -1.37211e-16 0)
(-2.1087e-16 -1.48887e-16 0)
(-2.6658e-16 -1.57866e-16 0)
(-3.25127e-16 -1.64384e-16 0)
(-3.85639e-16 -1.68639e-16 0)
(-4.4731e-16 -1.70797e-16 0)
(-5.09401e-16 -1.71014e-16 0)
(-5.71223e-16 -1.69425e-16 0)
(-6.3215e-16 -1.66162e-16 0)
(-6.9159e-16 -1.61345e-16 0)
(-7.49008e-16 -1.55096e-16 0)
(-8.03899e-16 -1.47523e-16 0)
(-8.55815e-16 -1.38742e-16 0)
(-9.04331e-16 -1.28857e-16 0)
(-9.49077e-16 -1.1798e-16 0)
(-9.89709e-16 -1.06211e-16 0)
(-1.02593e-15 -9.36617e-17 0)
(-1.05748e-15 -8.04359e-17 0)
(-1.08418e-15 -6.669e-17 0)
(-1.1058e-15 -5.2607e-17 0)
(-1.12209e-15 -3.81184e-17 0)
(-1.13296e-15 -2.30956e-17 0)
(-1.13842e-15 -7.69249e-18 0)
(-1.1384e-15 7.80693e-18 0)
(-1.13291e-15 2.3207e-17 0)
(-1.122e-15 3.82253e-17 0)
(-1.10569e-15 5.2709e-17 0)
(-1.08403e-15 6.67878e-17 0)
(-1.05731e-15 8.05286e-17 0)
(-1.02573e-15 9.37475e-17 0)
(-9.89482e-16 1.0629e-16 0)
(-9.48827e-16 1.18049e-16 0)
(-9.04061e-16 1.28918e-16 0)
(-8.55531e-16 1.3879e-16 0)
(-8.03604e-16 1.47561e-16 0)
(-7.48701e-16 1.55119e-16 0)
(-6.9128e-16 1.61356e-16 0)
(-6.31842e-16 1.66156e-16 0)
(-5.7092e-16 1.69405e-16 0)
(-5.09107e-16 1.70976e-16 0)
(-4.47031e-16 1.70745e-16 0)
(-3.85383e-16 1.68568e-16 0)
(-3.24893e-16 1.64301e-16 0)
(-2.66376e-16 1.57766e-16 0)
(-2.107e-16 1.4878e-16 0)
(-1.58838e-16 1.37095e-16 0)
(-1.11894e-16 1.22407e-16 0)
(-7.09856e-17 1.0431e-16 0)
(-3.73867e-17 8.22043e-17 0)
(-1.42703e-17 5.49284e-17 0)
(-2.60127e-19 2.23177e-17 0)
(-6.9392e-19 -1.45366e-17 0)
(-1.72094e-17 -3.47899e-17 0)
(-4.31848e-17 -5.16479e-17 0)
(-8.01261e-17 -6.52253e-17 0)
(-1.24823e-16 -7.63121e-17 0)
(-1.75829e-16 -8.53484e-17 0)
(-2.32017e-16 -9.2553e-17 0)
(-2.92233e-16 -9.8106e-17 0)
(-3.55464e-16 -1.02143e-16 0)
(-4.20788e-16 -1.04787e-16 0)
(-4.87353e-16 -1.06131e-16 0)
(-5.54367e-16 -1.06275e-16 0)
(-6.211e-16 -1.05293e-16 0)
(-6.8687e-16 -1.03277e-16 0)
(-7.51047e-16 -1.00288e-16 0)
(-8.13046e-16 -9.64157e-17 0)
(-8.72331e-16 -9.17097e-17 0)
(-9.28405e-16 -8.62642e-17 0)
(-9.80819e-16 -8.01177e-17 0)
(-1.02916e-15 -7.33708e-17 0)
(-1.07305e-15 -6.60536e-17 0)
(-1.11217e-15 -5.82788e-17 0)
(-1.14623e-15 -5.00876e-17 0)
(-1.17502e-15 -4.16204e-17 0)
(-1.19845e-15 -3.32487e-17 0)
(-1.21632e-15 -2.46256e-17 0)
(-1.22846e-15 -1.52003e-17 0)
(-1.23452e-15 -5.10165e-18 0)
(-1.2345e-15 5.17845e-18 0)
(-1.22839e-15 1.52723e-17 0)
(-1.21621e-15 2.46946e-17 0)
(-1.19831e-15 3.33103e-17 0)
(-1.17483e-15 4.16876e-17 0)
(-1.14601e-15 5.01465e-17 0)
(-1.11192e-15 5.83399e-17 0)
(-1.07277e-15 6.61018e-17 0)
(-1.02884e-15 7.34216e-17 0)
(-9.80481e-16 8.01525e-17 0)
(-9.28045e-16 8.63002e-17 0)
(-8.71953e-16 9.17283e-17 0)
(-8.1266e-16 9.64347e-17 0)
(-7.50655e-16 1.00286e-16 0)
(-6.86477e-16 1.03277e-16 0)
(-6.20714e-16 1.05272e-16 0)
(-5.53993e-16 1.06254e-16 0)
(-4.86997e-16 1.0609e-16 0)
(-4.20455e-16 1.04745e-16 0)
(-3.55163e-16 1.02084e-16 0)
(-2.91967e-16 9.80444e-17 0)
(-2.31789e-16 9.24774e-17 0)
(-1.75644e-16 8.52746e-17 0)
(-1.24689e-16 7.62353e-17 0)
(-8.00331e-17 6.51515e-17 0)
(-4.31326e-17 5.1583e-17 0)
(-1.71902e-17 3.47414e-17 0)
(-6.96172e-19 1.4518e-17 0)
(-2.49743e-18 -5.10861e-18 0)
(-1.91177e-17 -1.2313e-17 0)
(-4.83461e-17 -1.82943e-17 0)
(-8.87384e-17 -2.29073e-17 0)
(-1.3701e-16 -2.66947e-17 0)
(-1.91974e-16 -2.98238e-17 0)
(-2.524e-16 -3.23194e-17 0)
(-3.17098e-16 -3.42447e-17 0)
(-3.85009e-16 -3.5649e-17 0)
(-4.55157e-16 -3.65676e-17 0)
(-5.26635e-16 -3.70367e-17 0)
(-5.98601e-16 -3.70857e-17 0)
(-6.70271e-16 -3.67459e-17 0)
(-7.40915e-16 -3.60414e-17 0)
(-8.09857e-16 -3.50021e-17 0)
(-8.76469e-16 -3.36491e-17 0)
(-9.40172e-16 -3.2012e-17 0)
(-1.00043e-15 -3.01086e-17 0)
(-1.05677e-15 -2.79707e-17 0)
(-1.10874e-15 -2.5614e-17 0)
(-1.15595e-15 -2.30708e-17 0)
(-1.19807e-15 -2.03449e-17 0)
(-1.23482e-15 -1.74168e-17 0)
(-1.26566e-15 -1.38049e-17 0)
(-1.29064e-15 -9.9813e-18 0)
(-1.30982e-15 -6.54844e-18 0)
(-1.32301e-15 -3.29546e-18 0)
(-1.32952e-15 -8.61961e-19 0)
(-1.32949e-15 8.77408e-19 0)
(-1.32293e-15 3.31621e-18 0)
(-1.3097e-15 6.57075e-18 0)
(-1.29047e-15 1.00093e-17 0)
(-1.26545e-15 1.38318e-17 0)
(-1.23457e-15 1.74375e-17 0)
(-1.19778e-15 2.03618e-17 0)
(-1.15563e-15 2.30881e-17 0)
(-1.10839e-15 2.56269e-17 0)
(-1.05639e-15 2.79841e-17 0)
(-1.00003e-15 3.01163e-17 0)
(-9.39754e-16 3.20206e-17 0)
(-8.76038e-16 3.36526e-17 0)
(-8.09419e-16 3.50055e-17 0)
(-7.40478e-16 3.60376e-17 0)
(-6.69841e-16 3.67421e-17 0)
(-5.98185e-16 3.70752e-17 0)
(-5.2624e-16 3.70259e-17 0)
(-4.54789e-16 3.65503e-17 0)
(-3.84674e-16 3.5631e-17 0)
(-3.16803e-16 3.42213e-17 0)
(-2.52152e-16 3.22965e-17 0)
(-1.91774e-16 2.97983e-17 0)
(-1.36858e-16 2.66696e-17 0)
(-8.86382e-17 2.28823e-17 0)
(-4.82942e-17 1.82732e-17 0)
(-1.90999e-17 1.23017e-17 0)
(-2.49694e-18 5.10447e-18 0)
)
;

boundaryField
{
    top
    {
        type            slip;
    }
    bottom
    {
        type            slip;
    }
    rotatingWall
    {
        type            rotatingWallVelocity;
        origin          (0 0 0);
        axis            (0 1 0);
        omega           constant 1140;
        value           uniform (0 0 0);
    }
    wall
    {
        type            rotatingWallVelocity;
        origin          (0 0 0);
        axis            (0 1 0);
        omega           constant 0;
        value           uniform (0 -0 -0);
    }
    frontAndBack
    {
        type            empty;
    }
}


// ************************************************************************* //
