/*--------------------------------*- C++ -*----------------------------------*\
| =========                 |                                                 |
| \\      /  F ield         | OpenFOAM: The Open Source CFD Toolbox           |
|  \\    /   O peration     | Version:  5.0                                   |
|   \\  /    A nd           | Web:      www.OpenFOAM.org                      |
|    \\/     M anipulation  |                                                 |
\*---------------------------------------------------------------------------*/
FoamFile
{
    version     2.0;
    format      ascii;
    class       volVectorField;
    location    "433";
    object      U;
}
// * * * * * * * * * * * * * * * * * * * * * * * * * * * * * * * * * * * * * //

dimensions      [0 1 -1 0 0 0 0];

internalField   nonuniform List<vector> 
1568
(
(3.74997e-17 -1.30216e-16 0)
(4.03309e-16 -2.88207e-16 0)
(1.09393e-15 -4.29199e-16 0)
(2.03699e-15 -5.33264e-16 0)
(3.15346e-15 -6.17498e-16 0)
(4.42754e-15 -6.93114e-16 0)
(5.83104e-15 -7.50033e-16 0)
(7.33107e-15 -7.94152e-16 0)
(8.90596e-15 -8.27212e-16 0)
(1.05336e-14 -8.48505e-16 0)
(1.21919e-14 -8.59386e-16 0)
(1.38614e-14 -8.60584e-16 0)
(1.55243e-14 -8.52752e-16 0)
(1.71637e-14 -8.36503e-16 0)
(1.87637e-14 -8.12494e-16 0)
(2.03098e-14 -7.81188e-16 0)
(2.17885e-14 -7.43238e-16 0)
(2.31876e-14 -6.99197e-16 0)
(2.44957e-14 -6.49621e-16 0)
(2.57026e-14 -5.95038e-16 0)
(2.67991e-14 -5.36009e-16 0)
(2.77777e-14 -4.72885e-16 0)
(2.86318e-14 -4.0492e-16 0)
(2.93488e-14 -3.21545e-16 0)
(2.99299e-14 -2.32625e-16 0)
(3.03763e-14 -1.52826e-16 0)
(3.06838e-14 -7.71733e-17 0)
(3.08365e-14 -2.06599e-17 0)
(3.08376e-14 1.99422e-17 0)
(3.06869e-14 7.61737e-17 0)
(3.03815e-14 1.51757e-16 0)
(2.99369e-14 2.31353e-16 0)
(2.93577e-14 3.2032e-16 0)
(2.86425e-14 4.03977e-16 0)
(2.77902e-14 4.72026e-16 0)
(2.68133e-14 5.35141e-16 0)
(2.57182e-14 5.94302e-16 0)
(2.45127e-14 6.48889e-16 0)
(2.32059e-14 6.98594e-16 0)
(2.18079e-14 7.42711e-16 0)
(2.03301e-14 7.80738e-16 0)
(1.87848e-14 8.12046e-16 0)
(1.71855e-14 8.36198e-16 0)
(1.55467e-14 8.52536e-16 0)
(1.3884e-14 8.60461e-16 0)
(1.22145e-14 8.59272e-16 0)
(1.05564e-14 8.48372e-16 0)
(8.92919e-15 8.27034e-16 0)
(7.35385e-15 7.94542e-16 0)
(5.85298e-15 7.49642e-16 0)
(4.45161e-15 6.91636e-16 0)
(3.17699e-15 6.19491e-16 0)
(2.05768e-15 5.30945e-16 0)
(1.12074e-15 4.24699e-16 0)
(4.43048e-16 2.85394e-16 0)
(5.80677e-17 1.18498e-16 0)
(1.11212e-17 -3.60908e-16 0)
(3.68864e-16 -8.24208e-16 0)
(9.77312e-16 -1.20358e-15 0)
(1.8299e-15 -1.51334e-15 0)
(2.87218e-15 -1.77266e-15 0)
(4.05542e-15 -1.98134e-15 0)
(5.35628e-15 -2.14798e-15 0)
(6.75384e-15 -2.27683e-15 0)
(8.221e-15 -2.37062e-15 0)
(9.73586e-15 -2.43205e-15 0)
(1.12799e-14 -2.46323e-15 0)
(1.28352e-14 -2.46674e-15 0)
(1.43837e-14 -2.44432e-15 0)
(1.59098e-14 -2.39761e-15 0)
(1.73994e-14 -2.32844e-15 0)
(1.88385e-14 -2.23871e-15 0)
(2.02147e-14 -2.1298e-15 0)
(2.15166e-14 -2.00341e-15 0)
(2.27337e-14 -1.86107e-15 0)
(2.38564e-14 -1.70446e-15 0)
(2.4876e-14 -1.53498e-15 0)
(2.57849e-14 -1.35441e-15 0)
(2.65764e-14 -1.16464e-15 0)
(2.72456e-14 -9.67965e-16 0)
(2.77906e-14 -7.73833e-16 0)
(2.82066e-14 -5.73533e-16 0)
(2.84897e-14 -3.55288e-16 0)
(2.86317e-14 -1.20667e-16 0)
(2.86328e-14 1.17688e-16 0)
(2.84927e-14 3.52498e-16 0)
(2.82113e-14 5.70967e-16 0)
(2.7797e-14 7.71383e-16 0)
(2.72538e-14 9.65394e-16 0)
(2.65863e-14 1.16215e-15 0)
(2.57964e-14 1.35205e-15 0)
(2.48891e-14 1.53276e-15 0)
(2.38709e-14 1.70248e-15 0)
(2.27496e-14 1.85922e-15 0)
(2.15337e-14 2.00179e-15 0)
(2.02329e-14 2.12839e-15 0)
(1.88577e-14 2.23754e-15 0)
(1.74193e-14 2.32752e-15 0)
(1.59304e-14 2.39695e-15 0)
(1.44047e-14 2.44377e-15 0)
(1.28566e-14 2.46652e-15 0)
(1.1302e-14 2.46326e-15 0)
(9.75794e-15 2.43209e-15 0)
(8.24262e-15 2.3707e-15 0)
(6.77598e-15 2.277e-15 0)
(5.37971e-15 2.14843e-15 0)
(4.07686e-15 1.98123e-15 0)
(2.89347e-15 1.77087e-15 0)
(1.85703e-15 1.51464e-15 0)
(1.00179e-15 1.19916e-15 0)
(3.99125e-16 8.07869e-16 0)
(1.65251e-17 3.3738e-16 0)
(3.25453e-18 -5.23545e-16 0)
(3.18408e-16 -1.28586e-15 0)
(8.53001e-16 -1.91549e-15 0)
(1.63535e-15 -2.42593e-15 0)
(2.57895e-15 -2.84373e-15 0)
(3.66912e-15 -3.18556e-15 0)
(4.87354e-15 -3.45552e-15 0)
(6.16473e-15 -3.66388e-15 0)
(7.52231e-15 -3.81547e-15 0)
(8.92653e-15 -3.91439e-15 0)
(1.03574e-14 -3.96468e-15 0)
(1.17977e-14 -3.97e-15 0)
(1.32324e-14 -3.93349e-15 0)
(1.46466e-14 -3.85798e-15 0)
(1.60262e-14 -3.74659e-15 0)
(1.7359e-14 -3.6018e-15 0)
(1.86335e-14 -3.42634e-15 0)
(1.98389e-14 -3.22276e-15 0)
(2.09655e-14 -2.99362e-15 0)
(2.20046e-14 -2.7413e-15 0)
(2.29485e-14 -2.46837e-15 0)
(2.379e-14 -2.17719e-15 0)
(2.45232e-14 -1.87038e-15 0)
(2.51439e-14 -1.55136e-15 0)
(2.56469e-14 -1.22453e-15 0)
(2.60259e-14 -8.88253e-16 0)
(2.62794e-14 -5.39636e-16 0)
(2.64072e-14 -1.82072e-16 0)
(2.6408e-14 1.77818e-16 0)
(2.62817e-14 5.35434e-16 0)
(2.60298e-14 8.84264e-16 0)
(2.56525e-14 1.22063e-15 0)
(2.51509e-14 1.54767e-15 0)
(2.45316e-14 1.86679e-15 0)
(2.37998e-14 2.17387e-15 0)
(2.29597e-14 2.46519e-15 0)
(2.2017e-14 2.73848e-15 0)
(2.09789e-14 2.99098e-15 0)
(1.98534e-14 3.22045e-15 0)
(1.86488e-14 3.42432e-15 0)
(1.73751e-14 3.6001e-15 0)
(1.6043e-14 3.74518e-15 0)
(1.46639e-14 3.85701e-15 0)
(1.32502e-14 3.93277e-15 0)
(1.18159e-14 3.9697e-15 0)
(1.03753e-14 3.96472e-15 0)
(8.94446e-15 3.91457e-15 0)
(7.54065e-15 3.81589e-15 0)
(6.18273e-15 3.66478e-15 0)
(4.89035e-15 3.45603e-15 0)
(3.68584e-15 3.18515e-15 0)
(2.59751e-15 2.84507e-15 0)
(1.64833e-15 2.42442e-15 0)
(8.6711e-16 1.91083e-15 0)
(3.31109e-16 1.27831e-15 0)
(5.91057e-18 5.18429e-16 0)
(2.16566e-18 -6.61465e-16 0)
(2.81706e-16 -1.69224e-15 0)
(7.52344e-16 -2.54046e-15 0)
(1.44794e-15 -3.24513e-15 0)
(2.30921e-15 -3.81734e-15 0)
(3.30052e-15 -4.28132e-15 0)
(4.40026e-15 -4.65097e-15 0)
(5.58439e-15 -4.93486e-15 0)
(6.83164e-15 -5.14024e-15 0)
(8.12145e-15 -5.27425e-15 0)
(9.43687e-15 -5.34281e-15 0)
(1.07624e-14 -5.34992e-15 0)
(1.20823e-14 -5.30035e-15 0)
(1.33829e-14 -5.19854e-15 0)
(1.46522e-14 -5.04805e-15 0)
(1.58783e-14 -4.85255e-15 0)
(1.70504e-14 -4.61589e-15 0)
(1.81589e-14 -4.34131e-15 0)
(1.9195e-14 -4.03237e-15 0)
(2.01504e-14 -3.69232e-15 0)
(2.10182e-14 -3.32464e-15 0)
(2.17919e-14 -2.93262e-15 0)
(2.2466e-14 -2.51981e-15 0)
(2.30359e-14 -2.08972e-15 0)
(2.34963e-14 -1.64649e-15 0)
(2.38421e-14 -1.19035e-15 0)
(2.40721e-14 -7.21246e-16 0)
(2.41874e-14 -2.4304e-16 0)
(2.4188e-14 2.37654e-16 0)
(2.40741e-14 7.15984e-16 0)
(2.38452e-14 1.18523e-15 0)
(2.35006e-14 1.64155e-15 0)
(2.30415e-14 2.08492e-15 0)
(2.24728e-14 2.51524e-15 0)
(2.17997e-14 2.92832e-15 0)
(2.1027e-14 3.32069e-15 0)
(2.01602e-14 3.68858e-15 0)
(1.92056e-14 4.0291e-15 0)
(1.81703e-14 4.33839e-15 0)
(1.70626e-14 4.61336e-15 0)
(1.58911e-14 4.8505e-15 0)
(1.46655e-14 5.04647e-15 0)
(1.33966e-14 5.19734e-15 0)
(1.20961e-14 5.29986e-15 0)
(1.07764e-14 5.34972e-15 0)
(9.45119e-15 5.343e-15 0)
(8.13545e-15 5.27525e-15 0)
(6.84529e-15 5.14141e-15 0)
(5.59765e-15 4.93586e-15 0)
(4.41306e-15 4.65281e-15 0)
(3.31314e-15 4.2836e-15 0)
(2.31911e-15 3.81823e-15 0)
(1.45827e-15 3.2439e-15 0)
(7.60618e-16 2.54285e-15 0)
(2.84685e-16 1.6845e-15 0)
(4.18921e-18 6.63941e-16 0)
(4.55297e-18 -7.88167e-16 0)
(2.43116e-16 -2.04097e-15 0)
(6.62038e-16 -3.10461e-15 0)
(1.28279e-15 -3.97661e-15 0)
(2.05214e-15 -4.69579e-15 0)
(2.94514e-15 -5.2785e-15 0)
(3.94048e-15 -5.74081e-15 0)
(5.01478e-15 -6.09525e-15 0)
(6.1481e-15 -6.35233e-15 0)
(7.32199e-15 -6.52019e-15 0)
(8.5203e-15 -6.60541e-15 0)
(9.72798e-15 -6.61467e-15 0)
(1.0931e-14 -6.5538e-15 0)
(1.2117e-14 -6.42768e-15 0)
(1.32743e-14 -6.24118e-15 0)
(1.4392e-14 -5.99936e-15 0)
(1.54606e-14 -5.70633e-15 0)
(1.64711e-14 -5.36659e-15 0)
(1.74154e-14 -4.9843e-15 0)
(1.82861e-14 -4.56383e-15 0)
(1.90768e-14 -4.1091e-15 0)
(1.97816e-14 -3.62445e-15 0)
(2.03953e-14 -3.11395e-15 0)
(2.09135e-14 -2.5819e-15 0)
(2.13316e-14 -2.03199e-15 0)
(2.16462e-14 -1.46661e-15 0)
(2.18559e-14 -8.87417e-16 0)
(2.19609e-14 -2.98925e-16 0)
(2.19613e-14 2.92756e-16 0)
(2.18571e-14 8.81309e-16 0)
(2.16485e-14 1.46062e-15 0)
(2.13349e-14 2.02623e-15 0)
(2.09176e-14 2.57633e-15 0)
(2.04002e-14 3.10865e-15 0)
(1.97873e-14 3.61938e-15 0)
(1.90833e-14 4.10442e-15 0)
(1.82933e-14 4.55956e-15 0)
(1.74232e-14 4.98046e-15 0)
(1.64795e-14 5.36322e-15 0)
(1.54695e-14 5.7035e-15 0)
(1.44013e-14 5.99705e-15 0)
(1.32839e-14 6.23947e-15 0)
(1.2127e-14 6.42653e-15 0)
(1.09412e-14 6.55324e-15 0)
(9.73808e-15 6.61488e-15 0)
(8.53056e-15 6.60615e-15 0)
(7.33198e-15 6.52136e-15 0)
(6.1575e-15 6.35421e-15 0)
(5.02452e-15 6.09778e-15 0)
(3.9497e-15 5.74345e-15 0)
(2.95223e-15 5.28112e-15 0)
(2.05889e-15 4.6991e-15 0)
(1.28992e-15 3.98052e-15 0)
(6.64761e-16 3.10359e-15 0)
(2.46082e-16 2.04163e-15 0)
(2.84574e-18 7.90052e-16 0)
(1.91927e-18 -8.98513e-16 0)
(2.12667e-16 -2.35311e-15 0)
(5.78723e-16 -3.59729e-15 0)
(1.12668e-15 -4.6307e-15 0)
(1.80763e-15 -5.48257e-15 0)
(2.60361e-15 -6.17361e-15 0)
(3.4932e-15 -6.72277e-15 0)
(4.45568e-15 -7.144e-15 0)
(5.4731e-15 -7.44923e-15 0)
(6.52864e-15 -7.64856e-15 0)
(7.60719e-15 -7.75028e-15 0)
(8.69485e-15 -7.76218e-15 0)
(9.77891e-15 -7.69098e-15 0)
(1.08478e-14 -7.54297e-15 0)
(1.18909e-14 -7.32421e-15 0)
(1.28985e-14 -7.04009e-15 0)
(1.38618e-14 -6.69591e-15 0)
(1.47727e-14 -6.29695e-15 0)
(1.56237e-14 -5.84815e-15 0)
(1.64084e-14 -5.35438e-15 0)
(1.71208e-14 -4.82057e-15 0)
(1.77556e-14 -4.25153e-15 0)
(1.8308e-14 -3.65199e-15 0)
(1.87742e-14 -3.02663e-15 0)
(1.91503e-14 -2.3798e-15 0)
(1.94335e-14 -1.7152e-15 0)
(1.96225e-14 -1.03654e-15 0)
(1.97172e-14 -3.4879e-16 0)
(1.97175e-14 3.42051e-16 0)
(1.96234e-14 1.02993e-15 0)
(1.94349e-14 1.70879e-15 0)
(1.91523e-14 2.37357e-15 0)
(1.87768e-14 3.02062e-15 0)
(1.83112e-14 3.64629e-15 0)
(1.77593e-14 4.24619e-15 0)
(1.7125e-14 4.81559e-15 0)
(1.6413e-14 5.34986e-15 0)
(1.56288e-14 5.84407e-15 0)
(1.47781e-14 6.2934e-15 0)
(1.38676e-14 6.69294e-15 0)
(1.29046e-14 7.03769e-15 0)
(1.18972e-14 7.32248e-15 0)
(1.08543e-14 7.54196e-15 0)
(9.78546e-15 7.69056e-15 0)
(8.70147e-15 7.76249e-15 0)
(7.61369e-15 7.75136e-15 0)
(6.53503e-15 7.65028e-15 0)
(5.47949e-15 7.45175e-15 0)
(4.46131e-15 7.14707e-15 0)
(3.49807e-15 6.72614e-15 0)
(2.60947e-15 6.17765e-15 0)
(1.81235e-15 5.48657e-15 0)
(1.12785e-15 4.63443e-15 0)
(5.81868e-16 3.60017e-15 0)
(2.15243e-16 2.35487e-15 0)
(2.13563e-18 8.99966e-16 0)
(1.60814e-18 -9.92716e-16 0)
(1.84488e-16 -2.62557e-15 0)
(5.01758e-16 -4.02945e-15 0)
(9.78511e-16 -5.20481e-15 0)
(1.575e-15 -6.17578e-15 0)
(2.27335e-15 -6.96603e-15 0)
(3.05657e-15 -7.59478e-15 0)
(3.90667e-15 -8.07738e-15 0)
(4.8067e-15 -8.42732e-15 0)
(5.74175e-15 -8.65608e-15 0)
(6.69832e-15 -8.77332e-15 0)
(7.66368e-15 -8.78803e-15 0)
(8.62629e-15 -8.70815e-15 0)
(9.57572e-15 -8.54097e-15 0)
(1.05025e-14 -8.29325e-15 0)
(1.13978e-14 -7.97135e-15 0)
(1.22538e-14 -7.58147e-15 0)
(1.3063e-14 -7.12941e-15 0)
(1.38192e-14 -6.62093e-15 0)
(1.45163e-14 -6.06156e-15 0)
(1.51489e-14 -5.45685e-15 0)
(1.57126e-14 -4.81219e-15 0)
(1.6203e-14 -4.13287e-15 0)
(1.66166e-14 -3.42411e-15 0)
(1.69503e-14 -2.69099e-15 0)
(1.72018e-14 -1.93813e-15 0)
(1.73698e-14 -1.17047e-15 0)
(1.7454e-14 -3.93511e-16 0)
(1.74542e-14 3.86616e-16 0)
(1.73703e-14 1.16364e-15 0)
(1.72025e-14 1.93145e-15 0)
(1.69514e-14 2.68453e-15 0)
(1.6618e-14 3.41791e-15 0)
(1.62046e-14 4.12694e-15 0)
(1.57145e-14 4.80662e-15 0)
(1.51511e-14 5.45169e-15 0)
(1.45186e-14 6.05684e-15 0)
(1.38217e-14 6.61674e-15 0)
(1.30658e-14 7.12581e-15 0)
(1.22567e-14 7.57848e-15 0)
(1.14009e-14 7.96904e-15 0)
(1.05057e-14 8.29161e-15 0)
(9.57905e-15 8.54005e-15 0)
(8.62965e-15 8.70805e-15 0)
(7.66705e-15 8.7887e-15 0)
(6.70177e-15 8.77475e-15 0)
(5.74508e-15 8.65826e-15 0)
(4.8096e-15 8.43033e-15 0)
(3.90976e-15 8.081e-15 0)
(3.05982e-15 7.59919e-15 0)
(2.27497e-15 6.97091e-15 0)
(1.57659e-15 6.1804e-15 0)
(9.81534e-16 5.20933e-15 0)
(5.02293e-16 4.03383e-15 0)
(1.83968e-16 2.62644e-15 0)
(1.93999e-18 9.95292e-16 0)
(1.82747e-18 -1.0745e-15 0)
(1.57111e-16 -2.85852e-15 0)
(4.28655e-16 -4.40329e-15 0)
(8.37353e-16 -5.70136e-15 0)
(1.35023e-15 -6.77854e-15 0)
(1.95268e-15 -7.65734e-15 0)
(2.63023e-15 -8.35711e-15 0)
(3.36695e-15 -8.89505e-15 0)
(4.14835e-15 -9.28565e-15 0)
(4.96148e-15 -9.54119e-15 0)
(5.79414e-15 -9.67298e-15 0)
(6.63493e-15 -9.69087e-15 0)
(7.47382e-15 -9.60373e-15 0)
(8.30164e-15 -9.41983e-15 0)
(9.10983e-15 -9.14675e-15 0)
(9.89067e-15 -8.79173e-15 0)
(1.06372e-14 -8.36153e-15 0)
(1.13431e-14 -7.86267e-15 0)
(1.20026e-14 -7.30152e-15 0)
(1.26104e-14 -6.68432e-15 0)
(1.31621e-14 -6.01704e-15 0)
(1.36534e-14 -5.30563e-15 0)
(1.40808e-14 -4.55603e-15 0)
(1.44412e-14 -3.77392e-15 0)
(1.4732e-14 -2.96494e-15 0)
(1.49513e-14 -2.13463e-15 0)
(1.5098e-14 -1.28861e-15 0)
(1.51714e-14 -4.32889e-16 0)
(1.51714e-14 4.26108e-16 0)
(1.5098e-14 1.28186e-15 0)
(1.49514e-14 2.12801e-15 0)
(1.47322e-14 2.95851e-15 0)
(1.44414e-14 3.76773e-15 0)
(1.4081e-14 4.55013e-15 0)
(1.36537e-14 5.30009e-15 0)
(1.31624e-14 6.0119e-15 0)
(1.26108e-14 6.67966e-15 0)
(1.2003e-14 7.29742e-15 0)
(1.13435e-14 7.85913e-15 0)
(1.06377e-14 8.35862e-15 0)
(9.89121e-15 8.78951e-15 0)
(9.11039e-15 9.14527e-15 0)
(8.30227e-15 9.41909e-15 0)
(7.47454e-15 9.60377e-15 0)
(6.63561e-15 9.69172e-15 0)
(5.79475e-15 9.67469e-15 0)
(4.96222e-15 9.54368e-15 0)
(4.14924e-15 9.2889e-15 0)
(3.36752e-15 8.89922e-15 0)
(2.63059e-15 8.36174e-15 0)
(1.95393e-15 7.66231e-15 0)
(1.35111e-15 6.78423e-15 0)
(8.36704e-16 5.70639e-15 0)
(4.29236e-16 4.4071e-15 0)
(1.58098e-16 2.86096e-15 0)
(1.35238e-18 1.07681e-15 0)
(1.22694e-18 -1.14379e-15 0)
(1.3121e-16 -3.0562e-15 0)
(3.58471e-16 -4.72015e-15 0)
(7.01282e-16 -6.124e-15 0)
(1.13245e-15 -7.29252e-15 0)
(1.64018e-15 -8.24788e-15 0)
(2.21235e-15 -9.01013e-15 0)
(2.83556e-15 -9.5968e-15 0)
(3.49779e-15 -1.00231e-14 0)
(4.18761e-15 -1.03027e-14 0)
(4.89456e-15 -1.04477e-14 0)
(5.60913e-15 -1.04688e-14 0)
(6.32244e-15 -1.03757e-14 0)
(7.02648e-15 -1.01776e-14 0)
(7.71403e-15 -9.88291e-15 0)
(8.37844e-15 -9.49933e-15 0)
(9.01372e-15 -9.03436e-15 0)
(9.61438e-15 -8.49515e-15 0)
(1.01755e-14 -7.8886e-15 0)
(1.06927e-14 -7.22137e-15 0)
(1.1162e-14 -6.50006e-15 0)
(1.15799e-14 -5.73109e-15 0)
(1.19434e-14 -4.92079e-15 0)
(1.22499e-14 -4.0754e-15 0)
(1.24972e-14 -3.2011e-15 0)
(1.26838e-14 -2.30405e-15 0)
(1.28086e-14 -1.39046e-15 0)
(1.28711e-14 -4.668e-16 0)
(1.2871e-14 4.60256e-16 0)
(1.28083e-14 1.38401e-15 0)
(1.26833e-14 2.29775e-15 0)
(1.24966e-14 3.19498e-15 0)
(1.22491e-14 4.06952e-15 0)
(1.19424e-14 4.9152e-15 0)
(1.15788e-14 5.72585e-15 0)
(1.11607e-14 6.49523e-15 0)
(1.06913e-14 7.21701e-15 0)
(1.0174e-14 7.88473e-15 0)
(9.61279e-15 8.49185e-15 0)
(9.01208e-15 9.03167e-15 0)
(8.37678e-15 9.49729e-15 0)
(7.71236e-15 9.88157e-15 0)
(7.02481e-15 1.0177e-14 0)
(6.32079e-15 1.03758e-14 0)
(5.60757e-15 1.04697e-14 0)
(4.89314e-15 1.04495e-14 0)
(4.1862e-15 1.03053e-14 0)
(3.49642e-15 1.00265e-14 0)
(2.83459e-15 9.60087e-15 0)
(2.21168e-15 9.01495e-15 0)
(1.63913e-15 8.25314e-15 0)
(1.1317e-15 7.29754e-15 0)
(7.01833e-16 6.12902e-15 0)
(3.58278e-16 4.72451e-15 0)
(1.30851e-16 3.05822e-15 0)
(1.23623e-18 1.14572e-15 0)
(9.83732e-19 -1.20062e-15 0)
(1.06325e-16 -3.21923e-15 0)
(2.90627e-16 -4.98175e-15 0)
(5.69278e-16 -6.47357e-15 0)
(9.20274e-16 -7.71866e-15 0)
(1.33424e-15 -8.73856e-15 0)
(1.8016e-15 -9.55363e-15 0)
(2.31153e-15 -1.01816e-14 0)
(2.85399e-15 -1.06386e-14 0)
(3.41955e-15 -1.09389e-14 0)
(3.99974e-15 -1.10954e-14 0)
(4.58649e-15 -1.11194e-14 0)
(5.17246e-15 -1.10217e-14 0)
(5.75101e-15 -1.08121e-14 0)
(6.31619e-15 -1.04993e-14 0)
(6.86242e-15 -1.00919e-14 0)
(7.38469e-15 -9.59787e-15 0)
(7.87851e-15 -9.02485e-15 0)
(8.33984e-15 -8.3802e-15 0)
(8.76501e-15 -7.67108e-15 0)
(9.15074e-15 -6.90448e-15 0)
(9.49424e-15 -6.08725e-15 0)
(9.79298e-15 -5.22611e-15 0)
(1.00448e-14 -4.32778e-15 0)
(1.02481e-14 -3.39886e-15 0)
(1.04014e-14 -2.44596e-15 0)
(1.0504e-14 -1.47576e-15 0)
(1.05554e-14 -4.95096e-16 0)
(1.05552e-14 4.89082e-16 0)
(1.05035e-14 1.46979e-15 0)
(1.04005e-14 2.44009e-15 0)
(1.02468e-14 3.39318e-15 0)
(1.00432e-14 4.32232e-15 0)
(9.79097e-15 5.22093e-15 0)
(9.49193e-15 6.08239e-15 0)
(9.14816e-15 6.9e-15 0)
(8.76214e-15 7.66703e-15 0)
(8.33675e-15 8.37664e-15 0)
(7.87525e-15 9.02183e-15 0)
(7.38128e-15 9.59544e-15 0)
(6.85891e-15 1.00901e-14 0)
(6.31262e-15 1.04982e-14 0)
(5.74744e-15 1.08116e-14 0)
(5.16894e-15 1.1022e-14 0)
(4.58309e-15 1.11205e-14 0)
(3.99646e-15 1.10972e-14 0)
(3.41644e-15 1.09415e-14 0)
(2.85126e-15 1.0642e-14 0)
(2.30907e-15 1.01857e-14 0)
(1.79935e-15 9.5581e-15 0)
(1.33283e-15 8.74351e-15 0)
(9.19319e-16 7.72399e-15 0)
(5.67972e-16 6.47829e-15 0)
(2.90331e-16 4.98529e-15 0)
(1.06623e-16 3.22161e-15 0)
(8.61388e-19 1.20228e-15 0)
(7.55478e-19 -1.2457e-15 0)
(8.21537e-17 -3.34875e-15 0)
(2.247e-16 -5.18968e-15 0)
(4.40317e-16 -6.75191e-15 0)
(7.12329e-16 -8.05839e-15 0)
(1.03367e-15 -9.13034e-15 0)
(1.39682e-15 -9.98804e-15 0)
(1.79358e-15 -1.06497e-14 0)
(2.21596e-15 -1.11317e-14 0)
(2.65658e-15 -1.14489e-14 0)
(3.10917e-15 -1.16152e-14 0)
(3.5668e-15 -1.16419e-14 0)
(4.02406e-15 -1.15404e-14 0)
(4.47568e-15 -1.13217e-14 0)
(4.91708e-15 -1.09946e-14 0)
(5.34364e-15 -1.05681e-14 0)
(5.75148e-15 -1.00507e-14 0)
(6.13712e-15 -9.45046e-15 0)
(6.49736e-15 -8.77517e-15 0)
(6.82935e-15 -8.03239e-15 0)
(7.13055e-15 -7.22935e-15 0)
(7.3987e-15 -6.37332e-15 0)
(7.63189e-15 -5.47136e-15 0)
(7.82847e-15 -4.5305e-15 0)
(7.98713e-15 -3.55768e-15 0)
(8.10685e-15 -2.55993e-15 0)
(8.18693e-15 -1.54424e-15 0)
(8.22691e-15 -5.17751e-16 0)
(8.22663e-15 5.12385e-16 0)
(8.18608e-15 1.53892e-15 0)
(8.10549e-15 2.5547e-15 0)
(7.98527e-15 3.5526e-15 0)
(7.82611e-15 4.5256e-15 0)
(7.62904e-15 5.46672e-15 0)
(7.3954e-15 6.36898e-15 0)
(7.12683e-15 7.22538e-15 0)
(6.82528e-15 8.02878e-15 0)
(6.49298e-15 8.77203e-15 0)
(6.13247e-15 9.44779e-15 0)
(5.74662e-15 1.00485e-14 0)
(5.33862e-15 1.05665e-14 0)
(4.91198e-15 1.09936e-14 0)
(4.47059e-15 1.13214e-14 0)
(4.01902e-15 1.15408e-14 0)
(3.56184e-15 1.1643e-14 0)
(3.10449e-15 1.1617e-14 0)
(2.65227e-15 1.14514e-14 0)
(2.21186e-15 1.11348e-14 0)
(1.78996e-15 1.06534e-14 0)
(1.39404e-15 9.99236e-15 0)
(1.0313e-15 9.1348e-15 0)
(7.10283e-16 8.06266e-15 0)
(4.39431e-16 6.75621e-15 0)
(2.24289e-16 5.19336e-15 0)
(8.17802e-17 3.35037e-15 0)
(7.31603e-19 1.24723e-15 0)
(5.06252e-19 -1.27933e-15 0)
(5.85454e-17 -3.44537e-15 0)
(1.60031e-16 -5.34501e-15 0)
(3.13695e-16 -6.96004e-15 0)
(5.07773e-16 -8.31257e-15 0)
(7.37142e-16 -9.42381e-15 0)
(9.96541e-16 -1.03139e-14 0)
(1.2802e-15 -1.10011e-14 0)
(1.58246e-15 -1.15023e-14 0)
(1.89766e-15 -1.18326e-14 0)
(2.22223e-15 -1.20064e-14 0)
(2.54926e-15 -1.20351e-14 0)
(2.87746e-15 -1.19311e-14 0)
(3.20081e-15 -1.17054e-14 0)
(3.51722e-15 -1.13675e-14 0)
(3.82293e-15 -1.09265e-14 0)
(4.1152e-15 -1.03915e-14 0)
(4.39157e-15 -9.77084e-15 0)
(4.64971e-15 -9.07251e-15 0)
(4.88759e-15 -8.30431e-15 0)
(5.10338e-15 -7.47387e-15 0)
(5.29549e-15 -6.5886e-15 0)
(5.46253e-15 -5.65589e-15 0)
(5.60334e-15 -4.68298e-15 0)
(5.71695e-15 -3.67715e-15 0)
(5.80264e-15 -2.64563e-15 0)
(5.85992e-15 -1.59571e-15 0)
(5.88846e-15 -5.34678e-16 0)
(5.88814e-15 5.30056e-16 0)
(5.85892e-15 1.59112e-15 0)
(5.80097e-15 2.64115e-15 0)
(5.71461e-15 3.6728e-15 0)
(5.60038e-15 4.67881e-15 0)
(5.459e-15 5.65193e-15 0)
(5.29142e-15 6.58491e-15 0)
(5.0988e-15 7.47047e-15 0)
(4.88254e-15 8.30127e-15 0)
(4.64427e-15 9.06984e-15 0)
(4.38579e-15 9.76859e-15 0)
(4.10916e-15 1.03897e-14 0)
(3.81671e-15 1.09252e-14 0)
(3.5109e-15 1.13667e-14 0)
(3.19446e-15 1.17052e-14 0)
(2.8712e-15 1.19314e-14 0)
(2.54317e-15 1.20361e-14 0)
(2.21643e-15 1.2008e-14 0)
(1.89218e-15 1.18347e-14 0)
(1.57756e-15 1.1505e-14 0)
(1.276e-15 1.10044e-14 0)
(9.92677e-16 1.03174e-14 0)
(7.34042e-16 9.42767e-15 0)
(5.05966e-16 8.31668e-15 0)
(3.12296e-16 6.96347e-15 0)
(1.59028e-16 5.34762e-15 0)
(5.83323e-17 3.44705e-15 0)
(3.87537e-19 1.28053e-15 0)
(2.86877e-19 -1.30173e-15 0)
(3.5237e-17 -3.50958e-15 0)
(9.62977e-17 -5.44842e-15 0)
(1.88697e-16 -7.09856e-15 0)
(3.05424e-16 -8.482e-15 0)
(4.43331e-16 -9.61953e-15 0)
(5.99328e-16 -1.05313e-14 0)
(7.70028e-16 -1.12358e-14 0)
(9.51791e-16 -1.17498e-14 0)
(1.14127e-15 -1.20888e-14 0)
(1.34031e-15 -1.22659e-14 0)
(1.5309e-15 -1.22952e-14 0)
(1.73256e-15 -1.2192e-14 0)
(1.92671e-15 -1.19619e-14 0)
(2.11704e-15 -1.16167e-14 0)
(2.30095e-15 -1.11661e-14 0)
(2.47673e-15 -1.06194e-14 0)
(2.643e-15 -9.98498e-15 0)
(2.79832e-15 -9.27124e-15 0)
(2.94142e-15 -8.48606e-15 0)
(3.07121e-15 -7.63725e-15 0)
(3.18675e-15 -6.73243e-15 0)
(3.28716e-15 -5.77914e-15 0)
(3.37177e-15 -4.78482e-15 0)
(3.44001e-15 -3.75692e-15 0)
(3.49145e-15 -2.70281e-15 0)
(3.52578e-15 -1.62996e-15 0)
(3.54279e-15 -5.45824e-16 0)
(3.54238e-15 5.42074e-16 0)
(3.5246e-15 1.62623e-15 0)
(3.48953e-15 2.69914e-15 0)
(3.43736e-15 3.75336e-15 0)
(3.36841e-15 4.78142e-15 0)
(3.28311e-15 5.77591e-15 0)
(3.18205e-15 6.72943e-15 0)
(3.06595e-15 7.63447e-15 0)
(2.93564e-15 8.48358e-15 0)
(2.79207e-15 9.26907e-15 0)
(2.63637e-15 9.98317e-15 0)
(2.46981e-15 1.06179e-14 0)
(2.29382e-15 1.11651e-14 0)
(2.10979e-15 1.16161e-14 0)
(1.91944e-15 1.19618e-14 0)
(1.72539e-15 1.21923e-14 0)
(1.52387e-15 1.2296e-14 0)
(1.33368e-15 1.22672e-14 0)
(1.13511e-15 1.20906e-14 0)
(9.46163e-16 1.17521e-14 0)
(7.64897e-16 1.12384e-14 0)
(5.95281e-16 1.05343e-14 0)
(4.40327e-16 9.6227e-15 0)
(3.02505e-16 8.48488e-15 0)
(1.86821e-16 7.10147e-15 0)
(9.58548e-17 5.45089e-15 0)
(3.48821e-17 3.51058e-15 0)
(3.18504e-19 1.30276e-15 0)
(1.58262e-19 -1.31301e-15 0)
(1.21459e-17 -3.54189e-15 0)
(3.3092e-17 -5.50039e-15 0)
(6.46223e-17 -7.16823e-15 0)
(1.04358e-16 -8.56714e-15 0)
(1.51166e-16 -9.71783e-15 0)
(2.03939e-16 -1.06404e-14 0)
(2.61667e-16 -1.13533e-14 0)
(3.2282e-16 -1.18739e-14 0)
(3.85072e-16 -1.22176e-14 0)
(4.52523e-16 -1.23985e-14 0)
(5.18098e-16 -1.24315e-14 0)
(5.90955e-16 -1.23238e-14 0)
(6.52668e-16 -1.20902e-14 0)
(7.16149e-16 -1.17411e-14 0)
(7.77827e-16 -1.1286e-14 0)
(8.36708e-16 -1.07335e-14 0)
(8.92426e-16 -1.00923e-14 0)
(9.44473e-16 -9.37081e-15 0)
(9.92407e-16 -8.57711e-15 0)
(1.03584e-15 -7.71907e-15 0)
(1.07444e-15 -6.80445e-15 0)
(1.10797e-15 -5.84081e-15 0)
(1.13616e-15 -4.83573e-15 0)
(1.15885e-15 -3.79671e-15 0)
(1.17587e-15 -2.73127e-15 0)
(1.18711e-15 -1.64691e-15 0)
(1.19254e-15 -5.51195e-16 0)
(1.19212e-15 5.48337e-16 0)
(1.18584e-15 1.6441e-15 0)
(1.17376e-15 2.72852e-15 0)
(1.15594e-15 3.79403e-15 0)
(1.13248e-15 4.83315e-15 0)
(1.10356e-15 5.83836e-15 0)
(1.06935e-15 6.80216e-15 0)
(1.0301e-15 7.717e-15 0)
(9.86112e-16 8.57524e-15 0)
(9.37679e-16 9.36918e-15 0)
(8.85222e-16 1.00909e-14 0)
(8.2918e-16 1.07324e-14 0)
(7.70062e-16 1.12853e-14 0)
(7.08268e-16 1.17407e-14 0)
(6.44779e-16 1.20901e-14 0)
(5.83175e-16 1.23241e-14 0)
(5.10533e-16 1.24321e-14 0)
(4.45345e-16 1.23995e-14 0)
(3.78288e-16 1.22189e-14 0)
(3.16699e-16 1.18755e-14 0)
(2.56489e-16 1.13553e-14 0)
(1.99308e-16 1.06425e-14 0)
(1.47079e-16 9.72007e-15 0)
(1.01997e-16 8.56954e-15 0)
(6.32599e-17 7.17024e-15 0)
(3.15669e-17 5.50176e-15 0)
(1.15215e-17 3.54283e-15 0)
(2.11959e-20 1.31375e-15 0)
(-7.69359e-20 -1.31329e-15 0)
(-1.08219e-17 -3.54238e-15 0)
(-2.99332e-17 -5.50119e-15 0)
(-5.92016e-17 -7.16924e-15 0)
(-9.62794e-17 -8.56821e-15 0)
(-1.40418e-16 -9.71894e-15 0)
(-1.906e-16 -1.06415e-14 0)
(-2.45621e-16 -1.13544e-14 0)
(-3.04308e-16 -1.18749e-14 0)
(-3.64321e-16 -1.22185e-14 0)
(-4.29499e-16 -1.23994e-14 0)
(-4.93131e-16 -1.24323e-14 0)
(-5.64134e-16 -1.23246e-14 0)
(-6.24191e-16 -1.20908e-14 0)
(-6.8622e-16 -1.17417e-14 0)
(-7.46633e-16 -1.12865e-14 0)
(-8.04429e-16 -1.07339e-14 0)
(-8.59241e-16 -1.00926e-14 0)
(-9.10564e-16 -9.37104e-15 0)
(-9.57943e-16 -8.57725e-15 0)
(-1.00101e-15 -7.71914e-15 0)
(-1.0394e-15 -6.8044e-15 0)
(-1.07287e-15 -5.84069e-15 0)
(-1.10118e-15 -4.83554e-15 0)
(-1.12413e-15 -3.79646e-15 0)
(-1.14157e-15 -2.73095e-15 0)
(-1.15341e-15 -1.64654e-15 0)
(-1.15958e-15 -5.50737e-16 0)
(-1.16002e-15 5.4884e-16 0)
(-1.15474e-15 1.64464e-15 0)
(-1.14378e-15 2.7291e-15 0)
(-1.12717e-15 3.79468e-15 0)
(-1.10503e-15 4.83383e-15 0)
(-1.07749e-15 5.8391e-15 0)
(-1.04472e-15 6.80289e-15 0)
(-1.00699e-15 7.71776e-15 0)
(-9.64536e-16 8.576e-15 0)
(-9.17669e-16 9.36996e-15 0)
(-8.66779e-16 1.00917e-14 0)
(-8.12301e-16 1.07332e-14 0)
(-7.54742e-16 1.1286e-14 0)
(-6.94471e-16 1.17414e-14 0)
(-6.32441e-16 1.20907e-14 0)
(-5.72275e-16 1.23247e-14 0)
(-5.01019e-16 1.24327e-14 0)
(-4.37041e-16 1.24e-14 0)
(-3.71227e-16 1.22193e-14 0)
(-3.10683e-16 1.18759e-14 0)
(-2.51514e-16 1.13556e-14 0)
(-1.95281e-16 1.06429e-14 0)
(-1.43709e-16 9.72031e-15 0)
(-9.96135e-17 8.56942e-15 0)
(-6.17678e-17 7.1705e-15 0)
(-3.04296e-17 5.50222e-15 0)
(-1.11703e-17 3.54263e-15 0)
(-9.69395e-20 1.31384e-15 0)
(-2.94769e-19 -1.30253e-15 0)
(-3.38688e-17 -3.51109e-15 0)
(-9.32445e-17 -5.45077e-15 0)
(-1.83391e-16 -7.10147e-15 0)
(-2.97516e-16 -8.4852e-15 0)
(-4.32884e-16 -9.62283e-15 0)
(-5.86371e-16 -1.05346e-14 0)
(-7.54472e-16 -1.12389e-14 0)
(-9.33851e-16 -1.17528e-14 0)
(-1.12109e-15 -1.20916e-14 0)
(-1.318e-15 -1.22685e-14 0)
(-1.50661e-15 -1.22975e-14 0)
(-1.7066e-15 -1.21941e-14 0)
(-1.89917e-15 -1.19638e-14 0)
(-2.0881e-15 -1.16183e-14 0)
(-2.2708e-15 -1.11675e-14 0)
(-2.44553e-15 -1.06204e-14 0)
(-2.61092e-15 -9.98585e-15 0)
(-2.76554e-15 -9.27185e-15 0)
(-2.90811e-15 -8.48644e-15 0)
(-3.03752e-15 -7.63738e-15 0)
(-3.15284e-15 -6.73234e-15 0)
(-3.25323e-15 -5.77882e-15 0)
(-3.33795e-15 -4.78428e-15 0)
(-3.40646e-15 -3.75615e-15 0)
(-3.45831e-15 -2.70184e-15 0)
(-3.49318e-15 -1.62881e-15 0)
(-3.5109e-15 -5.44512e-16 0)
(-3.51136e-15 5.43563e-16 0)
(-3.49454e-15 1.62788e-15 0)
(-3.46052e-15 2.70094e-15 0)
(-3.40951e-15 3.75528e-15 0)
(-3.34182e-15 4.78344e-15 0)
(-3.25788e-15 5.77802e-15 0)
(-3.15824e-15 6.7316e-15 0)
(-3.04359e-15 7.63671e-15 0)
(-2.91476e-15 8.48583e-15 0)
(-2.77271e-15 9.27132e-15 0)
(-2.61855e-15 9.98539e-15 0)
(-2.4535e-15 1.06201e-14 0)
(-2.27899e-15 1.11672e-14 0)
(-2.09644e-15 1.16181e-14 0)
(-1.90752e-15 1.19637e-14 0)
(-1.71483e-15 1.21941e-14 0)
(-1.51456e-15 1.22976e-14 0)
(-1.32563e-15 1.22687e-14 0)
(-1.1283e-15 1.20919e-14 0)
(-9.40358e-16 1.17532e-14 0)
(-7.59927e-16 1.12393e-14 0)
(-5.91358e-16 1.0535e-14 0)
(-4.37495e-16 9.62336e-15 0)
(-3.001e-16 8.48578e-15 0)
(-1.84727e-16 7.1017e-15 0)
(-9.51291e-17 5.45092e-15 0)
(-3.49087e-17 3.51101e-15 0)
(-3.40433e-19 1.30284e-15 0)
(-4.26751e-19 -1.28067e-15 0)
(-5.72325e-17 -3.44772e-15 0)
(-1.57026e-16 -5.34885e-15 0)
(-3.0868e-16 -6.96468e-15 0)
(-5.00318e-16 -8.31774e-15 0)
(-7.27246e-16 -9.42914e-15 0)
(-9.84361e-16 -1.03192e-14 0)
(-1.26563e-15 -1.10062e-14 0)
(-1.56569e-15 -1.1507e-14 0)
(-1.87884e-15 -1.18371e-14 0)
(-2.20145e-15 -1.20105e-14 0)
(-2.52671e-15 -1.20389e-14 0)
(-2.85331e-15 -1.19344e-14 0)
(-3.17518e-15 -1.17084e-14 0)
(-3.49031e-15 -1.137e-14 0)
(-3.79489e-15 -1.09287e-14 0)
(-4.08617e-15 -1.03933e-14 0)
(-4.36172e-15 -9.77223e-15 0)
(-4.6192e-15 -9.07349e-15 0)
(-4.85658e-15 -8.30493e-15 0)
(-5.07203e-15 -7.47406e-15 0)
(-5.26395e-15 -6.58846e-15 0)
(-5.43092e-15 -5.65534e-15 0)
(-5.57181e-15 -4.68212e-15 0)
(-5.68567e-15 -3.67591e-15 0)
(-5.77176e-15 -2.6441e-15 0)
(-5.82957e-15 -1.5938e-15 0)
(-5.85876e-15 -5.3253e-16 0)
(-5.85918e-15 5.32533e-16 0)
(-5.83086e-15 1.59381e-15 0)
(-5.77392e-15 2.64411e-15 0)
(-5.68868e-15 3.6759e-15 0)
(-5.57563e-15 4.68213e-15 0)
(-5.43548e-15 5.65533e-15 0)
(-5.2692e-15 6.58848e-15 0)
(-5.07794e-15 7.47406e-15 0)
(-4.86308e-15 8.30495e-15 0)
(-4.62622e-15 9.07347e-15 0)
(-4.36916e-15 9.77224e-15 0)
(-4.09396e-15 1.03933e-14 0)
(-3.80291e-15 1.09287e-14 0)
(-3.49847e-15 1.137e-14 0)
(-3.18336e-15 1.17083e-14 0)
(-2.86138e-15 1.19343e-14 0)
(-2.53459e-15 1.20388e-14 0)
(-2.20898e-15 1.20104e-14 0)
(-1.88573e-15 1.18369e-14 0)
(-1.57211e-15 1.15067e-14 0)
(-1.27171e-15 1.10059e-14 0)
(-9.89068e-16 1.03189e-14 0)
(-7.30484e-16 9.42863e-15 0)
(-5.0401e-16 8.31716e-15 0)
(-3.11618e-16 6.96435e-15 0)
(-1.57541e-16 5.34844e-15 0)
(-5.77265e-17 3.44704e-15 0)
(-4.58498e-19 1.28079e-15 0)
(-7.10091e-19 -1.24753e-15 0)
(-8.09287e-17 -3.35196e-15 0)
(-2.21961e-16 -5.19483e-15 0)
(-4.35668e-16 -6.75823e-15 0)
(-7.0557e-16 -8.06526e-15 0)
(-1.02476e-15 -9.13744e-15 0)
(-1.38589e-15 -9.99512e-15 0)
(-1.78047e-15 -1.06565e-14 0)
(-2.20097e-15 -1.11382e-14 0)
(-2.63988e-15 -1.14549e-14 0)
(-3.09068e-15 -1.16208e-14 0)
(-3.54675e-15 -1.1647e-14 0)
(-4.00264e-15 -1.1545e-14 0)
(-4.45295e-15 -1.13257e-14 0)
(-4.89319e-15 -1.09981e-14 0)
(-5.31873e-15 -1.0571e-14 0)
(-5.72572e-15 -1.00531e-14 0)
(-6.11062e-15 -9.4523e-15 0)
(-6.47026e-15 -8.77657e-15 0)
(-6.80178e-15 -8.03316e-15 0)
(-7.10266e-15 -7.22971e-15 0)
(-7.37063e-15 -6.37307e-15 0)
(-7.60377e-15 -5.47069e-15 0)
(-7.80045e-15 -4.52925e-15 0)
(-7.95932e-15 -3.55606e-15 0)
(-8.07934e-15 -2.55777e-15 0)
(-8.15986e-15 -1.54176e-15 0)
(-8.20043e-15 -5.1476e-16 0)
(-8.20085e-15 5.15637e-16 0)
(-8.1611e-15 1.54263e-15 0)
(-8.08139e-15 2.55862e-15 0)
(-7.96212e-15 3.55691e-15 0)
(-7.80401e-15 4.53007e-15 0)
(-7.60806e-15 5.4715e-15 0)
(-7.37559e-15 6.37381e-15 0)
(-7.10824e-15 7.23039e-15 0)
(-6.80792e-15 8.03376e-15 0)
(-6.47688e-15 8.77709e-15 0)
(-6.11764e-15 9.4527e-15 0)
(-5.73307e-15 1.00534e-14 0)
(-5.32633e-15 1.05711e-14 0)
(-4.90092e-15 1.09981e-14 0)
(-4.4607e-15 1.13255e-14 0)
(-4.01033e-15 1.15447e-14 0)
(-3.55419e-15 1.16466e-14 0)
(-3.0978e-15 1.16202e-14 0)
(-2.64677e-15 1.14541e-14 0)
(-2.20715e-15 1.11373e-14 0)
(-1.78551e-15 1.06555e-14 0)
(-1.39088e-15 9.99374e-15 0)
(-1.0296e-15 9.13627e-15 0)
(-7.07971e-16 8.06418e-15 0)
(-4.36901e-16 6.7568e-15 0)
(-2.24235e-16 5.19347e-15 0)
(-8.21817e-17 3.35103e-15 0)
(-8.1587e-19 1.24739e-15 0)
(-8.5959e-19 -1.2029e-15 0)
(-1.05254e-16 -3.22315e-15 0)
(-2.88147e-16 -4.9879e-15 0)
(-5.65222e-16 -6.48119e-15 0)
(-9.14389e-16 -7.72697e-15 0)
(-1.32668e-15 -8.74709e-15 0)
(-1.79242e-15 -9.56201e-15 0)
(-2.3006e-15 -1.01898e-14 0)
(-2.84144e-15 -1.06463e-14 0)
(-3.40559e-15 -1.09461e-14 0)
(-3.98439e-15 -1.1102e-14 0)
(-4.56987e-15 -1.11254e-14 0)
(-5.15465e-15 -1.10271e-14 0)
(-5.73213e-15 -1.08168e-14 0)
(-6.29633e-15 -1.05034e-14 0)
(-6.84173e-15 -1.00954e-14 0)
(-7.36325e-15 -9.6007e-15 0)
(-7.85646e-15 -9.02702e-15 0)
(-8.31726e-15 -8.38175e-15 0)
(-8.74203e-15 -7.67198e-15 0)
(-9.1275e-15 -6.90479e-15 0)
(-9.47082e-15 -6.08689e-15 0)
(-9.76948e-15 -5.22523e-15 0)
(-1.00214e-14 -4.32624e-15 0)
(-1.02248e-14 -3.3968e-15 0)
(-1.03785e-14 -2.44328e-15 0)
(-1.04814e-14 -1.47265e-15 0)
(-1.05332e-14 -4.91425e-16 0)
(-1.05336e-14 4.93121e-16 0)
(-1.04825e-14 1.47435e-15 0)
(-1.03803e-14 2.44494e-15 0)
(-1.02273e-14 3.39845e-15 0)
(-1.00246e-14 4.32778e-15 0)
(-9.77335e-15 5.22673e-15 0)
(-9.4753e-15 6.08825e-15 0)
(-9.13254e-15 6.90611e-15 0)
(-8.74758e-15 7.67307e-15 0)
(-8.32326e-15 8.38277e-15 0)
(-7.86283e-15 9.02776e-15 0)
(-7.36992e-15 9.60135e-15 0)
(-6.84861e-15 1.00957e-14 0)
(-6.30337e-15 1.05036e-14 0)
(-5.73919e-15 1.08166e-14 0)
(-5.16161e-15 1.10267e-14 0)
(-4.57675e-15 1.11247e-14 0)
(-3.99104e-15 1.11011e-14 0)
(-3.41159e-15 1.09449e-14 0)
(-2.84706e-15 1.06449e-14 0)
(-2.30641e-15 1.01878e-14 0)
(-1.7967e-15 9.56039e-15 0)
(-1.32926e-15 8.74512e-15 0)
(-9.18254e-16 7.72444e-15 0)
(-5.68613e-16 6.47921e-15 0)
(-2.88535e-16 4.98633e-15 0)
(-1.05697e-16 3.22135e-15 0)
(-9.44704e-19 1.2026e-15 0)
(-1.14632e-18 -1.14647e-15 0)
(-1.30298e-16 -3.06041e-15 0)
(-3.56413e-16 -4.7271e-15 0)
(-6.98097e-16 -6.13237e-15 0)
(-1.12789e-15 -7.30177e-15 0)
(-1.63429e-15 -8.25745e-15 0)
(-2.20536e-15 -9.01948e-15 0)
(-2.82739e-15 -9.60583e-15 0)
(-3.48844e-15 -1.00317e-14 0)
(-4.17722e-15 -1.03108e-14 0)
(-4.88317e-15 -1.0455e-14 0)
(-5.59679e-15 -1.04755e-14 0)
(-6.30919e-15 -1.03816e-14 0)
(-7.01242e-15 -1.0183e-14 0)
(-7.69925e-15 -9.88741e-15 0)
(-8.36301e-15 -9.5033e-15 0)
(-8.99769e-15 -9.03741e-15 0)
(-9.59786e-15 -8.49772e-15 0)
(-1.01586e-14 -7.89016e-15 0)
(-1.06754e-14 -7.22253e-15 0)
(-1.11445e-14 -6.50018e-15 0)
(-1.15623e-14 -5.73087e-15 0)
(-1.19257e-14 -4.91952e-15 0)
(-1.22322e-14 -4.07385e-15 0)
(-1.24796e-14 -3.19851e-15 0)
(-1.26664e-14 -2.30125e-15 0)
(-1.27915e-14 -1.3866e-15 0)
(-1.28543e-14 -4.62833e-16 0)
(-1.28546e-14 4.65228e-16 0)
(-1.27924e-14 1.38894e-15 0)
(-1.26679e-14 2.30358e-15 0)
(-1.24818e-14 3.20071e-15 0)
(-1.22349e-14 4.07606e-15 0)
(-1.1929e-14 4.92151e-15 0)
(-1.15661e-14 5.73287e-15 0)
(-1.11488e-14 6.50185e-15 0)
(-1.06802e-14 7.22417e-15 0)
(-1.01637e-14 7.89142e-15 0)
(-9.60331e-15 8.49893e-15 0)
(-9.00342e-15 9.03813e-15 0)
(-8.36893e-15 9.50396e-15 0)
(-7.70528e-15 9.88752e-15 0)
(-7.01851e-15 1.0183e-14 0)
(-6.31529e-15 1.0381e-14 0)
(-5.60273e-15 1.04748e-14 0)
(-4.88877e-15 1.04538e-14 0)
(-4.18279e-15 1.03093e-14 0)
(-3.49376e-15 1.00296e-14 0)
(-2.83129e-15 9.60392e-15 0)
(-2.20937e-15 9.01687e-15 0)
(-1.6394e-15 8.25434e-15 0)
(-1.13009e-15 7.29946e-15 0)
(-6.98619e-16 6.1297e-15 0)
(-3.59162e-16 4.72426e-15 0)
(-1.31982e-16 3.05882e-15 0)
(-1.27638e-18 1.14582e-15 0)
(-1.40266e-18 -1.07769e-15 0)
(-1.56574e-16 -2.86296e-15 0)
(-4.27129e-16 -4.4105e-15 0)
(-8.3525e-16 -5.71038e-15 0)
(-1.34754e-15 -6.78834e-15 0)
(-1.94916e-15 -7.66729e-15 0)
(-2.6261e-15 -8.36713e-15 0)
(-3.36216e-15 -8.9047e-15 0)
(-4.14301e-15 -9.29476e-15 0)
(-4.9555e-15 -9.54972e-15 0)
(-5.78748e-15 -9.68096e-15 0)
(-6.62775e-15 -9.69805e-15 0)
(-7.46618e-15 -9.61026e-15 0)
(-8.29338e-15 -9.42552e-15 0)
(-9.10111e-15 -9.15183e-15 0)
(-9.88152e-15 -8.7959e-15 0)
(-1.06277e-14 -8.36504e-15 0)
(-1.13332e-14 -7.86528e-15 0)
(-1.19924e-14 -7.30354e-15 0)
(-1.26e-14 -6.68536e-15 0)
(-1.31515e-14 -6.01749e-15 0)
(-1.36427e-14 -5.30518e-15 0)
(-1.407e-14 -4.55496e-15 0)
(-1.44304e-14 -3.77196e-15 0)
(-1.47212e-14 -2.96241e-15 0)
(-1.49406e-14 -2.13124e-15 0)
(-1.50874e-14 -1.28472e-15 0)
(-1.5161e-14 -4.28261e-16 0)
(-1.51613e-14 4.31135e-16 0)
(-1.50881e-14 1.28758e-15 0)
(-1.49418e-14 2.1341e-15 0)
(-1.47229e-14 2.96519e-15 0)
(-1.44325e-14 3.77467e-15 0)
(-1.40725e-14 4.55752e-15 0)
(-1.36456e-14 5.30759e-15 0)
(-1.31548e-14 6.01962e-15 0)
(-1.26037e-14 6.68737e-15 0)
(-1.19964e-14 7.30516e-15 0)
(-1.13375e-14 7.86668e-15 0)
(-1.06322e-14 8.36603e-15 0)
(-9.88615e-15 8.79661e-15 0)
(-9.10587e-15 9.15206e-15 0)
(-8.29818e-15 9.42543e-15 0)
(-7.47093e-15 9.60969e-15 0)
(-6.63244e-15 9.69713e-15 0)
(-5.79222e-15 9.67944e-15 0)
(-4.95985e-15 9.54789e-15 0)
(-4.1468e-15 9.29258e-15 0)
(-3.36657e-15 8.90196e-15 0)
(-2.6301e-15 8.3638e-15 0)
(-1.95047e-15 7.66465e-15 0)
(-1.35056e-15 6.78463e-15 0)
(-8.39392e-16 5.70684e-15 0)
(-4.27291e-16 4.4079e-15 0)
(-1.56814e-16 2.86058e-15 0)
(-1.47244e-18 1.07698e-15 0)
(-1.64595e-18 -9.96177e-16 0)
(-1.83985e-16 -2.62908e-15 0)
(-5.01259e-16 -4.03675e-15 0)
(-9.78224e-16 -5.21325e-15 0)
(-1.57435e-15 -6.18524e-15 0)
(-2.27284e-15 -6.97582e-15 0)
(-3.05624e-15 -7.60447e-15 0)
(-3.90605e-15 -8.08668e-15 0)
(-4.80597e-15 -8.43625e-15 0)
(-5.74108e-15 -8.66429e-15 0)
(-6.69742e-15 -8.7811e-15 0)
(-7.66256e-15 -8.79498e-15 0)
(-8.62499e-15 -8.7146e-15 0)
(-9.5743e-15 -8.54641e-15 0)
(-1.05008e-14 -8.29823e-15 0)
(-1.1396e-14 -7.97523e-15 0)
(-1.22517e-14 -7.58498e-15 0)
(-1.30609e-14 -7.13165e-15 0)
(-1.38168e-14 -6.62292e-15 0)
(-1.45137e-14 -6.06219e-15 0)
(-1.51463e-14 -5.45736e-15 0)
(-1.57098e-14 -4.81118e-15 0)
(-1.62001e-14 -4.13192e-15 0)
(-1.66136e-14 -3.42159e-15 0)
(-1.69472e-14 -2.68861e-15 0)
(-1.71987e-14 -1.93413e-15 0)
(-1.73667e-14 -1.16679e-15 0)
(-1.74509e-14 -3.88189e-16 0)
(-1.7451e-14 3.91415e-16 0)
(-1.73671e-14 1.17008e-15 0)
(-1.71994e-14 1.93721e-15 0)
(-1.69482e-14 2.6918e-15 0)
(-1.66149e-14 3.42436e-15 0)
(-1.62017e-14 4.13486e-15 0)
(-1.57117e-14 4.81354e-15 0)
(-1.51484e-14 5.46001e-15 0)
(-1.45161e-14 6.06401e-15 0)
(-1.38194e-14 6.62502e-15 0)
(-1.30636e-14 7.13287e-15 0)
(-1.22546e-14 7.58648e-15 0)
(-1.1399e-14 7.97567e-15 0)
(-1.0504e-14 8.29897e-15 0)
(-9.57744e-15 8.54601e-15 0)
(-8.6282e-15 8.71441e-15 0)
(-7.66583e-15 8.79362e-15 0)
(-6.70046e-15 8.77993e-15 0)
(-5.74408e-15 8.66208e-15 0)
(-4.80929e-15 8.43398e-15 0)
(-3.9086e-15 8.08342e-15 0)
(-3.05814e-15 7.60181e-15 0)
(-2.27693e-15 6.97183e-15 0)
(-1.57676e-15 6.18129e-15 0)
(-9.77733e-16 5.21022e-15 0)
(-5.0375e-16 4.03332e-15 0)
(-1.86021e-16 2.62643e-15 0)
(-1.69381e-18 9.95348e-16 0)
(-2.0218e-18 -9.01155e-16 0)
(-2.13616e-16 -2.35669e-15 0)
(-5.7987e-16 -3.6034e-15 0)
(-1.12816e-15 -4.6385e-15 0)
(-1.81057e-15 -5.49094e-15 0)
(-2.60688e-15 -6.18247e-15 0)
(-3.497e-15 -6.73144e-15 0)
(-4.46011e-15 -7.15266e-15 0)
(-5.47798e-15 -7.45743e-15 0)
(-6.53399e-15 -7.65635e-15 0)
(-7.61277e-15 -7.75734e-15 0)
(-8.70074e-15 -7.76884e-15 0)
(-9.78495e-15 -7.69671e-15 0)
(-1.0854e-14 -7.54843e-15 0)
(-1.18972e-14 -7.3285e-15 0)
(-1.29049e-14 -7.0441e-15 0)
(-1.38682e-14 -6.69872e-15 0)
(-1.47791e-14 -6.29958e-15 0)
(-1.563e-14 -5.84934e-15 0)
(-1.64147e-14 -5.35558e-15 0)
(-1.71269e-14 -4.82022e-15 0)
(-1.77617e-14 -4.2513e-15 0)
(-1.8314e-14 -3.65014e-15 0)
(-1.878e-14 -3.02499e-15 0)
(-1.91558e-14 -2.37652e-15 0)
(-1.94389e-14 -1.71225e-15 0)
(-1.96277e-14 -1.03189e-15 0)
(-1.97223e-14 -3.44603e-16 0)
(-1.97222e-14 3.47927e-16 0)
(-1.96279e-14 1.0351e-15 0)
(-1.94391e-14 1.71551e-15 0)
(-1.91562e-14 2.37954e-15 0)
(-1.87804e-14 3.02809e-15 0)
(-1.83145e-14 3.65282e-15 0)
(-1.77622e-14 4.25405e-15 0)
(-1.71277e-14 4.82241e-15 0)
(-1.64155e-14 5.35782e-15 0)
(-1.56309e-14 5.85106e-15 0)
(-1.47799e-14 6.30131e-15 0)
(-1.38692e-14 6.69971e-15 0)
(-1.2906e-14 7.04516e-15 0)
(-1.18983e-14 7.32874e-15 0)
(-1.08552e-14 7.54866e-15 0)
(-9.78617e-15 7.69605e-15 0)
(-8.702e-15 7.76813e-15 0)
(-7.61412e-15 7.75578e-15 0)
(-6.53546e-15 7.65449e-15 0)
(-5.4792e-15 7.45485e-15 0)
(-4.46175e-15 7.15012e-15 0)
(-3.49916e-15 6.72783e-15 0)
(-2.60761e-15 6.17865e-15 0)
(-1.81157e-15 5.4881e-15 0)
(-1.13163e-15 4.63417e-15 0)
(-5.80461e-16 3.60005e-15 0)
(-2.1337e-16 2.35445e-15 0)
(-2.37978e-18 9.00113e-16 0)
(-2.96127e-18 -7.91064e-16 0)
(-2.46021e-16 -2.04343e-15 0)
(-6.64888e-16 -3.10699e-15 0)
(-1.28777e-15 -3.98364e-15 0)
(-2.05846e-15 -4.70328e-15 0)
(-2.95304e-15 -5.28591e-15 0)
(-3.94984e-15 -5.74826e-15 0)
(-5.0251e-15 -6.10299e-15 0)
(-6.1592e-15 -6.35971e-15 0)
(-7.33402e-15 -6.52706e-15 0)
(-8.53314e-15 -6.61191e-15 0)
(-9.74132e-15 -6.62086e-15 0)
(-1.09451e-14 -6.55909e-15 0)
(-1.21314e-14 -6.43256e-15 0)
(-1.32891e-14 -6.24531e-15 0)
(-1.44071e-14 -6.00304e-15 0)
(-1.54761e-14 -5.70899e-15 0)
(-1.64866e-14 -5.36897e-15 0)
(-1.74311e-14 -4.98557e-15 0)
(-1.83018e-14 -4.56487e-15 0)
(-1.90925e-14 -4.1089e-15 0)
(-1.97971e-14 -3.62421e-15 0)
(-2.04107e-14 -3.11237e-15 0)
(-2.09285e-14 -2.58044e-15 0)
(-2.13465e-14 -2.02912e-15 0)
(-2.16606e-14 -1.46394e-15 0)
(-2.18699e-14 -8.83139e-16 0)
(-2.19744e-14 -2.94993e-16 0)
(-2.19744e-14 2.98254e-16 0)
(-2.18696e-14 8.86279e-16 0)
(-2.16602e-14 1.46718e-15 0)
(-2.13458e-14 2.032e-15 0)
(-2.09279e-14 2.58352e-15 0)
(-2.04099e-14 3.11493e-15 0)
(-1.97963e-14 3.62709e-15 0)
(-1.90915e-14 4.11096e-15 0)
(-1.83007e-14 4.56739e-15 0)
(-1.743e-14 4.98703e-15 0)
(-1.64855e-14 5.37085e-15 0)
(-1.54748e-14 5.7098e-15 0)
(-1.44059e-14 6.0043e-15 0)
(-1.32879e-14 6.24527e-15 0)
(-1.21302e-14 6.43296e-15 0)
(-1.0944e-14 6.55824e-15 0)
(-9.74037e-15 6.62032e-15 0)
(-8.53239e-15 6.61003e-15 0)
(-7.33338e-15 6.52559e-15 0)
(-6.15892e-15 6.35704e-15 0)
(-5.0249e-15 6.10031e-15 0)
(-3.94989e-15 5.74482e-15 0)
(-2.95397e-15 5.28311e-15 0)
(-2.05986e-15 4.69876e-15 0)
(-1.28728e-15 3.98029e-15 0)
(-6.65923e-16 3.10438e-15 0)
(-2.47842e-16 2.04049e-15 0)
(-2.90625e-18 7.90082e-16 0)
(-3.66571e-18 -6.64694e-16 0)
(-2.8386e-16 -1.68658e-15 0)
(-7.59129e-16 -2.54444e-15 0)
(-1.45962e-15 -3.24706e-15 0)
(-2.32027e-15 -3.82164e-15 0)
(-3.31342e-15 -4.28709e-15 0)
(-4.4156e-15 -4.65667e-15 0)
(-5.60126e-15 -4.94004e-15 0)
(-6.84932e-15 -5.14585e-15 0)
(-8.14066e-15 -5.27959e-15 0)
(-9.45747e-15 -5.3478e-15 0)
(-1.07836e-14 -5.35423e-15 0)
(-1.21044e-14 -5.30481e-15 0)
(-1.3406e-14 -5.20188e-15 0)
(-1.46759e-14 -5.05145e-15 0)
(-1.59025e-14 -4.85477e-15 0)
(-1.70751e-14 -4.61832e-15 0)
(-1.81839e-14 -4.34225e-15 0)
(-1.92202e-14 -4.03378e-15 0)
(-2.01757e-14 -3.69199e-15 0)
(-2.10435e-14 -3.32504e-15 0)
(-2.1817e-14 -2.93109e-15 0)
(-2.2491e-14 -2.51927e-15 0)
(-2.30606e-14 -2.08713e-15 0)
(-2.35205e-14 -1.64505e-15 0)
(-2.38656e-14 -1.18663e-15 0)
(-2.4095e-14 -7.18783e-16 0)
(-2.42095e-14 -2.38102e-16 0)
(-2.42093e-14 2.41088e-16 0)
(-2.40943e-14 7.21809e-16 0)
(-2.38646e-14 1.18919e-15 0)
(-2.35191e-14 1.64783e-15 0)
(-2.30588e-14 2.08929e-15 0)
(-2.24888e-14 2.52187e-15 0)
(-2.18146e-14 2.93282e-15 0)
(-2.10407e-14 3.32747e-15 0)
(-2.01728e-14 3.69329e-15 0)
(-1.9217e-14 4.03579e-15 0)
(-1.81804e-14 4.34313e-15 0)
(-1.70715e-14 4.61991e-15 0)
(-1.58989e-14 4.85495e-15 0)
(-1.46723e-14 5.05248e-15 0)
(-1.34023e-14 5.20138e-15 0)
(-1.21009e-14 5.305e-15 0)
(-1.07803e-14 5.35297e-15 0)
(-9.45433e-15 5.34715e-15 0)
(-8.1378e-15 5.27752e-15 0)
(-6.84702e-15 5.1442e-15 0)
(-5.59945e-15 4.93738e-15 0)
(-4.41428e-15 4.65425e-15 0)
(-3.3124e-15 4.28367e-15 0)
(-2.31992e-15 3.81891e-15 0)
(-1.46032e-15 3.2444e-15 0)
(-7.59638e-16 2.54084e-15 0)
(-2.83934e-16 1.68495e-15 0)
(-3.94415e-18 6.63588e-16 0)
(-6.29405e-18 -5.19015e-16 0)
(-3.30597e-16 -1.27894e-15 0)
(-8.67874e-16 -1.9123e-15 0)
(-1.64852e-15 -2.42643e-15 0)
(-2.59886e-15 -2.84655e-15 0)
(-3.68944e-15 -3.18769e-15 0)
(-4.89441e-15 -3.45889e-15 0)
(-6.188e-15 -3.66747e-15 0)
(-7.54752e-15 -3.81891e-15 0)
(-8.95277e-15 -3.91781e-15 0)
(-1.03849e-14 -3.96795e-15 0)
(-1.1827e-14 -3.97309e-15 0)
(-1.32628e-14 -3.93616e-15 0)
(-1.46779e-14 -3.86047e-15 0)
(-1.60584e-14 -3.74855e-15 0)
(-1.73921e-14 -3.60348e-15 0)
(-1.8667e-14 -3.42751e-15 0)
(-1.98729e-14 -3.22362e-15 0)
(-2.09998e-14 -2.9939e-15 0)
(-2.20393e-14 -2.74134e-15 0)
(-2.2983e-14 -2.46783e-15 0)
(-2.38245e-14 -2.17641e-15 0)
(-2.45574e-14 -1.86907e-15 0)
(-2.51777e-14 -1.54985e-15 0)
(-2.568e-14 -1.22253e-15 0)
(-2.60583e-14 -8.85967e-16 0)
(-2.63107e-14 -5.36755e-16 0)
(-2.64377e-14 -1.78921e-16 0)
(-2.64373e-14 1.81343e-16 0)
(-2.631e-14 5.3905e-16 0)
(-2.60567e-14 8.88109e-16 0)
(-2.56778e-14 1.2245e-15 0)
(-2.51748e-14 1.5517e-15 0)
(-2.45541e-14 1.87083e-15 0)
(-2.38205e-14 2.17804e-15 0)
(-2.29786e-14 2.46935e-15 0)
(-2.20343e-14 2.74265e-15 0)
(-2.09944e-14 2.9952e-15 0)
(-1.98673e-14 3.22457e-15 0)
(-1.86611e-14 3.42839e-15 0)
(-1.73859e-14 3.60406e-15 0)
(-1.60522e-14 3.74896e-15 0)
(-1.46718e-14 3.86047e-15 0)
(-1.32568e-14 3.93598e-15 0)
(-1.18213e-14 3.97246e-15 0)
(-1.03795e-14 3.96713e-15 0)
(-8.94796e-15 3.91649e-15 0)
(-7.54306e-15 3.81744e-15 0)
(-6.18429e-15 3.66551e-15 0)
(-4.89152e-15 3.45688e-15 0)
(-3.68773e-15 3.1854e-15 0)
(-2.59739e-15 2.84418e-15 0)
(-1.64779e-15 2.42377e-15 0)
(-8.6791e-16 1.91072e-15 0)
(-3.31231e-16 1.27707e-15 0)
(-6.44073e-18 5.18242e-16 0)
(-1.61102e-17 -3.37362e-16 0)
(-3.98773e-16 -8.08235e-16 0)
(-1.00166e-15 -1.19979e-15 0)
(-1.8591e-15 -1.51484e-15 0)
(-2.89658e-15 -1.77254e-15 0)
(-4.08073e-15 -1.98252e-15 0)
(-5.38537e-15 -2.14989e-15 0)
(-6.78351e-15 -2.27899e-15 0)
(-8.25177e-15 -2.37274e-15 0)
(-9.76874e-15 -2.43428e-15 0)
(-1.13146e-14 -2.46546e-15 0)
(-1.28709e-14 -2.46897e-15 0)
(-1.44208e-14 -2.44602e-15 0)
(-1.59483e-14 -2.39942e-15 0)
(-1.7439e-14 -2.32979e-15 0)
(-1.8879e-14 -2.24012e-15 0)
(-2.0256e-14 -2.1305e-15 0)
(-2.15585e-14 -2.00437e-15 0)
(-2.2776e-14 -1.86119e-15 0)
(-2.38988e-14 -1.70492e-15 0)
(-2.49186e-14 -1.53445e-15 0)
(-2.58272e-14 -1.3544e-15 0)
(-2.66185e-14 -1.16353e-15 0)
(-2.72872e-14 -9.67477e-16 0)
(-2.78315e-14 -7.72243e-16 0)
(-2.82465e-14 -5.72629e-16 0)
(-2.85286e-14 -3.52884e-16 0)
(-2.86694e-14 -1.19053e-16 0)
(-2.86691e-14 1.2062e-16 0)
(-2.85274e-14 3.54311e-16 0)
(-2.82446e-14 5.74181e-16 0)
(-2.78287e-14 7.73539e-16 0)
(-2.72835e-14 9.692e-16 0)
(-2.66139e-14 1.16481e-15 0)
(-2.5822e-14 1.35605e-15 0)
(-2.49126e-14 1.53543e-15 0)
(-2.38923e-14 1.70637e-15 0)
(-2.27691e-14 1.86181e-15 0)
(-2.1551e-14 2.00545e-15 0)
(-2.02481e-14 2.1307e-15 0)
(-1.8871e-14 2.24076e-15 0)
(-1.7431e-14 2.32941e-15 0)
(-1.59403e-14 2.39964e-15 0)
(-1.4413e-14 2.4453e-15 0)
(-1.28634e-14 2.46871e-15 0)
(-1.13074e-14 2.46427e-15 0)
(-9.76203e-15 2.43357e-15 0)
(-8.24593e-15 2.37125e-15 0)
(-6.77849e-15 2.27777e-15 0)
(-5.38114e-15 2.148e-15 0)
(-4.07745e-15 1.98098e-15 0)
(-2.89471e-15 1.77088e-15 0)
(-1.85793e-15 1.51328e-15 0)
(-1.00122e-15 1.19834e-15 0)
(-3.99176e-16 8.07101e-16 0)
(-1.61653e-17 3.37036e-16 0)
(-5.79215e-17 -1.18532e-16 0)
(-4.43716e-16 -2.85687e-16 0)
(-1.12214e-15 -4.24332e-16 0)
(-2.05991e-15 -5.31835e-16 0)
(-3.18083e-15 -6.19636e-16 0)
(-4.45706e-15 -6.9229e-16 0)
(-5.86023e-15 -7.50304e-16 0)
(-7.36271e-15 -7.95058e-16 0)
(-8.93989e-15 -8.27727e-16 0)
(-1.05691e-14 -8.49065e-16 0)
(-1.22291e-14 -8.60002e-16 0)
(-1.39006e-14 -8.61153e-16 0)
(-1.55652e-14 -8.53321e-16 0)
(-1.72061e-14 -8.36949e-16 0)
(-1.88074e-14 -8.1287e-16 0)
(-2.03547e-14 -7.81423e-16 0)
(-2.18344e-14 -7.43488e-16 0)
(-2.32342e-14 -6.9922e-16 0)
(-2.45428e-14 -6.49668e-16 0)
(-2.575e-14 -5.94852e-16 0)
(-2.68467e-14 -5.35893e-16 0)
(-2.78252e-14 -4.72456e-16 0)
(-2.86789e-14 -4.04601e-16 0)
(-2.93954e-14 -3.20618e-16 0)
(-2.99757e-14 -2.31946e-16 0)
(-3.04214e-14 -1.51982e-16 0)
(-3.07278e-14 -7.66088e-17 0)
(-3.08791e-14 -1.99173e-17 0)
(-3.08786e-14 2.02554e-17 0)
(-3.07263e-14 7.70616e-17 0)
(-3.04189e-14 1.52427e-16 0)
(-2.99724e-14 2.32524e-16 0)
(-2.93912e-14 3.21067e-16 0)
(-2.86738e-14 4.04995e-16 0)
(-2.78194e-14 4.72702e-16 0)
(-2.68401e-14 5.36253e-16 0)
(-2.57428e-14 5.95016e-16 0)
(-2.4535e-14 6.49971e-16 0)
(-2.3226e-14 6.99248e-16 0)
(-2.18259e-14 7.43724e-16 0)
(-2.03458e-14 7.81469e-16 0)
(-1.87984e-14 8.1307e-16 0)
(-1.71971e-14 8.36797e-16 0)
(-1.55564e-14 8.53329e-16 0)
(-1.3892e-14 8.60879e-16 0)
(-1.2221e-14 8.59881e-16 0)
(-1.05615e-14 8.48644e-16 0)
(-8.933e-15 8.27416e-16 0)
(-7.3567e-15 7.94517e-16 0)
(-5.85529e-15 7.49896e-16 0)
(-4.45315e-15 6.91784e-16 0)
(-3.1778e-15 6.19174e-16 0)
(-2.05794e-15 5.31331e-16 0)
(-1.12126e-15 4.23898e-16 0)
(-4.43529e-16 2.85586e-16 0)
(-5.79661e-17 1.18508e-16 0)
)
;

boundaryField
{
    top
    {
        type            slip;
    }
    bottom
    {
        type            slip;
    }
    rotatingWall
    {
        type            rotatingWallVelocity;
        origin          (0 0 0);
        axis            (0 1 0);
        omega           constant 1140;
        value           uniform (0 0 0);
    }
    wall
    {
        type            rotatingWallVelocity;
        origin          (0 0 0);
        axis            (0 1 0);
        omega           constant 0;
        value           uniform (0 -0 -0);
    }
    frontAndBack
    {
        type            empty;
    }
}


// ************************************************************************* //
