/*--------------------------------*- C++ -*----------------------------------*\
| =========                 |                                                 |
| \\      /  F ield         | OpenFOAM: The Open Source CFD Toolbox           |
|  \\    /   O peration     | Version:  5.0                                   |
|   \\  /    A nd           | Web:      www.OpenFOAM.org                      |
|    \\/     M anipulation  |                                                 |
\*---------------------------------------------------------------------------*/
FoamFile
{
    version     2.0;
    format      ascii;
    class       volScalarField;
    location    "300";
    object      p;
}
// * * * * * * * * * * * * * * * * * * * * * * * * * * * * * * * * * * * * * //

dimensions      [0 2 -2 0 0 0 0];

internalField   nonuniform List<scalar> 
7000
(
-3.78675e-07
-0.000404445
-0.000582881
-0.000582753
-0.000576065
-0.000588507
-0.000591181
-0.000577147
-0.000554446
-0.000529438
-0.000505673
-0.000480552
-0.000438127
-0.000388858
3.2301e-05
-0.000391338
-0.000584968
-0.000590759
-0.000586778
-0.000601288
-0.000606142
-0.000593878
-0.000571652
-0.000544185
-0.000512289
-0.00046947
-0.00040756
-0.000346855
3.43004e-05
-0.00039446
-0.00058936
-0.000595448
-0.00059452
-0.000612151
-0.000619412
-0.00060844
-0.000585104
-0.000551725
-0.00050615
-0.000446069
-0.000376099
-0.000318755
3.22762e-05
-0.000394126
-0.000587165
-0.000594633
-0.000597526
-0.000618787
-0.000628762
-0.000619886
-0.000597089
-0.000561376
-0.000510252
-0.000443803
-0.000370885
-0.000316979
2.75869e-05
-0.000395304
-0.000585223
-0.000593434
-0.000599241
-0.000623277
-0.000635628
-0.000629129
-0.000608102
-0.000572508
-0.000519216
-0.000449357
-0.000375256
-0.000323944
2.23161e-05
-0.000396133
-0.000582294
-0.00059115
-0.000599549
-0.000625912
-0.000640392
-0.000636352
-0.000617564
-0.000583137
-0.000529377
-0.000457965
-0.000383571
-0.000333647
1.88481e-05
-0.000395466
-0.000578969
-0.000589033
-0.00059969
-0.000627888
-0.000644227
-0.000642312
-0.000625632
-0.000592691
-0.000539288
-0.000467322
-0.000392981
-0.000344162
1.75217e-05
-0.000393657
-0.000575657
-0.000587231
-0.00059973
-0.00062924
-0.000647022
-0.000646875
-0.000632092
-0.000600653
-0.000547906
-0.000475893
-0.000401867
-0.000354172
1.69431e-05
-0.000391558
-0.000572608
-0.000585727
-0.000599636
-0.000629971
-0.000648835
-0.000650203
-0.000637007
-0.000606818
-0.000554701
-0.000482818
-0.000409168
-0.000362524
1.55582e-05
-0.000389949
-0.00057021
-0.00058465
-0.00059944
-0.000630247
-0.000649903
-0.000652377
-0.000640305
-0.000611019
-0.000559377
-0.000487595
-0.000414168
-0.000368309
1.28474e-05
-0.000389293
-0.000568817
-0.000584151
-0.000599212
-0.000630193
-0.000650347
-0.000653478
-0.000642055
-0.000613277
-0.00056186
-0.000490041
-0.000416585
-0.000371029
9.81086e-06
-0.000389566
-0.000568708
-0.000584336
-0.000599064
-0.000629966
-0.00065033
-0.000653673
-0.000642397
-0.000613671
-0.000562142
-0.000490086
-0.000416373
-0.000370618
8.31011e-06
-0.000390284
-0.000570017
-0.000585177
-0.000599118
-0.000629757
-0.000649989
-0.000653081
-0.000641455
-0.000612298
-0.00056025
-0.000487689
-0.000413543
-0.000367409
9.78251e-06
-0.000391095
-0.000572454
-0.000586616
-0.000599476
-0.000629631
-0.000649366
-0.000651769
-0.000639331
-0.000609247
-0.00055624
-0.000482891
-0.000408223
-0.000361767
1.41996e-05
-0.000391594
-0.000575409
-0.000588537
-0.000600121
-0.000629543
-0.000648473
-0.000649794
-0.000636075
-0.000604565
-0.000550181
-0.00047583
-0.000400641
-0.000353947
2.05907e-05
-0.00039132
-0.000578562
-0.000590877
-0.000600954
-0.000629383
-0.000647253
-0.000647126
-0.000631631
-0.000598218
-0.000542141
-0.000466705
-0.000391036
-0.000344133
2.79883e-05
-0.00039021
-0.000581616
-0.00059355
-0.000601942
-0.000629004
-0.000645495
-0.000643586
-0.00062587
-0.000590177
-0.000532258
-0.000455816
-0.000379707
-0.00033243
3.57155e-05
-0.000388279
-0.00058428
-0.000596345
-0.000602962
-0.000628322
-0.000643087
-0.000638978
-0.000618671
-0.000580503
-0.000520831
-0.000443606
-0.000367029
-0.000318968
4.36638e-05
-0.000385375
-0.000586305
-0.000598926
-0.000603632
-0.00062695
-0.000639706
-0.000633093
-0.000610054
-0.000569528
-0.000508445
-0.000430747
-0.000353622
-0.000304317
5.21962e-05
-0.000381264
-0.000587343
-0.000600823
-0.000603541
-0.000624642
-0.000635285
-0.000626159
-0.000600562
-0.000558089
-0.00049608
-0.000418222
-0.000340496
-0.000289653
6.1621e-05
-0.000375783
-0.000587035
-0.000601662
-0.000602464
-0.000621396
-0.000630233
-0.00061902
-0.000591334
-0.000547457
-0.00048502
-0.000407234
-0.000328933
-0.000276803
7.16779e-05
-0.000369178
-0.000585343
-0.000601341
-0.000600596
-0.000617768
-0.000625266
-0.000612632
-0.00058355
-0.000538879
-0.000476424
-0.000398856
-0.000320121
-0.000267358
8.12554e-05
-0.000362399
-0.00058263
-0.000600062
-0.000598515
-0.000614633
-0.000621323
-0.000607908
-0.000578142
-0.000533191
-0.000470931
-0.000393591
-0.000314603
-0.000261749
8.83712e-05
-0.000357152
-0.000579717
-0.000598175
-0.000596658
-0.000612637
-0.0006191
-0.000605441
-0.000575522
-0.000530581
-0.000468484
-0.000391215
-0.000312046
-0.00025928
9.15582e-05
-0.000354678
-0.000577715
-0.00059657
-0.000595704
-0.000612294
-0.000619034
-0.000605507
-0.000575688
-0.000530783
-0.000468608
-0.000391114
-0.00031169
-0.000258865
9.00971e-05
-0.00035535
-0.000577152
-0.000595836
-0.000596
-0.000613691
-0.000621129
-0.000608049
-0.000578498
-0.000533602
-0.000471108
-0.000393118
-0.000313291
-0.000260169
8.41083e-05
-0.000358899
-0.000577545
-0.000595491
-0.000597019
-0.000616288
-0.0006249
-0.000612729
-0.000583827
-0.000539119
-0.000476237
-0.000397583
-0.000317329
-0.00026391
7.51225e-05
-0.000364105
-0.000577986
-0.00059479
-0.000598075
-0.00061947
-0.000629781
-0.00061914
-0.000591504
-0.000547378
-0.000484221
-0.000404854
-0.000324308
-0.000270845
6.53584e-05
-0.000369453
-0.00057771
-0.000593184
-0.000598506
-0.000622417
-0.000634953
-0.000626585
-0.000600963
-0.000557975
-0.000494838
-0.000414788
-0.000334016
-0.000280919
5.57498e-05
-0.000374101
-0.000576337
-0.000590453
-0.000597853
-0.00062444
-0.000639664
-0.00063419
-0.000611255
-0.000570062
-0.000507408
-0.00042678
-0.000345663
-0.000293117
4.66992e-05
-0.000377492
-0.000573606
-0.000586545
-0.00059606
-0.000625353
-0.000643333
-0.000641019
-0.000621286
-0.000582587
-0.000521029
-0.000440087
-0.000358404
-0.000306023
3.87017e-05
-0.000379136
-0.000569373
-0.00058169
-0.000593501
-0.000625271
-0.000645726
-0.000646492
-0.000630188
-0.000594503
-0.000534696
-0.000453886
-0.000371517
-0.000318745
3.28691e-05
-0.000378615
-0.000563849
-0.000576462
-0.000590679
-0.000624566
-0.000647135
-0.000650593
-0.000637513
-0.000604934
-0.000547334
-0.000467201
-0.000384343
-0.000330957
3.07974e-05
-0.000375795
-0.000557677
-0.000571449
-0.000588132
-0.000623812
-0.000648067
-0.000653653
-0.000643136
-0.000613238
-0.000557889
-0.000478892
-0.000396078
-0.000342416
3.35246e-05
-0.000371049
-0.00055189
-0.000567499
-0.000586514
-0.000623617
-0.000648993
-0.000655947
-0.000647112
-0.000619115
-0.000565583
-0.000487849
-0.000405689
-0.000352446
3.98984e-05
-0.000365509
-0.000547589
-0.000565451
-0.000586292
-0.000624313
-0.000650236
-0.000657835
-0.000649831
-0.00062278
-0.00057022
-0.000493405
-0.000412233
-0.000359966
4.49175e-05
-0.000361756
-0.000545752
-0.000565505
-0.000587408
-0.000625891
-0.000652028
-0.000659772
-0.000651875
-0.000624857
-0.000572306
-0.000495702
-0.000415315
-0.000364108
4.26329e-05
-0.000363726
-0.000547586
-0.000567438
-0.000589566
-0.000628152
-0.000654248
-0.000661845
-0.000653607
-0.000626016
-0.000572772
-0.000495681
-0.000415487
-0.000364861
3.41203e-05
-0.000370646
-0.000552548
-0.000570722
-0.00059203
-0.000630113
-0.000655835
-0.000663133
-0.000654434
-0.000626112
-0.000571956
-0.000494078
-0.000413517
-0.000362674
2.64498e-05
-0.000377808
-0.000558653
-0.000574592
-0.000594063
-0.000631064
-0.000656114
-0.00066282
-0.000653409
-0.000624184
-0.000569024
-0.000490345
-0.000409161
-0.000357775
2.45429e-05
-0.000382617
-0.000564732
-0.000578605
-0.000595485
-0.000630907
-0.000654844
-0.000660357
-0.000649606
-0.000618994
-0.000562604
-0.000483221
-0.000401631
-0.000350038
2.83694e-05
-0.00038449
-0.000570017
-0.000582497
-0.000596586
-0.000630032
-0.000652284
-0.000655798
-0.000642745
-0.000609911
-0.000551886
-0.000471945
-0.000390535
-0.000339312
3.52292e-05
-0.000384073
-0.000574358
-0.000586299
-0.000597732
-0.000628888
-0.000648924
-0.000649634
-0.000633365
-0.00059751
-0.00053748
-0.000457146
-0.000376438
-0.000325963
4.27773e-05
-0.000382333
-0.000577992
-0.000590141
-0.000599022
-0.000627565
-0.000644926
-0.000642283
-0.000622293
-0.000583139
-0.000521158
-0.000440682
-0.000360811
-0.000310843
5.04961e-05
-0.000379641
-0.000580997
-0.000593908
-0.000600261
-0.000625873
-0.000640258
-0.000634096
-0.000610456
-0.000568359
-0.000504931
-0.000424616
-0.000345301
-0.000295065
5.92038e-05
-0.000375644
-0.000583009
-0.000597075
-0.000600981
-0.000623569
-0.000635035
-0.000625651
-0.000598906
-0.000554629
-0.000490455
-0.000410533
-0.000331335
-0.000280088
6.9585e-05
-0.000369949
-0.000583473
-0.000598976
-0.000600681
-0.000620585
-0.000629638
-0.00061772
-0.000588678
-0.00054308
-0.000478802
-0.000399396
-0.000320029
-0.000267718
8.11351e-05
-0.000362938
-0.000582196
-0.000599289
-0.000599343
-0.000617172
-0.000624512
-0.000610966
-0.000580567
-0.000534409
-0.000470469
-0.000391625
-0.000312049
-0.000259193
9.15211e-05
-0.000356909
-0.000579855
-0.000598071
-0.000597412
-0.000614046
-0.000620296
-0.000605908
-0.000575015
-0.000528859
-0.000465427
-0.000387078
-0.000307363
-0.000254264
9.98828e-05
-0.000355517
-0.000578619
-0.000596326
-0.000595893
-0.000612313
-0.000617956
-0.000603141
-0.000572156
-0.000526195
-0.000463166
-0.000385115
-0.00030525
-0.000251566
-0.000401794
-0.000527036
-0.00059637
-0.000606591
-0.000609079
-0.000614794
-0.000611995
-0.000597757
-0.000576155
-0.000551713
-0.00052778
-0.000502797
-0.000461811
-0.000414996
-0.000390506
-0.000526096
-0.000597378
-0.000611417
-0.000619786
-0.000630524
-0.000631167
-0.000618495
-0.00059669
-0.000569731
-0.00053957
-0.000499669
-0.000440909
-0.000382573
-0.000392058
-0.000529335
-0.000598745
-0.000613264
-0.000624687
-0.000638337
-0.000641767
-0.000631798
-0.000611312
-0.000581072
-0.000539104
-0.000483373
-0.000417828
-0.000362155
-0.000393866
-0.000530227
-0.000597663
-0.000612937
-0.000626933
-0.000643038
-0.000649041
-0.000641944
-0.000623444
-0.000592795
-0.000547246
-0.000486506
-0.000417928
-0.000364121
-0.000396281
-0.000530494
-0.000595727
-0.000611649
-0.000627517
-0.000645473
-0.000653597
-0.000649243
-0.000633633
-0.000604973
-0.000559262
-0.000496014
-0.000425408
-0.000373024
-0.000398523
-0.000529747
-0.000592905
-0.00060969
-0.000627169
-0.00064659
-0.000656634
-0.000654769
-0.000642107
-0.000616014
-0.000571325
-0.000507052
-0.000435356
-0.000383798
-0.000399185
-0.000527557
-0.000589734
-0.000607804
-0.000626755
-0.000647317
-0.000658866
-0.000659224
-0.000649167
-0.000625515
-0.000582177
-0.000517652
-0.000445408
-0.000394514
-0.000398198
-0.000524339
-0.000586465
-0.000606098
-0.000626336
-0.000647775
-0.000660516
-0.000662706
-0.000654808
-0.000633232
-0.000591162
-0.000526736
-0.000454339
-0.000404161
-0.000396322
-0.000520852
-0.00058335
-0.000604562
-0.000625867
-0.000647962
-0.000661588
-0.000665182
-0.000659023
-0.000639093
-0.000598052
-0.000533813
-0.000461429
-0.000411856
-0.000394672
-0.000517862
-0.000580801
-0.000603302
-0.000625356
-0.000647893
-0.000662145
-0.000666744
-0.000661863
-0.000643124
-0.000602786
-0.000538628
-0.000466208
-0.000417063
-0.000394345
-0.000515963
-0.000579267
-0.00060255
-0.000624923
-0.000647721
-0.000662374
-0.000667577
-0.000663449
-0.000645381
-0.000605369
-0.000541118
-0.000468528
-0.00041956
-0.000395078
-0.000515501
-0.000579236
-0.000602537
-0.000624778
-0.000647637
-0.000662432
-0.000667824
-0.000663892
-0.000645944
-0.000605836
-0.000541285
-0.000468412
-0.000419316
-0.000395917
-0.000516841
-0.000580779
-0.000603299
-0.000625028
-0.00064771
-0.000662362
-0.000667547
-0.000663328
-0.000644958
-0.000604276
-0.000539139
-0.000465849
-0.000416503
-0.00039647
-0.000519538
-0.000583461
-0.00060477
-0.00062568
-0.000647936
-0.000662193
-0.000666839
-0.000661883
-0.000642554
-0.000600786
-0.000534729
-0.000460902
-0.000411359
-0.000396392
-0.000522465
-0.00058681
-0.000606863
-0.000626723
-0.000648336
-0.000661962
-0.00066574
-0.000659607
-0.000638779
-0.000595403
-0.000528127
-0.000453731
-0.00040407
-0.000395407
-0.000525103
-0.000590475
-0.000609424
-0.00062812
-0.000648919
-0.000661663
-0.000664192
-0.000656416
-0.000633544
-0.000588092
-0.000519418
-0.000444514
-0.000394785
-0.000393652
-0.000527225
-0.000594206
-0.000612326
-0.000629773
-0.000649591
-0.000661155
-0.000661962
-0.000652015
-0.000626587
-0.000578758
-0.000508732
-0.000433467
-0.000383556
-0.00039126
-0.000528561
-0.000597687
-0.000615333
-0.000631466
-0.000650037
-0.000660042
-0.000658709
-0.00064605
-0.000617679
-0.000567441
-0.000496358
-0.000420878
-0.000370476
-0.000388023
-0.000528796
-0.000600591
-0.000617975
-0.000632719
-0.000649807
-0.000657903
-0.000654063
-0.00063834
-0.000606933
-0.000554587
-0.000482923
-0.000407342
-0.000356063
-0.000383552
-0.000527582
-0.000602433
-0.000619744
-0.000632951
-0.000648423
-0.000654613
-0.000648065
-0.00062922
-0.000595063
-0.000541214
-0.000469495
-0.000393921
-0.000341483
-0.000377598
-0.000524652
-0.000602803
-0.000620316
-0.000631901
-0.000645775
-0.000650151
-0.000641144
-0.000619615
-0.000583396
-0.000528822
-0.000457492
-0.000382038
-0.00032868
-0.000370356
-0.000520118
-0.000601577
-0.000619562
-0.000629675
-0.000642168
-0.0006451
-0.000634251
-0.000610863
-0.000573501
-0.000518955
-0.000448305
-0.00037307
-0.000319361
-0.000362743
-0.00051471
-0.00059908
-0.000617766
-0.000626856
-0.000638378
-0.000640472
-0.000628622
-0.000604325
-0.000566661
-0.000512593
-0.000442671
-0.00036766
-0.000313967
-0.000356576
-0.000509815
-0.000596114
-0.000615567
-0.000624353
-0.000635526
-0.000637432
-0.000625335
-0.000600869
-0.000563368
-0.000509782
-0.000440322
-0.000365367
-0.000311718
-0.000353684
-0.00050726
-0.000593996
-0.000613892
-0.00062318
-0.000634762
-0.000636983
-0.000625093
-0.000600799
-0.000563452
-0.000509954
-0.000440419
-0.000365243
-0.000311454
-0.000354745
-0.000507636
-0.000593329
-0.0006133
-0.000623744
-0.000636378
-0.000639315
-0.000627978
-0.000604068
-0.000566777
-0.000512915
-0.000442748
-0.000367046
-0.000312925
-0.000358971
-0.000510004
-0.000593424
-0.000613282
-0.00062534
-0.000639521
-0.000643679
-0.000633463
-0.000610418
-0.000573382
-0.000518988
-0.000447814
-0.000371376
-0.00031689
-0.000364878
-0.000513081
-0.000593298
-0.000612945
-0.00062692
-0.000643057
-0.000649001
-0.000640639
-0.000619209
-0.000582999
-0.000528297
-0.000456021
-0.000378796
-0.00032407
-0.000370791
-0.000515721
-0.000592264
-0.000611652
-0.000627683
-0.000646075
-0.00065424
-0.000648424
-0.000629455
-0.000594884
-0.000540423
-0.000467184
-0.000389124
-0.000334485
-0.0003759
-0.000517208
-0.000589988
-0.000609183
-0.00062715
-0.000647831
-0.000658522
-0.000655784
-0.000640003
-0.000607931
-0.000554463
-0.000480581
-0.000401572
-0.000347172
-0.000379916
-0.000517211
-0.000586389
-0.000605546
-0.000625266
-0.000648095
-0.000661435
-0.000661901
-0.000649712
-0.000620868
-0.000569259
-0.000495265
-0.000415241
-0.000360695
-0.000382537
-0.000515455
-0.000581529
-0.000601036
-0.000622511
-0.0006472
-0.000662844
-0.000666347
-0.000657778
-0.000632584
-0.00058361
-0.000510207
-0.000429291
-0.000374097
-0.000383288
-0.000511846
-0.000575711
-0.000596196
-0.000619512
-0.00064573
-0.000663155
-0.000669262
-0.000663887
-0.000642282
-0.00059638
-0.000524266
-0.000442857
-0.000386865
-0.000381646
-0.000506721
-0.000569503
-0.000591598
-0.000616879
-0.000644449
-0.000663126
-0.000671028
-0.00066815
-0.000649583
-0.000606637
-0.000536248
-0.000454943
-0.000398526
-0.000377512
-0.000500772
-0.000563789
-0.000587993
-0.000615256
-0.00064394
-0.000663353
-0.000672253
-0.000670991
-0.000654554
-0.000613892
-0.000545166
-0.00046448
-0.000408272
-0.000371791
-0.000495144
-0.000559615
-0.00058605
-0.000614977
-0.000644429
-0.000664145
-0.000673352
-0.000672818
-0.000657533
-0.000618178
-0.000550522
-0.000470599
-0.000415097
-0.000367577
-0.000491868
-0.00055788
-0.000585904
-0.000615845
-0.000645754
-0.00066554
-0.000674656
-0.000674168
-0.000659124
-0.000620022
-0.000552606
-0.000473142
-0.000418346
-0.000369388
-0.000493462
-0.000559319
-0.000587384
-0.000617424
-0.000647344
-0.000667072
-0.00067608
-0.000675361
-0.000659868
-0.000620195
-0.000552335
-0.000472882
-0.000418406
-0.000376376
-0.000499365
-0.00056358
-0.000590163
-0.000619165
-0.000648432
-0.000667972
-0.00067703
-0.000676115
-0.00065987
-0.00061917
-0.000550433
-0.00047065
-0.000416136
-0.000383194
-0.000506404
-0.000569227
-0.0005936
-0.000620819
-0.00064901
-0.000668138
-0.000677061
-0.00067571
-0.000658452
-0.000616384
-0.000546542
-0.000466249
-0.000411584
-0.000387026
-0.000512648
-0.000575292
-0.000597383
-0.000622432
-0.000649348
-0.000667713
-0.000675919
-0.000673419
-0.000654501
-0.000610565
-0.000539455
-0.000458736
-0.000404184
-0.000387917
-0.000517444
-0.000581169
-0.000601396
-0.000624285
-0.00064983
-0.000667019
-0.000673612
-0.000668789
-0.000647164
-0.000600682
-0.000528229
-0.000447533
-0.000393574
-0.000387023
-0.000520778
-0.000586541
-0.000605529
-0.000626475
-0.000650513
-0.000665927
-0.000669891
-0.000661721
-0.000636426
-0.000586831
-0.000513147
-0.000433087
-0.00037999
-0.000385173
-0.000522832
-0.000591288
-0.0006096
-0.000628702
-0.000650916
-0.000663931
-0.00066448
-0.000652277
-0.0006229
-0.00057028
-0.000495825
-0.000416791
-0.000364357
-0.000382274
-0.00052355
-0.000595235
-0.000613288
-0.000630434
-0.000650407
-0.000660541
-0.000657378
-0.000641042
-0.000607873
-0.00055295
-0.000478401
-0.0004004
-0.000347997
-0.000377702
-0.000522583
-0.000597997
-0.000616079
-0.000631096
-0.000648602
-0.00065583
-0.000649111
-0.000629059
-0.000592924
-0.000536733
-0.000462738
-0.000385561
-0.000332562
-0.000371129
-0.000519627
-0.000599073
-0.000617451
-0.00063033
-0.000645496
-0.000650234
-0.000640563
-0.000617629
-0.000579599
-0.000523143
-0.000450151
-0.000373607
-0.000319972
-0.000363195
-0.000515098
-0.000598338
-0.000617175
-0.00062818
-0.000641454
-0.000644366
-0.000632679
-0.000607968
-0.000569123
-0.000513168
-0.000441374
-0.000365361
-0.000311512
-0.000356076
-0.000510415
-0.000596307
-0.000615645
-0.00062541
-0.000637367
-0.000639163
-0.000626432
-0.000601013
-0.000562189
-0.000507092
-0.000436395
-0.000360797
-0.000306888
-0.000353
-0.00050829
-0.000594606
-0.000613976
-0.000623377
-0.00063479
-0.000636044
-0.000622911
-0.000597386
-0.000558865
-0.000504453
-0.00043445
-0.000359083
-0.000304767
-0.00052978
-0.000561832
-0.000593262
-0.000612775
-0.000623627
-0.000628896
-0.000626732
-0.000616341
-0.000599181
-0.000578409
-0.000556544
-0.000532488
-0.000494034
-0.000453138
-0.000527597
-0.000563979
-0.000595407
-0.000617522
-0.000632173
-0.000640883
-0.00064135
-0.000632392
-0.000615638
-0.000593727
-0.000569513
-0.000536688
-0.000485807
-0.000433713
-0.00052844
-0.000564516
-0.000594745
-0.000618418
-0.000635861
-0.000647162
-0.000650074
-0.000643522
-0.000628263
-0.000604418
-0.000570931
-0.000525936
-0.000471929
-0.000422783
-0.00052798
-0.000563916
-0.000593378
-0.000618012
-0.000637285
-0.000650637
-0.000655724
-0.00065135
-0.0006378
-0.000614662
-0.000579824
-0.000532188
-0.000476542
-0.000428868
-0.000527172
-0.000562643
-0.000591356
-0.000616754
-0.000637282
-0.000652087
-0.000658945
-0.00065685
-0.000646035
-0.000625599
-0.000592361
-0.000543969
-0.000486397
-0.000439298
-0.000526239
-0.000560866
-0.000589085
-0.000615287
-0.000636826
-0.00065276
-0.000661164
-0.000661218
-0.00065319
-0.000635711
-0.000604444
-0.000555778
-0.000496797
-0.000450024
-0.000524618
-0.000558369
-0.000586888
-0.000614039
-0.000636469
-0.000653347
-0.000663084
-0.000665051
-0.00065944
-0.000644483
-0.000614839
-0.000566029
-0.000506123
-0.00045947
-0.000522141
-0.000555199
-0.000584658
-0.000612922
-0.000636158
-0.000653802
-0.000664667
-0.000668289
-0.000664643
-0.000651576
-0.000623078
-0.000574182
-0.00051371
-0.000467262
-0.000519158
-0.000551934
-0.000582348
-0.000611748
-0.000635725
-0.000653967
-0.000665698
-0.000670655
-0.000668552
-0.000656916
-0.00062924
-0.000580288
-0.000519323
-0.000473095
-0.000516616
-0.000549267
-0.000580258
-0.000610513
-0.000635151
-0.000653818
-0.000666132
-0.000672083
-0.000671179
-0.000660607
-0.00063351
-0.000584416
-0.000522991
-0.000476891
-0.000515541
-0.000547763
-0.000578847
-0.00060951
-0.00063459
-0.000653515
-0.000666197
-0.000672794
-0.000672662
-0.000662762
-0.00063601
-0.000586698
-0.000524819
-0.000478698
-0.000515941
-0.000547711
-0.000578479
-0.000609092
-0.000634248
-0.000653262
-0.000666092
-0.000672952
-0.000673134
-0.000663528
-0.000636826
-0.000587224
-0.000524927
-0.000478553
-0.000517265
-0.000548994
-0.000579299
-0.000609438
-0.000634281
-0.000653151
-0.000665892
-0.000672672
-0.000672798
-0.000663051
-0.000636025
-0.000585969
-0.000523227
-0.00047651
-0.000519064
-0.000551334
-0.000581228
-0.000610539
-0.000634727
-0.000653206
-0.000665646
-0.000672077
-0.000671786
-0.000661452
-0.000633668
-0.000582874
-0.000519627
-0.0004726
-0.000521051
-0.000554353
-0.000583977
-0.000612302
-0.000635607
-0.000653489
-0.000665421
-0.000671239
-0.00067017
-0.000658789
-0.000629757
-0.000577886
-0.00051414
-0.000466861
-0.000523082
-0.000557633
-0.00058716
-0.000614608
-0.00063699
-0.000654111
-0.000665287
-0.000670168
-0.000667907
-0.000654959
-0.000624165
-0.000570993
-0.000506787
-0.00045934
-0.000525019
-0.000560895
-0.000590516
-0.00061731
-0.000638821
-0.000655041
-0.000665161
-0.000668698
-0.000664735
-0.000649655
-0.000616669
-0.000562169
-0.000497578
-0.000450046
-0.000526651
-0.000563792
-0.000593838
-0.000620152
-0.000640764
-0.000655885
-0.000664603
-0.000666346
-0.000660144
-0.000642455
-0.000607073
-0.000551444
-0.000486665
-0.000438972
-0.000527556
-0.000565941
-0.000596775
-0.000622628
-0.000642219
-0.000655986
-0.000662963
-0.000662483
-0.000653624
-0.000633094
-0.000595463
-0.000539158
-0.000474565
-0.000426269
-0.000527285
-0.00056692
-0.000598762
-0.000624172
-0.000642549
-0.000654696
-0.000659676
-0.000656734
-0.000645086
-0.000621855
-0.000582502
-0.000526121
-0.000462096
-0.000412993
-0.000525508
-0.000566352
-0.000599393
-0.000624404
-0.000641405
-0.000651844
-0.000654763
-0.000649402
-0.000635204
-0.000609835
-0.000569598
-0.000513767
-0.000450611
-0.000401103
-0.000522258
-0.000564278
-0.000598585
-0.000623279
-0.00063898
-0.000647782
-0.000648896
-0.000641544
-0.000625426
-0.000598776
-0.000558539
-0.000503771
-0.000441647
-0.000392343
-0.000518141
-0.000561194
-0.000596715
-0.000621224
-0.000635951
-0.000643528
-0.00064337
-0.000634729
-0.00061753
-0.000590464
-0.00055081
-0.000497273
-0.000436095
-0.000387262
-0.000514235
-0.000557927
-0.000594379
-0.000618999
-0.000633388
-0.00064045
-0.000639741
-0.000630564
-0.000613014
-0.000586058
-0.000547047
-0.000494396
-0.000433761
-0.000385237
-0.000511703
-0.000555508
-0.000592358
-0.000617455
-0.000632332
-0.000639762
-0.000639261
-0.000630172
-0.000612705
-0.000585915
-0.00054711
-0.000494571
-0.000433857
-0.000385245
-0.000511256
-0.000554539
-0.0005912
-0.000617045
-0.000633142
-0.000641767
-0.000642188
-0.000633729
-0.00061665
-0.000589962
-0.000550847
-0.000497604
-0.000436157
-0.000387074
-0.000512436
-0.000554757
-0.000590645
-0.000617316
-0.000635124
-0.000645599
-0.00064761
-0.000640415
-0.000624232
-0.000597874
-0.000558261
-0.000503788
-0.000441143
-0.000391377
-0.000514218
-0.000555265
-0.00058991
-0.000617356
-0.000637149
-0.000649916
-0.000654124
-0.000648922
-0.000634356
-0.000608899
-0.000569044
-0.000513235
-0.000449183
-0.000398721
-0.000515573
-0.000555264
-0.000588453
-0.000616497
-0.000638289
-0.000653526
-0.000660368
-0.000657803
-0.000645612
-0.000621835
-0.000582349
-0.000525444
-0.000459924
-0.000409075
-0.000515834
-0.00055412
-0.000585887
-0.000614393
-0.000637946
-0.000655615
-0.00066522
-0.00066569
-0.000656502
-0.000635206
-0.000596917
-0.000539408
-0.000472443
-0.00042149
-0.000514892
-0.000551675
-0.000582143
-0.000611092
-0.000636127
-0.000655885
-0.000668097
-0.000671649
-0.000665786
-0.000647598
-0.000611371
-0.000553955
-0.000485756
-0.000434514
-0.000512802
-0.000547992
-0.000577545
-0.000607063
-0.000633352
-0.000654755
-0.000669145
-0.000675421
-0.00067277
-0.00065798
-0.000624498
-0.000567981
-0.000499041
-0.000447057
-0.000509724
-0.000543272
-0.000572521
-0.000602888
-0.000630439
-0.000653158
-0.000669127
-0.000677526
-0.000677533
-0.000665882
-0.000635386
-0.000580398
-0.000511298
-0.000458518
-0.000505897
-0.000538032
-0.000567454
-0.000599167
-0.000628187
-0.000651986
-0.000668919
-0.000678661
-0.000680532
-0.000671318
-0.000643478
-0.000590271
-0.000521467
-0.000468374
-0.000501649
-0.00053295
-0.000563018
-0.000596471
-0.000627074
-0.000651709
-0.000669058
-0.000679405
-0.000682354
-0.000674681
-0.000648713
-0.000597009
-0.000528722
-0.00047585
-0.000497468
-0.000528816
-0.000559963
-0.000595144
-0.000627203
-0.000652426
-0.00066979
-0.000680137
-0.000683498
-0.000676514
-0.000651458
-0.000600548
-0.000532657
-0.000480323
-0.000494873
-0.000526749
-0.000558862
-0.000595217
-0.000628287
-0.00065391
-0.00067112
-0.000681128
-0.000684321
-0.000677342
-0.000652301
-0.000601405
-0.000533596
-0.000481711
-0.000496193
-0.000527973
-0.000560089
-0.000596506
-0.000629646
-0.000655304
-0.000672459
-0.000682248
-0.000685022
-0.000677505
-0.000651832
-0.000600508
-0.000532644
-0.00048089
-0.000500856
-0.000532083
-0.000563329
-0.000598628
-0.000630616
-0.000655816
-0.000673128
-0.000683081
-0.00068561
-0.000677415
-0.000650837
-0.000598837
-0.000530915
-0.000479086
-0.000505864
-0.000537267
-0.0005675
-0.000601018
-0.000631282
-0.000655644
-0.000672988
-0.000683138
-0.000685515
-0.000676647
-0.000649084
-0.000596256
-0.000528198
-0.000476273
-0.000509985
-0.00054253
-0.000572048
-0.000603657
-0.000632106
-0.000655426
-0.000672397
-0.000682294
-0.000684145
-0.000674251
-0.000645352
-0.000591498
-0.000523145
-0.00047133
-0.000513511
-0.000547636
-0.000576868
-0.000606854
-0.00063367
-0.000655811
-0.000671805
-0.000680648
-0.000681071
-0.000669297
-0.000638343
-0.000583126
-0.000514508
-0.00046314
-0.000516858
-0.000552458
-0.000581854
-0.000610702
-0.000636137
-0.000656925
-0.000671262
-0.000678093
-0.00067605
-0.000661385
-0.000627535
-0.000570635
-0.000502049
-0.000451429
-0.000519865
-0.000556739
-0.000586725
-0.000614835
-0.000638969
-0.000658071
-0.000670167
-0.000674148
-0.000668692
-0.000650373
-0.00061329
-0.000554954
-0.000486887
-0.00043699
-0.000521852
-0.000559995
-0.000590998
-0.000618558
-0.000641207
-0.000658199
-0.000667538
-0.000668084
-0.000658838
-0.000636775
-0.000596933
-0.000537976
-0.000470943
-0.000421265
-0.000522071
-0.000561661
-0.000594063
-0.000621124
-0.000641962
-0.000656456
-0.000662735
-0.000659767
-0.000646952
-0.000621801
-0.000580273
-0.000521693
-0.000456006
-0.000406154
-0.000520207
-0.000561403
-0.000595463
-0.000622027
-0.000640875
-0.000652707
-0.000656066
-0.000650039
-0.000634363
-0.000607178
-0.000565185
-0.000507822
-0.000443614
-0.00039376
-0.00051674
-0.000559566
-0.000595236
-0.000621224
-0.000638143
-0.000647635
-0.000648639
-0.00064036
-0.000622828
-0.000594725
-0.000553236
-0.000497555
-0.000434816
-0.000385422
-0.000513085
-0.000557068
-0.000593965
-0.000619426
-0.000634795
-0.00064257
-0.000642017
-0.000632446
-0.000614066
-0.000585891
-0.000545359
-0.000491301
-0.000429779
-0.00038086
-0.000510607
-0.000555033
-0.000592604
-0.000617757
-0.000632248
-0.000639101
-0.000637825
-0.00062778
-0.00060923
-0.000581321
-0.000541585
-0.000488565
-0.000427798
-0.000378838
-0.00058034
-0.000595462
-0.000612107
-0.000627796
-0.000638015
-0.000642383
-0.000640865
-0.000632891
-0.000618896
-0.000600773
-0.000580364
-0.000555816
-0.0005194
-0.000486459
-0.000583516
-0.00060076
-0.000616473
-0.000634344
-0.00064723
-0.000653533
-0.000653045
-0.000645608
-0.000631828
-0.00061366
-0.000593487
-0.000565367
-0.000522044
-0.000478383
-0.000584546
-0.000601264
-0.000616253
-0.000635545
-0.000651217
-0.000660356
-0.00066223
-0.000656195
-0.00064276
-0.000622419
-0.000594972
-0.000558761
-0.000515034
-0.000474178
-0.000582563
-0.000599395
-0.000614508
-0.000634591
-0.000651524
-0.000662556
-0.000666014
-0.000661343
-0.000648908
-0.00062912
-0.000601023
-0.000563608
-0.00051964
-0.00048042
-0.00057925
-0.000596445
-0.000612107
-0.000632974
-0.000650617
-0.000662773
-0.000667655
-0.000664705
-0.0006546
-0.000637484
-0.000611526
-0.000574176
-0.000528527
-0.000488745
-0.000575531
-0.000592861
-0.000609246
-0.000630981
-0.000649424
-0.000662577
-0.000668844
-0.000667834
-0.000660339
-0.000646136
-0.000622226
-0.000584482
-0.000536637
-0.000496444
-0.000571485
-0.000588753
-0.000606059
-0.000628725
-0.000648082
-0.000662287
-0.000669942
-0.000670879
-0.000665721
-0.000653931
-0.000631252
-0.00059271
-0.000542953
-0.000502811
-0.000566866
-0.000584109
-0.000602601
-0.000626256
-0.000646517
-0.00066167
-0.000670622
-0.000673364
-0.00067021
-0.000660076
-0.000637994
-0.000598623
-0.000547398
-0.000507859
-0.000561961
-0.000579389
-0.000599013
-0.000623699
-0.000644773
-0.000660673
-0.000670711
-0.000674981
-0.000673406
-0.000664468
-0.000642773
-0.000602767
-0.000550317
-0.000511502
-0.000557737
-0.000575419
-0.000595768
-0.000621394
-0.000643136
-0.000659533
-0.00067036
-0.000675789
-0.000675448
-0.000667483
-0.00064612
-0.000605539
-0.000552085
-0.000513741
-0.000555283
-0.000572993
-0.000593591
-0.000619764
-0.000641925
-0.000658621
-0.000669937
-0.000676127
-0.000676663
-0.000669412
-0.000648292
-0.000607228
-0.000552978
-0.000514744
-0.000554988
-0.000572555
-0.000593035
-0.000619174
-0.000641347
-0.000658137
-0.000669665
-0.000676211
-0.000677236
-0.000670399
-0.000649383
-0.000607977
-0.00055317
-0.000514592
-0.000556502
-0.000574034
-0.000594152
-0.000619721
-0.000641478
-0.000658089
-0.000669558
-0.000676127
-0.000677259
-0.000670505
-0.000649401
-0.00060771
-0.000552482
-0.000513286
-0.000559402
-0.000577051
-0.00059662
-0.000621269
-0.000642292
-0.000658461
-0.000669616
-0.000675903
-0.000676789
-0.000669764
-0.000648306
-0.000606279
-0.000550667
-0.000510746
-0.000563296
-0.00058113
-0.000600066
-0.000623681
-0.000643795
-0.000659285
-0.000669881
-0.000675608
-0.000675897
-0.000668185
-0.000646044
-0.000603552
-0.000547635
-0.000506841
-0.000567853
-0.000585844
-0.000604157
-0.000626867
-0.000646021
-0.000660643
-0.000670441
-0.000675286
-0.00067458
-0.000665674
-0.00064238
-0.000599271
-0.000543302
-0.000501531
-0.000572702
-0.000590867
-0.000608663
-0.000630692
-0.000648938
-0.000662563
-0.000671277
-0.000674823
-0.000672634
-0.000661959
-0.000637067
-0.000593299
-0.000537526
-0.000494868
-0.000577486
-0.000595851
-0.000613309
-0.000634845
-0.000652253
-0.000664729
-0.000672007
-0.000673817
-0.000669587
-0.000656625
-0.000629899
-0.00058551
-0.000530154
-0.000486895
-0.000581709
-0.000600421
-0.000617581
-0.000638727
-0.000655269
-0.000666369
-0.000671845
-0.000671581
-0.00066484
-0.00064931
-0.000620777
-0.000575982
-0.000521397
-0.000477633
-0.000584819
-0.000603931
-0.000620802
-0.000641539
-0.000657055
-0.000666493
-0.000669967
-0.000667344
-0.00065798
-0.000639988
-0.000609975
-0.000565226
-0.000511805
-0.000467738
-0.000586355
-0.00060583
-0.000622437
-0.000642665
-0.000657015
-0.000664638
-0.000666066
-0.000661057
-0.0006493
-0.000629361
-0.000598516
-0.000554426
-0.000502366
-0.000458515
-0.000586275
-0.000605955
-0.000622364
-0.000642017
-0.000655231
-0.000661228
-0.000660686
-0.000653659
-0.00064006
-0.000618933
-0.000588036
-0.000545175
-0.000494496
-0.000451364
-0.000585014
-0.000604557
-0.000620987
-0.000640143
-0.00065255
-0.000657348
-0.000655326
-0.00064689
-0.000632169
-0.000610588
-0.000580192
-0.00053871
-0.000489284
-0.000446953
-0.000583086
-0.000602467
-0.000618996
-0.000638035
-0.000650255
-0.000654561
-0.000651792
-0.00064265
-0.000627466
-0.000605885
-0.000576076
-0.000535596
-0.000486958
-0.000445096
-0.000581327
-0.000600655
-0.000617367
-0.000636789
-0.000649492
-0.000654124
-0.000651469
-0.000642291
-0.000627085
-0.000605611
-0.000576038
-0.000535774
-0.000487171
-0.000445251
-0.00058027
-0.000599551
-0.000616548
-0.000636809
-0.000650578
-0.000656297
-0.0006546
-0.000646023
-0.000631156
-0.000609809
-0.000580044
-0.00053917
-0.00048977
-0.000447293
-0.000579484
-0.000598843
-0.000616082
-0.000637497
-0.000652834
-0.000660266
-0.000660235
-0.000652919
-0.000638903
-0.000617913
-0.000587798
-0.000545738
-0.000494954
-0.000451542
-0.000578266
-0.0005977
-0.000615084
-0.000637742
-0.000654995
-0.000664642
-0.000666824
-0.000661454
-0.00064895
-0.000628834
-0.000598576
-0.000555144
-0.000502697
-0.000458164
-0.000576206
-0.000595289
-0.000612908
-0.00063658
-0.000655745
-0.000667977
-0.000672706
-0.000669896
-0.000659615
-0.000641099
-0.000611208
-0.00056662
-0.000512363
-0.000466931
-0.000572702
-0.000591331
-0.000609228
-0.000633566
-0.00065438
-0.000669146
-0.000676653
-0.000676681
-0.00066926
-0.0006531
-0.000624309
-0.000579061
-0.000522924
-0.000476956
-0.000567784
-0.000585985
-0.000604174
-0.000628978
-0.000651085
-0.000667966
-0.00067812
-0.000680997
-0.000676748
-0.000663499
-0.000636545
-0.000591214
-0.000533473
-0.000487088
-0.000561931
-0.000579777
-0.000598291
-0.000623596
-0.000646715
-0.000665183
-0.000677497
-0.000683069
-0.000681726
-0.000671538
-0.000646895
-0.000602093
-0.000543307
-0.000496534
-0.000555776
-0.000573276
-0.000592198
-0.000618253
-0.000642407
-0.000662097
-0.000675974
-0.000683663
-0.000684677
-0.000677155
-0.000654812
-0.000610902
-0.000551551
-0.000504807
-0.000549936
-0.000566945
-0.000586362
-0.000613644
-0.000639085
-0.0006598
-0.000674682
-0.000683745
-0.000686379
-0.000680686
-0.000660129
-0.000617174
-0.000557567
-0.000511512
-0.000544842
-0.000561318
-0.000581222
-0.00061012
-0.000637143
-0.000658798
-0.00067421
-0.000683899
-0.000687464
-0.000682707
-0.000663192
-0.000620763
-0.000560997
-0.000516078
-0.000540656
-0.000556818
-0.000577262
-0.000607846
-0.00063649
-0.000658963
-0.000674536
-0.000684275
-0.000688221
-0.000683774
-0.000664464
-0.00062183
-0.000561785
-0.000518142
-0.000538113
-0.00055432
-0.000575232
-0.000607031
-0.000636915
-0.000659994
-0.000675495
-0.000684921
-0.000688713
-0.000684083
-0.000664332
-0.000621022
-0.000560574
-0.000517906
-0.000539023
-0.000555214
-0.000576105
-0.000607922
-0.000637907
-0.000661082
-0.000676537
-0.000685732
-0.000689156
-0.000684018
-0.000663524
-0.000619569
-0.000558906
-0.000516489
-0.000542941
-0.000559164
-0.000579646
-0.000610197
-0.000638911
-0.000661598
-0.000677175
-0.00068645
-0.000689588
-0.000683912
-0.000662805
-0.000618647
-0.00055813
-0.000515165
-0.000547503
-0.000564298
-0.000584336
-0.000613103
-0.000639987
-0.00066186
-0.000677485
-0.000686915
-0.000689856
-0.000683679
-0.000662206
-0.00061821
-0.000557991
-0.000514013
-0.000552432
-0.000569965
-0.00058949
-0.000616545
-0.000641713
-0.000662623
-0.000677937
-0.000687086
-0.000689478
-0.000682541
-0.000660571
-0.000616746
-0.00055688
-0.000511871
-0.000558342
-0.000576355
-0.000595253
-0.000620922
-0.00064464
-0.000664384
-0.000678743
-0.000686853
-0.000687918
-0.000679497
-0.000656363
-0.000612304
-0.000552936
-0.000507212
-0.000565199
-0.000583341
-0.000601627
-0.00062632
-0.000648816
-0.000667147
-0.000679798
-0.000685919
-0.000684678
-0.000673901
-0.000648682
-0.000603798
-0.000545147
-0.000499245
-0.000572108
-0.00059035
-0.000608187
-0.000632226
-0.000653531
-0.000670016
-0.000680237
-0.000683565
-0.00067929
-0.000665569
-0.000637726
-0.000591731
-0.000534008
-0.000488429
-0.00057795
-0.000596519
-0.000614074
-0.000637561
-0.00065748
-0.00067164
-0.000678992
-0.000679096
-0.000671586
-0.000654665
-0.000624323
-0.000577619
-0.000521201
-0.000475987
-0.000581874
-0.000600987
-0.000618353
-0.000641225
-0.000659472
-0.000671016
-0.00067533
-0.000672196
-0.000661492
-0.000641736
-0.000609745
-0.000563253
-0.000508471
-0.000463615
-0.000583539
-0.000603245
-0.000620521
-0.000642591
-0.000659007
-0.0006679
-0.000669338
-0.000663272
-0.00064981
-0.000628109
-0.000595631
-0.000550322
-0.00049734
-0.000453137
-0.000583453
-0.000603365
-0.000620677
-0.00064175
-0.000656393
-0.000662977
-0.000661993
-0.000653633
-0.000638337
-0.000615708
-0.000583685
-0.000540129
-0.000488951
-0.00044575
-0.00058248
-0.000602271
-0.000619565
-0.00063972
-0.000652959
-0.000657858
-0.000655113
-0.000645375
-0.000629205
-0.000606425
-0.000575265
-0.000533407
-0.000483763
-0.000441407
-0.000581547
-0.000601101
-0.000618412
-0.000638093
-0.000650553
-0.00065448
-0.000650841
-0.000640531
-0.000624123
-0.00060151
-0.000571025
-0.000530207
-0.000481498
-0.000439331
-0.000597759
-0.000611511
-0.000622883
-0.000635571
-0.000644871
-0.00064921
-0.000648539
-0.000642345
-0.000630465
-0.000613819
-0.000593359
-0.000566876
-0.00053213
-0.000507308
-0.000601796
-0.000617637
-0.000628576
-0.000642997
-0.000653698
-0.000659092
-0.00065896
-0.000652977
-0.00064138
-0.000625419
-0.000606514
-0.000580263
-0.000541376
-0.000505444
-0.000601815
-0.000616447
-0.00062797
-0.000645021
-0.00065927
-0.000667516
-0.000668927
-0.000663237
-0.000650926
-0.000632664
-0.00060869
-0.000577616
-0.000539454
-0.000504345
-0.000597964
-0.000612487
-0.000624575
-0.00064272
-0.000658679
-0.000668925
-0.000671323
-0.000665966
-0.00065367
-0.000635347
-0.000610763
-0.000579082
-0.000541218
-0.000507727
-0.000592418
-0.000607555
-0.000620859
-0.000639896
-0.000656404
-0.000667504
-0.00067099
-0.000666841
-0.000656341
-0.000640301
-0.000617649
-0.00058589
-0.000545925
-0.000512107
-0.000585998
-0.000601757
-0.00061658
-0.00063684
-0.000654154
-0.000666134
-0.000670917
-0.000668563
-0.000660482
-0.000647022
-0.000625912
-0.000592863
-0.000549697
-0.00051626
-0.000579191
-0.00059522
-0.00061144
-0.000633188
-0.00065165
-0.000664759
-0.000671047
-0.000670738
-0.000664919
-0.0006535
-0.000632818
-0.000597736
-0.000551542
-0.000519731
-0.00057197
-0.000588206
-0.000605709
-0.000628926
-0.000648599
-0.000662929
-0.00067076
-0.000672375
-0.000668424
-0.000658281
-0.000637458
-0.00060043
-0.00055201
-0.000522547
-0.000564816
-0.000581352
-0.000599932
-0.000624468
-0.000645237
-0.000660609
-0.000669799
-0.000673049
-0.000670653
-0.000661432
-0.000640371
-0.000601604
-0.000551875
-0.000524486
-0.000558837
-0.000575761
-0.000594975
-0.000620525
-0.000642201
-0.000658423
-0.000668685
-0.000673227
-0.000672072
-0.000663646
-0.000642299
-0.000602089
-0.000551617
-0.000525475
-0.00055518
-0.000572395
-0.000591837
-0.00061788
-0.000640116
-0.000656927
-0.000667933
-0.000673371
-0.000673169
-0.000665382
-0.000643795
-0.000602542
-0.000551482
-0.000525804
-0.000554338
-0.000571584
-0.000591024
-0.000617022
-0.000639319
-0.000656334
-0.000667695
-0.000673617
-0.000674055
-0.00066672
-0.000645119
-0.000603288
-0.000551511
-0.000525581
-0.000555997
-0.000573199
-0.000592467
-0.000617916
-0.00063974
-0.000656511
-0.000667825
-0.000673876
-0.000674597
-0.00066756
-0.000646172
-0.000604179
-0.000551464
-0.000524764
-0.000559751
-0.000576948
-0.000595774
-0.00062024
-0.00064115
-0.000657278
-0.000668195
-0.000674032
-0.000674708
-0.000667745
-0.000646612
-0.000604792
-0.000551137
-0.000523218
-0.000565221
-0.000582344
-0.000600458
-0.000623674
-0.000643399
-0.000658603
-0.000668829
-0.000674127
-0.000674396
-0.000667147
-0.000646064
-0.000604627
-0.000550361
-0.000520674
-0.000571928
-0.000588853
-0.000606057
-0.000628005
-0.000646478
-0.000660583
-0.000669843
-0.000674234
-0.000673661
-0.000665632
-0.000644273
-0.000603251
-0.000548935
-0.000517014
-0.00057919
-0.000595967
-0.000612283
-0.000633124
-0.000650427
-0.000663321
-0.000671311
-0.000674356
-0.000672437
-0.000663108
-0.000640999
-0.000600373
-0.000546769
-0.000512288
-0.000586451
-0.000603237
-0.000618833
-0.000638819
-0.000655062
-0.000666618
-0.000672982
-0.000674264
-0.000670486
-0.000659335
-0.000636056
-0.000595901
-0.000543637
-0.000506646
-0.000593262
-0.000610272
-0.00062519
-0.000644534
-0.000659746
-0.000669754
-0.000674137
-0.000673379
-0.000667327
-0.000653997
-0.000629442
-0.000589798
-0.000539022
-0.00050032
-0.000599233
-0.000616469
-0.000630688
-0.000649427
-0.000663536
-0.000671786
-0.000674119
-0.000671094
-0.000662576
-0.000647088
-0.000621435
-0.00058239
-0.000533181
-0.000493549
-0.000603952
-0.000621229
-0.000634635
-0.000652701
-0.000665545
-0.000671867
-0.000672206
-0.000666854
-0.000656089
-0.000638899
-0.000612744
-0.000574601
-0.00052693
-0.000487148
-0.000607084
-0.000624118
-0.000636652
-0.000653907
-0.00066545
-0.000670089
-0.000668451
-0.00066113
-0.00064863
-0.000630389
-0.000604376
-0.000567552
-0.000521302
-0.000482038
-0.00060863
-0.000625222
-0.000636906
-0.00065339
-0.000663934
-0.000667276
-0.000664124
-0.00065542
-0.000641845
-0.0006232
-0.00059775
-0.000562285
-0.00051722
-0.000478702
-0.000608757
-0.000625016
-0.000636093
-0.000652209
-0.000662422
-0.000665132
-0.000661132
-0.00065167
-0.000637595
-0.00061895
-0.000594093
-0.000559596
-0.000515246
-0.000477191
-0.000607887
-0.000624054
-0.000635094
-0.00065149
-0.00066209
-0.000664978
-0.000660927
-0.000651327
-0.000637188
-0.000618667
-0.00059409
-0.000559828
-0.000515495
-0.000477383
-0.000606296
-0.000622533
-0.000634229
-0.000651622
-0.000663271
-0.000667098
-0.000663828
-0.000654717
-0.000640888
-0.000622528
-0.000597839
-0.000563006
-0.0005179
-0.000479258
-0.000603744
-0.000620268
-0.000633053
-0.000651967
-0.000665296
-0.000670706
-0.000668937
-0.000660962
-0.0006479
-0.000629876
-0.000604856
-0.000568846
-0.000522394
-0.000482864
-0.000599767
-0.000616713
-0.000630645
-0.000651206
-0.000666671
-0.000674289
-0.000674588
-0.000668444
-0.000656723
-0.000639437
-0.000614165
-0.000576725
-0.000528581
-0.000488078
-0.000594439
-0.0006114
-0.000626327
-0.000648233
-0.00066583
-0.000676179
-0.000678932
-0.000675293
-0.000665619
-0.000649675
-0.000624518
-0.000585769
-0.000535705
-0.000494632
-0.000587694
-0.000604382
-0.000620102
-0.000642894
-0.000662259
-0.000675286
-0.000680959
-0.000680065
-0.000673091
-0.000659141
-0.000634692
-0.000595022
-0.000542911
-0.000501877
-0.000579748
-0.000596122
-0.000612548
-0.000635973
-0.000656646
-0.000671887
-0.000680427
-0.000682374
-0.000678317
-0.000666875
-0.000643783
-0.000603456
-0.000549403
-0.000508963
-0.000571059
-0.000587274
-0.000604415
-0.000628544
-0.00065033
-0.000667327
-0.000678242
-0.000682928
-0.000681471
-0.00067256
-0.000650988
-0.000610215
-0.00055445
-0.000515321
-0.000562334
-0.000578537
-0.000596351
-0.000621491
-0.000644451
-0.000662878
-0.000675579
-0.000682411
-0.000683076
-0.000676249
-0.000655993
-0.000614858
-0.00055776
-0.000520826
-0.000554581
-0.000570614
-0.000588885
-0.000615333
-0.000639738
-0.000659511
-0.000673501
-0.00068177
-0.000683901
-0.000678378
-0.000658822
-0.000617055
-0.000559284
-0.000525059
-0.000548571
-0.000564175
-0.000582438
-0.000610295
-0.000636373
-0.000657455
-0.000672333
-0.000681414
-0.000684342
-0.000679223
-0.000659465
-0.000616674
-0.000558943
-0.000527585
-0.000544266
-0.000559412
-0.000577362
-0.000606543
-0.000634354
-0.00065663
-0.000672004
-0.000681301
-0.000684391
-0.000678995
-0.000658359
-0.00061426
-0.000557013
-0.000528221
-0.00054173
-0.000556734
-0.000574396
-0.000604445
-0.000633559
-0.000656715
-0.000672267
-0.00068133
-0.000684074
-0.000677999
-0.000656255
-0.000610974
-0.000554268
-0.00052725
-0.000542322
-0.000557291
-0.000574862
-0.000604819
-0.000633942
-0.000657138
-0.000672594
-0.000681386
-0.000683723
-0.000676969
-0.000654454
-0.000608652
-0.000552156
-0.000525653
-0.000545663
-0.00056081
-0.000578606
-0.000607542
-0.000635322
-0.000657747
-0.000673018
-0.000681739
-0.000683855
-0.000676695
-0.000654107
-0.000608784
-0.000552058
-0.000524554
-0.000549916
-0.000565801
-0.000583986
-0.000611556
-0.000637527
-0.000658853
-0.000673826
-0.000682517
-0.000684563
-0.000677342
-0.000655233
-0.000611155
-0.000553905
-0.000524252
-0.000555646
-0.000572191
-0.000590423
-0.000616537
-0.000640764
-0.000660935
-0.000675356
-0.00068366
-0.000685341
-0.000677995
-0.000656441
-0.000613762
-0.00055622
-0.00052382
-0.00056368
-0.000580371
-0.000598077
-0.000622782
-0.000645493
-0.000664353
-0.000677635
-0.000684817
-0.000685374
-0.000677254
-0.000655693
-0.000614078
-0.000556927
-0.000521657
-0.000573367
-0.000589866
-0.000606731
-0.000630275
-0.000651669
-0.000668942
-0.000680382
-0.000685536
-0.000684011
-0.000674174
-0.000651647
-0.000610498
-0.000554559
-0.00051676
-0.00058326
-0.00059967
-0.000615754
-0.000638467
-0.0006586
-0.000673852
-0.000682701
-0.000685054
-0.000680729
-0.000668503
-0.000644265
-0.000603137
-0.000548913
-0.000509377
-0.000592097
-0.000608772
-0.000624238
-0.000646289
-0.000664934
-0.000677623
-0.000683385
-0.000682494
-0.000675164
-0.000660332
-0.000634347
-0.000593296
-0.000540913
-0.000500417
-0.000599166
-0.00061628
-0.000631127
-0.000652365
-0.000669137
-0.000678934
-0.00068151
-0.000677431
-0.000667249
-0.000650037
-0.000622886
-0.00058249
-0.000532072
-0.000491277
-0.000604171
-0.0006216
-0.000635603
-0.000655691
-0.000670377
-0.000677403
-0.000677101
-0.000670277
-0.000657593
-0.000638699
-0.000611301
-0.000572239
-0.000523789
-0.000483385
-0.000607318
-0.000624537
-0.000637469
-0.000656165
-0.000668905
-0.000673632
-0.000671037
-0.000662033
-0.000647652
-0.000627962
-0.000601088
-0.000563771
-0.000517119
-0.000477611
-0.00060894
-0.000625671
-0.000637459
-0.000654871
-0.000666129
-0.000669213
-0.000664914
-0.000654573
-0.000639376
-0.00061958
-0.000593541
-0.000557854
-0.000512664
-0.000473998
-0.000609386
-0.000625671
-0.000636694
-0.000653474
-0.000663983
-0.000666161
-0.000661003
-0.000650105
-0.000634668
-0.000615015
-0.000589595
-0.000554903
-0.000510606
-0.000472146
-0.000601121
-0.000617018
-0.00062718
-0.000638754
-0.00064717
-0.000651009
-0.00065041
-0.000644904
-0.0006336
-0.000616989
-0.000595011
-0.000565922
-0.000533976
-0.000517219
-0.000603232
-0.000621219
-0.000632598
-0.000646177
-0.000655699
-0.000660621
-0.000660573
-0.000655086
-0.000643985
-0.000628165
-0.000608634
-0.000581836
-0.00054396
-0.000516771
-0.000600961
-0.000617423
-0.000630178
-0.000647451
-0.000661172
-0.000669086
-0.000670096
-0.000664247
-0.000651891
-0.000633939
-0.000611106
-0.000581953
-0.000544877
-0.000515611
-0.000594945
-0.000611156
-0.000624299
-0.000642899
-0.000658812
-0.000668911
-0.000670786
-0.000664951
-0.000652259
-0.000633975
-0.000610571
-0.000580926
-0.000544218
-0.0005165
-0.000587203
-0.000604327
-0.000618661
-0.000638285
-0.00065472
-0.000665562
-0.000668456
-0.00066366
-0.000652533
-0.000636119
-0.000613912
-0.000583182
-0.000544021
-0.000518224
-0.000578017
-0.000596217
-0.000612175
-0.000633555
-0.000651155
-0.000662939
-0.000667155
-0.000664031
-0.000655021
-0.000640464
-0.000618335
-0.000584789
-0.000543233
-0.000520374
-0.000568121
-0.000587022
-0.000604412
-0.000627633
-0.000646879
-0.000660226
-0.000666146
-0.00066493
-0.000657674
-0.000643993
-0.000620878
-0.000584517
-0.000541739
-0.000522263
-0.000558361
-0.000577517
-0.000596002
-0.000620766
-0.000641499
-0.000656417
-0.000664083
-0.000664631
-0.000658695
-0.000645439
-0.000621317
-0.000582841
-0.000539986
-0.000523716
-0.000549571
-0.000568746
-0.000587924
-0.000613874
-0.000635854
-0.000652088
-0.000661242
-0.000663248
-0.000658486
-0.000645639
-0.00062062
-0.000580534
-0.000538419
-0.000524591
-0.000542511
-0.000561899
-0.00058137
-0.000608093
-0.000631094
-0.000648418
-0.000658778
-0.000662007
-0.000658261
-0.000645679
-0.000619774
-0.000578454
-0.000537204
-0.000524857
-0.000538046
-0.000557854
-0.000577479
-0.000604513
-0.000628147
-0.000646243
-0.000657501
-0.00066165
-0.000658673
-0.000646243
-0.000619619
-0.00057739
-0.000536484
-0.000524785
-0.000536544
-0.000556682
-0.000576583
-0.000603654
-0.000627411
-0.000645792
-0.000657497
-0.000662211
-0.000659804
-0.000647633
-0.000620709
-0.00057778
-0.000536246
-0.000524474
-0.000537842
-0.00055821
-0.0005784
-0.000605225
-0.000628579
-0.000646699
-0.000658375
-0.00066333
-0.000661346
-0.000649617
-0.000622851
-0.000579349
-0.00053627
-0.000523861
-0.000541805
-0.000562324
-0.000582504
-0.00060867
-0.000631143
-0.00064852
-0.000659752
-0.000664629
-0.000662866
-0.000651604
-0.000625348
-0.000581492
-0.000536381
-0.000522755
-0.000548215
-0.000568698
-0.000588415
-0.000613529
-0.000634763
-0.000651034
-0.000661457
-0.000665897
-0.000664021
-0.000653018
-0.000627375
-0.000583519
-0.000536347
-0.000520859
-0.000556383
-0.000576721
-0.000595648
-0.000619489
-0.000639293
-0.0006542
-0.000663466
-0.000667046
-0.000664621
-0.000653505
-0.000628341
-0.000584926
-0.000535967
-0.000518028
-0.000565455
-0.000585649
-0.000603756
-0.00062638
-0.000644759
-0.000658142
-0.000665927
-0.000668225
-0.000664704
-0.000652913
-0.000627906
-0.000585342
-0.000535295
-0.000514237
-0.000574705
-0.00059492
-0.000612408
-0.000634053
-0.000651104
-0.000662833
-0.00066882
-0.000669387
-0.000664191
-0.000651199
-0.000626079
-0.000584663
-0.000534303
-0.000509628
-0.000583754
-0.000604186
-0.000621268
-0.000642151
-0.000657912
-0.000667792
-0.00067165
-0.000670098
-0.000662839
-0.000648342
-0.000622969
-0.000582733
-0.000532513
-0.000504488
-0.000592408
-0.000613018
-0.000629733
-0.000649863
-0.000664185
-0.000671928
-0.000673435
-0.000669565
-0.000660124
-0.000644115
-0.000618568
-0.000579579
-0.000529881
-0.000499063
-0.000600265
-0.000620772
-0.000636946
-0.000656115
-0.000668775
-0.000674212
-0.000673469
-0.000667242
-0.00065582
-0.000638602
-0.000613123
-0.0005755
-0.000526755
-0.000494083
-0.000606628
-0.00062675
-0.000642145
-0.000660169
-0.000671117
-0.000674613
-0.000671735
-0.000663415
-0.000650446
-0.000632532
-0.000607499
-0.000571239
-0.000523566
-0.000490212
-0.000610994
-0.000630596
-0.000645015
-0.000662107
-0.000671869
-0.000673968
-0.000669259
-0.000659327
-0.000645341
-0.000627175
-0.0006028
-0.000567778
-0.000520918
-0.000487759
-0.000613085
-0.000632323
-0.000646045
-0.000662707
-0.000671912
-0.000673163
-0.000667373
-0.000656525
-0.000642052
-0.000623956
-0.000600169
-0.000565957
-0.000519514
-0.000486649
-0.00061299
-0.000632118
-0.000645805
-0.000662705
-0.000672182
-0.000673431
-0.000667448
-0.000656382
-0.000641835
-0.000623892
-0.000600368
-0.000566301
-0.000519761
-0.000486853
-0.000610799
-0.00063003
-0.000644486
-0.000662381
-0.000672928
-0.000675104
-0.000669877
-0.000659261
-0.000644998
-0.000627196
-0.000603529
-0.000568892
-0.000521651
-0.000488399
-0.000606377
-0.000625915
-0.000641643
-0.000661129
-0.000673421
-0.000677351
-0.000673808
-0.000664351
-0.00065079
-0.000633225
-0.000609148
-0.000573341
-0.000524953
-0.000491272
-0.000599612
-0.000619583
-0.000636602
-0.000657898
-0.000672392
-0.000678775
-0.000677545
-0.000670041
-0.000657767
-0.000640761
-0.00061622
-0.000578906
-0.000529078
-0.000495427
-0.000591053
-0.000611152
-0.000628964
-0.000651922
-0.000668952
-0.000678266
-0.000679673
-0.000674777
-0.0006644
-0.000648381
-0.000623573
-0.000584632
-0.000533288
-0.000500642
-0.000581296
-0.000601159
-0.000619284
-0.000643358
-0.000662584
-0.000674909
-0.00067952
-0.000677363
-0.000669383
-0.000654877
-0.000630137
-0.000589619
-0.000537081
-0.000506387
-0.000570835
-0.000590331
-0.000608608
-0.00063335
-0.000654201
-0.000669079
-0.000676797
-0.000677573
-0.000672194
-0.000659465
-0.000635042
-0.000593253
-0.000540091
-0.000511976
-0.000560018
-0.000579335
-0.000597894
-0.000623262
-0.000645375
-0.000662238
-0.000672522
-0.000676015
-0.000673013
-0.000661989
-0.000637965
-0.000595122
-0.000541889
-0.000516885
-0.000549476
-0.000568808
-0.000587763
-0.000613958
-0.000637329
-0.000655842
-0.000668105
-0.00067371
-0.000672531
-0.000662716
-0.000638802
-0.000595078
-0.000542578
-0.000520999
-0.000540458
-0.000559677
-0.000578705
-0.000605778
-0.000630534
-0.000650624
-0.000664402
-0.000671442
-0.000671347
-0.000661972
-0.000637586
-0.000593065
-0.000542262
-0.000524036
-0.000534297
-0.00055281
-0.000571132
-0.000598856
-0.000625028
-0.000646622
-0.000661579
-0.000669493
-0.000669735
-0.000659989
-0.000634484
-0.000589228
-0.00054088
-0.000525722
-0.00053075
-0.000548258
-0.000565243
-0.000593281
-0.000620758
-0.000643685
-0.000659513
-0.00066781
-0.000667831
-0.000657131
-0.000630095
-0.000584242
-0.000538692
-0.000525949
-0.000529003
-0.000545888
-0.000561632
-0.000589656
-0.000617935
-0.000641718
-0.000657949
-0.000666171
-0.000665741
-0.000654061
-0.000625662
-0.000579478
-0.000536266
-0.000525008
-0.000529454
-0.000546286
-0.000561863
-0.000589633
-0.000617705
-0.000641317
-0.000657303
-0.000665168
-0.00066433
-0.000652153
-0.000623219
-0.000576962
-0.00053452
-0.000523611
-0.000531723
-0.000549144
-0.000565754
-0.000593241
-0.00062027
-0.000642833
-0.000658139
-0.000665673
-0.000664723
-0.000652694
-0.000624253
-0.000578151
-0.000534394
-0.000522608
-0.000534947
-0.000553623
-0.000571608
-0.000598784
-0.000624521
-0.000645809
-0.000660329
-0.000667603
-0.000666868
-0.000655548
-0.000628379
-0.000582675
-0.000536091
-0.000522373
-0.000540754
-0.00056037
-0.000579165
-0.000605739
-0.00063013
-0.00065014
-0.000663809
-0.000670686
-0.000670035
-0.000659397
-0.000633624
-0.000588559
-0.000538869
-0.000522311
-0.000550155
-0.000569895
-0.000588644
-0.000614292
-0.000637304
-0.00065591
-0.000668334
-0.000674151
-0.00067275
-0.000662089
-0.000637285
-0.000593123
-0.000541112
-0.000521098
-0.000561759
-0.000581307
-0.000599583
-0.000624255
-0.00064586
-0.000662721
-0.000673204
-0.000677041
-0.000673881
-0.000662201
-0.000637544
-0.000594381
-0.000541356
-0.000517689
-0.000573687
-0.000593276
-0.00061119
-0.000635077
-0.000655216
-0.000669867
-0.000677696
-0.000678765
-0.000673099
-0.000659594
-0.000634291
-0.000592065
-0.000539133
-0.000512022
-0.000584851
-0.000604864
-0.000622672
-0.000645884
-0.000664303
-0.000676187
-0.000680804
-0.00067865
-0.000670194
-0.000654588
-0.000628395
-0.00058713
-0.000534916
-0.000504824
-0.000594842
-0.000615358
-0.000633035
-0.00065532
-0.000671584
-0.000680327
-0.000681567
-0.00067616
-0.000665039
-0.000647592
-0.000620915
-0.000580856
-0.000529804
-0.00049739
-0.000603333
-0.000624049
-0.000641136
-0.000662051
-0.000675903
-0.000681544
-0.000679643
-0.000671398
-0.00065802
-0.000639347
-0.000612873
-0.000574386
-0.000524769
-0.000491015
-0.000609979
-0.000630404
-0.000646326
-0.000665654
-0.000677222
-0.000680245
-0.000675735
-0.00066514
-0.000650215
-0.000631054
-0.000605347
-0.000568598
-0.00052039
-0.00048641
-0.000614435
-0.000634274
-0.000648842
-0.00066676
-0.000676598
-0.000677719
-0.000671183
-0.0006591
-0.000643393
-0.000624263
-0.000599474
-0.000564255
-0.000517184
-0.000483543
-0.000616497
-0.000635849
-0.000649489
-0.000666725
-0.00067566
-0.000675735
-0.000668147
-0.000655436
-0.000639462
-0.000620483
-0.000596302
-0.000562018
-0.000515663
-0.000482022
-0.000589271
-0.000611469
-0.000623327
-0.000635528
-0.000644315
-0.000648605
-0.000648053
-0.0006422
-0.000630194
-0.000611934
-0.000587219
-0.000556938
-0.000530043
-0.000519942
-0.000586481
-0.000610953
-0.000625841
-0.000641469
-0.000651907
-0.000657574
-0.000657618
-0.000651742
-0.000639794
-0.000622547
-0.00060016
-0.000569924
-0.000534839
-0.000518733
-0.000580638
-0.000603654
-0.00061971
-0.000639484
-0.000654667
-0.000663557
-0.000664872
-0.000658629
-0.000645291
-0.000626139
-0.000602031
-0.000571465
-0.000535412
-0.000516458
-0.000572663
-0.000595391
-0.000611696
-0.0006325
-0.000649604
-0.000660426
-0.000662738
-0.000656723
-0.000643375
-0.000624236
-0.000600026
-0.000569229
-0.000533624
-0.000516106
-0.000563156
-0.000586917
-0.000604474
-0.000626342
-0.000644033
-0.000655509
-0.000658743
-0.000653921
-0.000642161
-0.000624409
-0.000600175
-0.000567427
-0.00053145
-0.000516811
-0.000551998
-0.000576906
-0.000596033
-0.000619792
-0.000638916
-0.000651606
-0.000656218
-0.000652876
-0.000642626
-0.000625456
-0.000599706
-0.00056437
-0.000529434
-0.000518158
-0.000540427
-0.000566033
-0.000586236
-0.000611631
-0.000632457
-0.000646873
-0.000653158
-0.000651277
-0.000641938
-0.000624377
-0.000596867
-0.000560271
-0.000527743
-0.000519427
-0.00053011
-0.000555553
-0.000576175
-0.000602565
-0.000624645
-0.00064048
-0.000648234
-0.000647689
-0.000638993
-0.000621069
-0.00059255
-0.000555832
-0.000526278
-0.000520325
-0.000521692
-0.000546596
-0.000567075
-0.000593927
-0.000616874
-0.000633743
-0.000642676
-0.000643202
-0.000635123
-0.000617148
-0.000588066
-0.000551714
-0.000524984
-0.000520784
-0.000515306
-0.000539987
-0.000560126
-0.00058703
-0.000610551
-0.000628256
-0.000638152
-0.000639513
-0.000631978
-0.000613932
-0.000584386
-0.000548443
-0.000523875
-0.000520844
-0.000511087
-0.000536085
-0.000556262
-0.0005831
-0.000606904
-0.000625138
-0.000635734
-0.000637726
-0.000630535
-0.000612369
-0.000582442
-0.000546609
-0.000523124
-0.000520669
-0.00050889
-0.000534535
-0.000555395
-0.000582459
-0.000606446
-0.000624932
-0.000635883
-0.00063828
-0.000631383
-0.000613216
-0.000582928
-0.000546562
-0.000522768
-0.000520323
-0.000508801
-0.000535172
-0.000557036
-0.000584544
-0.000608579
-0.000627026
-0.000638003
-0.000640622
-0.000634036
-0.000616073
-0.000585477
-0.000547954
-0.000522627
-0.00051971
-0.000511322
-0.000538276
-0.000560951
-0.000588715
-0.000612489
-0.000630524
-0.000641225
-0.000643899
-0.000637533
-0.000619886
-0.00058913
-0.000550159
-0.000522419
-0.000518612
-0.000516645
-0.000543974
-0.000566974
-0.000594554
-0.000617669
-0.000634918
-0.000644996
-0.000647434
-0.000641084
-0.000623684
-0.000592905
-0.000552537
-0.000521867
-0.000516784
-0.000524128
-0.000551831
-0.000574762
-0.00060177
-0.000623893
-0.00063999
-0.000649038
-0.000650822
-0.000644242
-0.000626949
-0.00059624
-0.000554695
-0.00052079
-0.000514081
-0.000532962
-0.000561053
-0.000583766
-0.000610077
-0.00063104
-0.000645728
-0.000653407
-0.000654069
-0.000646752
-0.000629238
-0.000598691
-0.000556405
-0.000519205
-0.00051041
-0.000542482
-0.000571004
-0.000593595
-0.000619295
-0.000639046
-0.000652123
-0.000658067
-0.000657134
-0.000648625
-0.000630593
-0.000600219
-0.000557601
-0.000517234
-0.000505865
-0.000552305
-0.00058138
-0.000604023
-0.000629242
-0.000647721
-0.000658937
-0.000662746
-0.000659832
-0.00064979
-0.000631024
-0.000600806
-0.000558133
-0.000514998
-0.000500752
-0.000562281
-0.000591886
-0.000614656
-0.000639361
-0.00065636
-0.00066535
-0.000666742
-0.000661584
-0.000649857
-0.000630335
-0.000600349
-0.000557948
-0.000512713
-0.000495579
-0.000572024
-0.000601915
-0.000624684
-0.000648631
-0.000663851
-0.000670301
-0.000669231
-0.000661788
-0.000648481
-0.000628387
-0.000598834
-0.00055702
-0.00051047
-0.000491002
-0.000580658
-0.000610534
-0.000633038
-0.000655958
-0.000669246
-0.000673204
-0.000669836
-0.000660372
-0.000645835
-0.00062552
-0.000596623
-0.000555526
-0.000508356
-0.000487502
-0.00058724
-0.000616813
-0.000638887
-0.000660763
-0.000672365
-0.000674436
-0.000669089
-0.000658102
-0.000642766
-0.000622547
-0.000594442
-0.000554034
-0.000506619
-0.00048532
-0.000590875
-0.000620209
-0.000641964
-0.000663218
-0.000673901
-0.000674928
-0.000668339
-0.000656436
-0.000640715
-0.000620708
-0.000593226
-0.000553242
-0.000505711
-0.000484361
-0.000591264
-0.000620516
-0.00064235
-0.000663776
-0.000674602
-0.000675541
-0.000668699
-0.000656574
-0.000640828
-0.000620993
-0.000593708
-0.000553689
-0.000505963
-0.000484566
-0.000588403
-0.000617678
-0.000640089
-0.000662534
-0.000674627
-0.0006765
-0.000670435
-0.000658821
-0.000643384
-0.00062362
-0.000596033
-0.000555462
-0.000507386
-0.000485949
-0.000582321
-0.000611711
-0.000634932
-0.000659035
-0.000673313
-0.000677149
-0.000672824
-0.000662447
-0.000647684
-0.000627948
-0.000599668
-0.000558156
-0.000509761
-0.000488521
-0.000573424
-0.000602881
-0.000626708
-0.000652606
-0.000669534
-0.000676333
-0.000674433
-0.000666014
-0.000652383
-0.000632796
-0.000603703
-0.000561089
-0.000512659
-0.00049229
-0.000562816
-0.000591947
-0.000615873
-0.000643115
-0.000662603
-0.000672786
-0.000673892
-0.00066804
-0.000656033
-0.000636914
-0.000607184
-0.00056356
-0.000515662
-0.000497024
-0.000551512
-0.000580019
-0.000603567
-0.000631456
-0.00065294
-0.000666268
-0.000670755
-0.000667715
-0.000657699
-0.00063939
-0.000609349
-0.000565061
-0.00051853
-0.000502301
-0.00054031
-0.00056802
-0.000591029
-0.000619085
-0.000641943
-0.000657783
-0.000665368
-0.000665083
-0.000657127
-0.000639854
-0.000609785
-0.000565422
-0.000521153
-0.000507582
-0.0005295
-0.000556544
-0.000579125
-0.000607233
-0.000631064
-0.000648743
-0.000658777
-0.00066086
-0.000654715
-0.000638371
-0.000608385
-0.000564469
-0.000523239
-0.000512348
-0.000519604
-0.000546133
-0.000568346
-0.000596512
-0.000621113
-0.000640173
-0.000651972
-0.000655811
-0.000650937
-0.000635128
-0.000605163
-0.000562189
-0.000524654
-0.000516231
-0.000511829
-0.000537697
-0.000559176
-0.00058717
-0.000612353
-0.000632519
-0.000645587
-0.000650513
-0.000646232
-0.000630444
-0.000600378
-0.000558763
-0.000525259
-0.000519057
-0.000507523
-0.00053215
-0.000552034
-0.000579371
-0.000604882
-0.000625862
-0.000639793
-0.000645275
-0.000641056
-0.000624805
-0.000594421
-0.000554382
-0.000524938
-0.000520711
-0.000506198
-0.00052925
-0.000546837
-0.000573072
-0.000598619
-0.000620132
-0.000634592
-0.000640299
-0.000635718
-0.000618691
-0.000587888
-0.000549522
-0.000523828
-0.000521171
-0.000506097
-0.000528156
-0.0005437
-0.000568844
-0.000594112
-0.000615725
-0.000630291
-0.000635954
-0.000630916
-0.00061326
-0.000582219
-0.000545314
-0.000522361
-0.000520689
-0.000506543
-0.000528552
-0.000543936
-0.00056879
-0.000593713
-0.000614969
-0.000629187
-0.000634543
-0.000629117
-0.0006111
-0.000579965
-0.000543508
-0.000521263
-0.000519721
-0.000507135
-0.000530076
-0.000547236
-0.000572793
-0.00059757
-0.000618274
-0.000631938
-0.000636948
-0.000631364
-0.000613459
-0.000582321
-0.000544933
-0.000520989
-0.00051874
-0.000508081
-0.000532788
-0.000552233
-0.000578862
-0.000603584
-0.000623734
-0.000636839
-0.0006416
-0.000636239
-0.000619001
-0.000588209
-0.000549094
-0.000521623
-0.000518074
-0.000512061
-0.000538192
-0.000559366
-0.000586768
-0.000611277
-0.000630755
-0.000643242
-0.000647715
-0.000642747
-0.000626319
-0.000595939
-0.00055485
-0.000522867
-0.000517472
-0.000520253
-0.0005471
-0.000569132
-0.000596731
-0.000620676
-0.000639217
-0.000650738
-0.000654504
-0.000649386
-0.000633253
-0.000603079
-0.000560307
-0.000523732
-0.000516036
-0.000531136
-0.000558413
-0.000580807
-0.000608235
-0.000631306
-0.00064849
-0.000658366
-0.000660532
-0.000654248
-0.000637664
-0.000607471
-0.000563621
-0.000523062
-0.000512824
-0.00054278
-0.000570684
-0.000593436
-0.000620657
-0.000642622
-0.000657878
-0.000665327
-0.000665031
-0.0006568
-0.000639047
-0.000608531
-0.00056418
-0.000520496
-0.000507511
-0.000554357
-0.000583182
-0.000606483
-0.000633508
-0.000654038
-0.000666721
-0.000671061
-0.000667739
-0.000657124
-0.000637896
-0.000606971
-0.000562591
-0.000516616
-0.000500786
-0.000565706
-0.000595502
-0.000619351
-0.000645902
-0.000664449
-0.00067396
-0.000674767
-0.000668266
-0.000655288
-0.000634802
-0.000603815
-0.000559871
-0.000512424
-0.000493902
-0.00057649
-0.000606949
-0.000630977
-0.000656481
-0.000672483
-0.000678537
-0.000675842
-0.0006664
-0.000651463
-0.000630305
-0.000599849
-0.000556801
-0.000508613
-0.000488017
-0.000585954
-0.000616501
-0.000640146
-0.000664052
-0.000677239
-0.000680119
-0.000674476
-0.000662642
-0.000646368
-0.000625128
-0.000595689
-0.000553812
-0.000505452
-0.000483745
-0.000592952
-0.000623155
-0.00064603
-0.000668251
-0.000679061
-0.000679658
-0.00067187
-0.000658484
-0.000641513
-0.000620519
-0.00059214
-0.000551348
-0.00050314
-0.000481114
-0.000596616
-0.000626491
-0.000648715
-0.000670059
-0.000679621
-0.000678961
-0.000669949
-0.000655816
-0.000638586
-0.000617837
-0.000590154
-0.000550078
-0.000502023
-0.000479746
-0.000566601
-0.000597647
-0.000612952
-0.000626063
-0.000635646
-0.000640873
-0.000640785
-0.000634483
-0.000621252
-0.000600882
-0.000574009
-0.000544861
-0.000524079
-0.000518581
-0.000555882
-0.000591078
-0.000611148
-0.000629335
-0.000641718
-0.000648464
-0.000648914
-0.000642557
-0.000628955
-0.000608255
-0.000580799
-0.0005487
-0.000522613
-0.000516153
-0.000546124
-0.000580532
-0.000601753
-0.00062373
-0.000640485
-0.000650275
-0.000651826
-0.000644842
-0.000629664
-0.000607471
-0.000579479
-0.000547511
-0.00052012
-0.000512995
-0.000537144
-0.000571334
-0.000592998
-0.000615808
-0.000633901
-0.000645068
-0.000647479
-0.000640958
-0.000626266
-0.000604679
-0.000576978
-0.000544826
-0.000517993
-0.000511911
-0.000527141
-0.000562116
-0.000584889
-0.000608821
-0.000627731
-0.000639711
-0.000643072
-0.000637828
-0.000624563
-0.000603595
-0.000574874
-0.000541491
-0.000516542
-0.000512315
-0.000516163
-0.000551764
-0.000575471
-0.000600803
-0.000621046
-0.000634351
-0.0006391
-0.000635154
-0.000622612
-0.000600974
-0.000570583
-0.000537194
-0.000515827
-0.000513585
-0.00050602
-0.000541501
-0.000565332
-0.00059134
-0.000612674
-0.000627264
-0.000633311
-0.000630305
-0.000617834
-0.000595409
-0.000564604
-0.000533148
-0.000515717
-0.00051501
-0.000498258
-0.000532602
-0.000555728
-0.000581646
-0.000603425
-0.000618798
-0.00062571
-0.000623358
-0.000611066
-0.000588692
-0.000558744
-0.00052994
-0.000515846
-0.000516186
-0.000492772
-0.000525719
-0.000547683
-0.000573028
-0.000594831
-0.000610624
-0.000618159
-0.000616347
-0.000604493
-0.000582655
-0.000553909
-0.000527465
-0.000515822
-0.000516877
-0.000488841
-0.000520884
-0.000541927
-0.000566598
-0.00058823
-0.000604207
-0.000612208
-0.000610824
-0.000599407
-0.000578046
-0.000550268
-0.000525552
-0.000515564
-0.000517055
-0.000485503
-0.000517712
-0.000538815
-0.000563322
-0.000584897
-0.000600932
-0.000609131
-0.000607971
-0.000596734
-0.000575643
-0.000548348
-0.00052445
-0.000515235
-0.000516919
-0.000482171
-0.00051557
-0.000537855
-0.00056305
-0.000585
-0.000601251
-0.000609602
-0.000608554
-0.000597351
-0.000576149
-0.000548582
-0.000524366
-0.00051495
-0.000516587
-0.000479455
-0.00051445
-0.000538534
-0.000564921
-0.000587513
-0.000604093
-0.000612608
-0.000611653
-0.000600386
-0.000578767
-0.000550336
-0.0005249
-0.000514527
-0.000515918
-0.000478661
-0.000515086
-0.000540931
-0.000568501
-0.00059167
-0.000608446
-0.000616933
-0.00061597
-0.000604491
-0.000582322
-0.000552665
-0.000525432
-0.00051362
-0.000514666
-0.000480584
-0.000518106
-0.000545318
-0.000573771
-0.000597226
-0.000613883
-0.000622091
-0.000620895
-0.000609038
-0.000586156
-0.000555026
-0.000525559
-0.000511931
-0.000512581
-0.000484891
-0.000523437
-0.000551678
-0.000580688
-0.000604091
-0.000620286
-0.000627929
-0.000626232
-0.000613882
-0.00059013
-0.00055731
-0.0005252
-0.000509312
-0.000509478
-0.000490792
-0.000530512
-0.000559597
-0.000588953
-0.000612027
-0.000627488
-0.000634273
-0.000631758
-0.000618708
-0.000594061
-0.000559579
-0.000524585
-0.000505807
-0.000505295
-0.00049777
-0.000538778
-0.000568671
-0.00059832
-0.000620906
-0.000635331
-0.000640871
-0.000637276
-0.000623381
-0.000597924
-0.000561974
-0.000524011
-0.000501709
-0.000500215
-0.000505632
-0.000547904
-0.000578654
-0.000608587
-0.00063053
-0.000643556
-0.000647413
-0.000642371
-0.000627483
-0.000601376
-0.000564352
-0.0005237
-0.000497502
-0.000494652
-0.000514224
-0.000557645
-0.000589288
-0.000619392
-0.000640398
-0.000651568
-0.000653311
-0.000646471
-0.000630542
-0.000603997
-0.000566334
-0.000523575
-0.000493673
-0.000489215
-0.000523157
-0.000567522
-0.00059995
-0.00062996
-0.000649643
-0.000658544
-0.000657903
-0.000649095
-0.000632125
-0.000605375
-0.000567545
-0.000523346
-0.000490465
-0.000484497
-0.000531626
-0.000576616
-0.000609556
-0.000639182
-0.000657272
-0.000663768
-0.000660786
-0.000650123
-0.000632264
-0.000605525
-0.000567891
-0.000522889
-0.00048798
-0.000480901
-0.000538532
-0.000583749
-0.00061693
-0.000646054
-0.000662646
-0.000667088
-0.000662146
-0.000650042
-0.000631569
-0.000604996
-0.000567732
-0.000522358
-0.000486286
-0.000478616
-0.000542625
-0.00058789
-0.000621182
-0.000649999
-0.000665719
-0.000668933
-0.000662756
-0.000649805
-0.000631058
-0.000604708
-0.000567723
-0.000522132
-0.000485515
-0.000477619
-0.00054317
-0.000588391
-0.000621833
-0.000650868
-0.000666721
-0.000669807
-0.000663393
-0.000650294
-0.000631573
-0.000605344
-0.000568366
-0.00052257
-0.000485758
-0.000477826
-0.000540044
-0.000585102
-0.000618745
-0.000648568
-0.000665611
-0.00066977
-0.000664233
-0.000651725
-0.000633305
-0.000607035
-0.000569743
-0.00052372
-0.000487015
-0.000479225
-0.000533618
-0.000578332
-0.000612038
-0.000642925
-0.000661948
-0.000668321
-0.000664666
-0.000653473
-0.000635657
-0.000609272
-0.000571451
-0.00052529
-0.000489195
-0.000481831
-0.000524845
-0.000568893
-0.000602277
-0.000634049
-0.000655312
-0.000664641
-0.000663606
-0.000654403
-0.000637547
-0.00061113
-0.000572826
-0.000526866
-0.000492127
-0.000485611
-0.000515054
-0.000558018
-0.00059055
-0.000622683
-0.00064587
-0.000658262
-0.000660268
-0.000653493
-0.000637903
-0.000611669
-0.000573232
-0.000528123
-0.00049565
-0.000490383
-0.000505307
-0.000546966
-0.000578244
-0.0006101
-0.000634542
-0.00064955
-0.00065453
-0.000650228
-0.000636082
-0.000610339
-0.000572358
-0.00052891
-0.000499589
-0.000495803
-0.000496453
-0.000536594
-0.000566449
-0.000597581
-0.000622603
-0.000639486
-0.000646924
-0.000644777
-0.00063207
-0.00060718
-0.000570293
-0.000529361
-0.000503754
-0.000501377
-0.000488794
-0.000527352
-0.000555789
-0.000586
-0.000611138
-0.000629153
-0.000638301
-0.000637783
-0.000626351
-0.000602533
-0.000567314
-0.00052957
-0.000507774
-0.000506591
-0.000482637
-0.000519667
-0.000546645
-0.000575809
-0.00060074
-0.000619305
-0.00062947
-0.000630057
-0.000619609
-0.000596937
-0.000563757
-0.000529505
-0.000511293
-0.000511
-0.000478776
-0.000514278
-0.000539451
-0.000567288
-0.0005917
-0.000610438
-0.000621201
-0.000622427
-0.000612658
-0.000591076
-0.000559967
-0.000529083
-0.000513926
-0.000514302
-0.000478213
-0.000511736
-0.000534478
-0.000560609
-0.000584279
-0.000602916
-0.000613948
-0.000615451
-0.000606116
-0.000585319
-0.000555993
-0.000528061
-0.000515422
-0.000516336
-0.000480275
-0.000511377
-0.000531241
-0.00055542
-0.000578218
-0.000596576
-0.000607575
-0.000609118
-0.000599871
-0.000579593
-0.000551681
-0.000526265
-0.000515732
-0.000517157
-0.000482242
-0.000511835
-0.000529332
-0.000551841
-0.000573704
-0.000591602
-0.000602354
-0.000603799
-0.000594479
-0.000574524
-0.000547703
-0.00052422
-0.000515215
-0.00051705
-0.00048245
-0.00051214
-0.000529647
-0.000552028
-0.000573643
-0.000591213
-0.000601649
-0.000602894
-0.000593373
-0.000573221
-0.000546537
-0.000523439
-0.000514663
-0.000516484
-0.000480757
-0.000512046
-0.000531836
-0.000555664
-0.000577861
-0.000595476
-0.000605787
-0.000606886
-0.000596977
-0.000576282
-0.000548669
-0.000524167
-0.000514242
-0.000515649
-0.000478373
-0.00051225
-0.000534907
-0.000560633
-0.000583643
-0.000601489
-0.000611778
-0.000612643
-0.000602407
-0.000581253
-0.000552356
-0.000525519
-0.000513655
-0.000514575
-0.000478713
-0.000514714
-0.000539877
-0.00056737
-0.000591162
-0.00060916
-0.000619298
-0.000619894
-0.000609506
-0.000587765
-0.000557126
-0.000527196
-0.000512741
-0.000513124
-0.000483008
-0.000520572
-0.00054767
-0.000576544
-0.000600844
-0.00061873
-0.000628454
-0.000628624
-0.000617856
-0.000595189
-0.000562341
-0.000528737
-0.000511049
-0.000510748
-0.000489991
-0.000529047
-0.000557682
-0.000587557
-0.000611997
-0.00062933
-0.000638065
-0.000637216
-0.000625533
-0.000601673
-0.000566611
-0.000529289
-0.000507946
-0.000506818
-0.000498202
-0.000538877
-0.000568921
-0.000599601
-0.000623815
-0.000639958
-0.000646917
-0.000644349
-0.000631266
-0.000606091
-0.000569133
-0.000528496
-0.00050332
-0.000501126
-0.000507103
-0.000549493
-0.000580975
-0.000612348
-0.000635921
-0.000650161
-0.000654604
-0.000649681
-0.000634853
-0.000608438
-0.000570068
-0.000526775
-0.000497823
-0.000494268
-0.000516654
-0.000560738
-0.000593639
-0.000625418
-0.000647766
-0.000659352
-0.000660666
-0.000653002
-0.000636376
-0.000609053
-0.000569931
-0.000524783
-0.000492474
-0.000487339
-0.00052664
-0.000572138
-0.000606185
-0.000637818
-0.000658272
-0.000666624
-0.000664523
-0.000654089
-0.000635909
-0.000608209
-0.000569078
-0.000522895
-0.000487997
-0.000481387
-0.000536237
-0.000582606
-0.000617263
-0.000648131
-0.000666228
-0.00067128
-0.000666003
-0.000653205
-0.000633916
-0.000606316
-0.00056774
-0.000521216
-0.000484641
-0.000476991
-0.000543944
-0.000590602
-0.000625329
-0.000655171
-0.000671052
-0.000673466
-0.000665803
-0.000651364
-0.000631464
-0.000604204
-0.000566334
-0.000519856
-0.000482426
-0.000474218
-0.000548204
-0.000595095
-0.00062964
-0.000658902
-0.000673394
-0.000674268
-0.00066524
-0.000649961
-0.000629833
-0.000602906
-0.000565575
-0.000519232
-0.00048134
-0.000472808
-0.00055889
-0.000585791
-0.000601664
-0.000613786
-0.000622928
-0.000628285
-0.000628466
-0.000621927
-0.000607767
-0.000585828
-0.00055818
-0.000532084
-0.000517523
-0.000515316
-0.000539615
-0.000574153
-0.000596586
-0.000614606
-0.000627606
-0.000634757
-0.000634988
-0.000627367
-0.00061105
-0.000586034
-0.00055502
-0.000526149
-0.000511734
-0.000511964
-0.000526298
-0.000561511
-0.000585942
-0.000607624
-0.000624379
-0.000633956
-0.000634735
-0.000626095
-0.00060803
-0.000581327
-0.000549007
-0.0005195
-0.000505852
-0.000508022
-0.000517267
-0.000552145
-0.00057729
-0.0006
-0.000617909
-0.000628498
-0.000630043
-0.000622011
-0.000604551
-0.000578204
-0.000545513
-0.000515614
-0.000503025
-0.000506381
-0.000508407
-0.000543229
-0.000568898
-0.000592458
-0.000611282
-0.000622886
-0.000625578
-0.000618791
-0.000602175
-0.000575696
-0.000542287
-0.000513048
-0.000502817
-0.000506907
-0.000499924
-0.00053433
-0.000559939
-0.00058396
-0.00060362
-0.000616314
-0.000620156
-0.000614244
-0.000597775
-0.000570807
-0.000537826
-0.000511468
-0.000504325
-0.000508681
-0.000493557
-0.000526616
-0.000551332
-0.000575058
-0.000594989
-0.000608348
-0.000612929
-0.000607459
-0.000591069
-0.000564544
-0.000533862
-0.000511431
-0.000506622
-0.000510776
-0.000490076
-0.000520833
-0.000543869
-0.000566695
-0.000586388
-0.000599961
-0.00060499
-0.000599983
-0.00058428
-0.000559322
-0.00053169
-0.000512635
-0.000508943
-0.000512574
-0.000488523
-0.000516883
-0.000537982
-0.000559629
-0.000578875
-0.000592538
-0.000598021
-0.00059368
-0.00057899
-0.000555853
-0.000530831
-0.000513991
-0.000510626
-0.000513708
-0.000487094
-0.000514
-0.000533845
-0.000554556
-0.000573362
-0.000587008
-0.000592861
-0.000589059
-0.000575204
-0.000553449
-0.000530194
-0.000514667
-0.000511446
-0.000514131
-0.000484027
-0.0005113
-0.000531343
-0.000552059
-0.000570841
-0.000584526
-0.000590501
-0.000586877
-0.000573395
-0.00055231
-0.000529856
-0.000514863
-0.000511642
-0.000514125
-0.000478966
-0.000508294
-0.000529947
-0.000551804
-0.00057126
-0.000585285
-0.000591364
-0.000587691
-0.000574101
-0.000552876
-0.000530214
-0.000514944
-0.00051147
-0.000513828
-0.000473316
-0.000505238
-0.000529271
-0.000552866
-0.000573368
-0.000587892
-0.000594075
-0.000590266
-0.000576211
-0.000554162
-0.000530562
-0.000514549
-0.00051076
-0.000513072
-0.000468854
-0.000503122
-0.000529597
-0.00055497
-0.000576468
-0.000591351
-0.000597396
-0.000593221
-0.000578356
-0.000554989
-0.000529904
-0.000512941
-0.000509069
-0.000511597
-0.000466721
-0.000502864
-0.000531536
-0.000558484
-0.000580776
-0.000595774
-0.000601452
-0.000596561
-0.000580528
-0.000555297
-0.000527994
-0.000509695
-0.000506018
-0.000509119
-0.000466939
-0.000504697
-0.000535308
-0.000563575
-0.000586445
-0.000601416
-0.000606686
-0.000600939
-0.000583389
-0.000555704
-0.000525375
-0.00050498
-0.0005015
-0.00050542
-0.00046897
-0.00050834
-0.000540716
-0.000570152
-0.000593438
-0.000608215
-0.000612951
-0.000606339
-0.00058734
-0.000557125
-0.000523152
-0.000499622
-0.000495743
-0.000500509
-0.000472237
-0.000513357
-0.00054742
-0.00057797
-0.000601568
-0.000615982
-0.000619987
-0.000612479
-0.000592227
-0.000559789
-0.000522068
-0.000494568
-0.0004893
-0.000494678
-0.000476449
-0.00051943
-0.000555133
-0.000586741
-0.000610485
-0.000624244
-0.0006272
-0.000618668
-0.000597388
-0.000563273
-0.000522241
-0.00049047
-0.000482887
-0.000488465
-0.000481556
-0.000526332
-0.000563604
-0.00059613
-0.000619736
-0.000632445
-0.000633976
-0.000624213
-0.000602067
-0.000566773
-0.000523193
-0.000487515
-0.000477156
-0.000482553
-0.000487316
-0.000533684
-0.00057237
-0.00060556
-0.000628665
-0.000639913
-0.000639671
-0.000628472
-0.00060554
-0.000569541
-0.000524252
-0.000485514
-0.000472573
-0.000477509
-0.000493191
-0.000540771
-0.000580581
-0.000614135
-0.000636458
-0.000646029
-0.000643888
-0.000631216
-0.000607588
-0.000571233
-0.000524965
-0.000484165
-0.000469293
-0.000473708
-0.00049829
-0.000546578
-0.000587158
-0.000620848
-0.000642349
-0.000650386
-0.000646613
-0.00063273
-0.000608602
-0.000572097
-0.000525326
-0.000483311
-0.000467274
-0.000471301
-0.000501502
-0.000550069
-0.00059107
-0.000624849
-0.000645847
-0.000652936
-0.000648155
-0.000633589
-0.000609229
-0.000572685
-0.000525635
-0.000483008
-0.000466427
-0.000470245
-0.000501984
-0.000550485
-0.000591608
-0.000625591
-0.000646719
-0.00065378
-0.000648895
-0.000634267
-0.000609927
-0.000573378
-0.000526186
-0.000483357
-0.000466663
-0.000470458
-0.00049953
-0.000547644
-0.000588584
-0.00062289
-0.000644826
-0.000652881
-0.000648881
-0.00063485
-0.000610765
-0.000574215
-0.000527009
-0.000484358
-0.000467962
-0.0004719
-0.000494688
-0.00054201
-0.000582364
-0.000616929
-0.000640107
-0.000649963
-0.000647699
-0.000634923
-0.000611369
-0.000574887
-0.000527851
-0.000485909
-0.000470344
-0.000474582
-0.000488525
-0.000534545
-0.000573809
-0.000608295
-0.000632736
-0.000644761
-0.000644782
-0.000633752
-0.000611018
-0.000574821
-0.000528378
-0.000487912
-0.000473828
-0.000478505
-0.000482165
-0.000526425
-0.000564085
-0.000597971
-0.000623305
-0.000637389
-0.000639797
-0.000630699
-0.000609019
-0.000573491
-0.000528378
-0.000490372
-0.00047842
-0.00048353
-0.00047646
-0.000518648
-0.000554338
-0.000587104
-0.000612738
-0.000628392
-0.000632873
-0.000625593
-0.000605135
-0.000570824
-0.000527981
-0.00049342
-0.000483982
-0.000489354
-0.000471896
-0.000511853
-0.000545389
-0.000576656
-0.000602011
-0.000618584
-0.000624618
-0.000618883
-0.000599799
-0.000567279
-0.000527646
-0.000497219
-0.000490178
-0.000495503
-0.000468664
-0.000506385
-0.00053768
-0.000567243
-0.000591911
-0.000608829
-0.000615853
-0.000611342
-0.000593764
-0.000563604
-0.000527901
-0.000501764
-0.000496506
-0.000501409
-0.000466914
-0.000502554
-0.000531503
-0.000559239
-0.000582988
-0.000599876
-0.000607451
-0.00060391
-0.000587952
-0.000560625
-0.000529095
-0.000506776
-0.000502422
-0.000506538
-0.000467258
-0.000500781
-0.000527103
-0.00055284
-0.000575524
-0.0005922
-0.000600185
-0.000597576
-0.000583336
-0.000558883
-0.000531081
-0.000511603
-0.000507317
-0.000510461
-0.000470476
-0.000501191
-0.000524421
-0.000547924
-0.00056948
-0.000585971
-0.0005945
-0.000592826
-0.000580054
-0.000557904
-0.00053289
-0.000515195
-0.000510655
-0.00051292
-0.000475854
-0.000502943
-0.000522836
-0.000544
-0.0005644
-0.000580642
-0.000589543
-0.000588581
-0.000576893
-0.000556363
-0.00053316
-0.000516685
-0.000512161
-0.000513995
-0.000479969
-0.00050446
-0.000521833
-0.000541052
-0.000560266
-0.000575958
-0.00058483
-0.000584292
-0.000573258
-0.000553757
-0.000531845
-0.000516395
-0.000512219
-0.000514062
-0.000479503
-0.000504411
-0.000522006
-0.0005413
-0.000560444
-0.000575976
-0.000584684
-0.000584066
-0.000573016
-0.000553452
-0.000531611
-0.000516207
-0.000511941
-0.000513718
-0.000474931
-0.000502851
-0.000523156
-0.000544452
-0.00056468
-0.000580577
-0.000589146
-0.000588018
-0.000576126
-0.000555536
-0.00053255
-0.000516213
-0.000511455
-0.000513059
-0.000469167
-0.000500915
-0.000524621
-0.000548278
-0.000569619
-0.00058572
-0.000593852
-0.000591833
-0.000578746
-0.000556718
-0.000532157
-0.000514775
-0.000509919
-0.000511788
-0.000465818
-0.000500484
-0.000527384
-0.000553319
-0.00057577
-0.000592015
-0.00059961
-0.00059658
-0.000582049
-0.000557763
-0.000530566
-0.000511526
-0.000506974
-0.000509668
-0.000465844
-0.00050271
-0.000532405
-0.000560429
-0.00058397
-0.000600406
-0.000607558
-0.000603606
-0.000587396
-0.00056014
-0.000528976
-0.000507011
-0.000502529
-0.00050631
-0.000468315
-0.000507231
-0.000539393
-0.000569265
-0.0005937
-0.000610135
-0.000616649
-0.000611644
-0.000593697
-0.000563392
-0.000527733
-0.000501771
-0.000496587
-0.000501383
-0.00047201
-0.000513167
-0.000547603
-0.000579104
-0.000604121
-0.000620113
-0.000625514
-0.000619151
-0.000599512
-0.000566553
-0.000526667
-0.000496247
-0.000489444
-0.000494941
-0.000476483
-0.000520043
-0.000556663
-0.00058962
-0.000614834
-0.000629809
-0.000633537
-0.000625445
-0.000604188
-0.000569136
-0.000525777
-0.000491041
-0.000481866
-0.000487598
-0.000481858
-0.000527776
-0.000566505
-0.000600656
-0.000625561
-0.000638877
-0.000640368
-0.000630231
-0.000607495
-0.000570989
-0.000525142
-0.000486742
-0.000474882
-0.000480367
-0.000488172
-0.000536156
-0.000576746
-0.000611671
-0.00063568
-0.000646752
-0.000645584
-0.000633254
-0.000609276
-0.00057198
-0.000524666
-0.000483558
-0.000469268
-0.000474191
-0.000494884
-0.00054441
-0.000586388
-0.00062156
-0.000644203
-0.000652775
-0.000648905
-0.000634564
-0.000609682
-0.000572129
-0.000524172
-0.000481364
-0.000465282
-0.000469597
-0.000500637
-0.000551105
-0.000593912
-0.000628959
-0.000650196
-0.000656578
-0.000650528
-0.000634695
-0.00060927
-0.000571757
-0.000523643
-0.000479962
-0.000462806
-0.000466671
-0.000503517
-0.000554972
-0.0005982
-0.000633126
-0.000653418
-0.000658404
-0.000651066
-0.000634445
-0.000608821
-0.000571486
-0.000523421
-0.000479316
-0.000461518
-0.000465232
-0.000587211
-0.000583317
-0.000594912
-0.000604663
-0.000612303
-0.000616682
-0.000615987
-0.000608407
-0.000593158
-0.000570205
-0.000543061
-0.000520982
-0.000511567
-0.000511942
-0.000563996
-0.000569238
-0.000588695
-0.000603974
-0.000615787
-0.000621934
-0.000621
-0.000611674
-0.000593116
-0.000565705
-0.000534231
-0.000509992
-0.00050354
-0.000508192
-0.000548182
-0.000555272
-0.000577923
-0.000596924
-0.0006124
-0.000620992
-0.000620731
-0.000610411
-0.00058966
-0.00055951
-0.000525006
-0.000499244
-0.000495218
-0.000503688
-0.000539055
-0.000545916
-0.000569534
-0.000589934
-0.000606791
-0.000616557
-0.000617066
-0.000607234
-0.000586712
-0.000556094
-0.000520507
-0.000494549
-0.000491901
-0.000501679
-0.000531466
-0.000537828
-0.00056162
-0.000582729
-0.000600525
-0.000611304
-0.000612884
-0.000604027
-0.000583936
-0.000553099
-0.00051778
-0.000493703
-0.00049276
-0.000502384
-0.000525215
-0.000530643
-0.000553906
-0.00057504
-0.000593326
-0.000604838
-0.000607225
-0.000599013
-0.000579157
-0.00054874
-0.000515661
-0.000495445
-0.000496174
-0.00050466
-0.000521522
-0.00052506
-0.000546938
-0.000567392
-0.00058561
-0.000597467
-0.000600398
-0.000592714
-0.000573449
-0.000544752
-0.000515509
-0.000499325
-0.00050063
-0.000507391
-0.000520685
-0.000521429
-0.000541085
-0.00056034
-0.000578154
-0.000590173
-0.000593647
-0.000586748
-0.000568879
-0.000542907
-0.000517597
-0.000504185
-0.000504863
-0.000509778
-0.000521473
-0.000519241
-0.000536501
-0.000554388
-0.000571685
-0.000583917
-0.000588088
-0.000582278
-0.000566182
-0.000542896
-0.000520483
-0.000508357
-0.000507909
-0.000511357
-0.000521477
-0.000517315
-0.000533142
-0.000549996
-0.000566771
-0.000579085
-0.000583847
-0.000578931
-0.00056422
-0.000542919
-0.000522364
-0.000510748
-0.00050943
-0.000512034
-0.000518472
-0.000514568
-0.000530703
-0.000547544
-0.000564257
-0.000576633
-0.000581677
-0.000577247
-0.000563196
-0.000542797
-0.000523112
-0.000511628
-0.000509886
-0.000512176
-0.000512314
-0.000510811
-0.000528796
-0.000546818
-0.000564255
-0.000577005
-0.000582232
-0.000577855
-0.000563785
-0.000543304
-0.000523458
-0.000511749
-0.000509779
-0.00051192
-0.000504912
-0.000506689
-0.000527348
-0.000547346
-0.00056599
-0.000579258
-0.000584447
-0.000579663
-0.000564876
-0.000543439
-0.000522775
-0.000510816
-0.000508905
-0.000511015
-0.000498155
-0.000503113
-0.000526607
-0.000548735
-0.000568626
-0.000582273
-0.000587095
-0.000581465
-0.000565271
-0.000541959
-0.000519826
-0.000507771
-0.000506639
-0.000509184
-0.000493107
-0.000500851
-0.000527028
-0.000551119
-0.000572036
-0.000585783
-0.000590004
-0.000583128
-0.00056501
-0.000539122
-0.000514717
-0.000502253
-0.000502484
-0.000506165
-0.000490211
-0.000500323
-0.000528864
-0.000554755
-0.000576499
-0.000590162
-0.000593692
-0.000585428
-0.000564954
-0.000535808
-0.000508172
-0.000494541
-0.000496338
-0.000501831
-0.000489197
-0.000501504
-0.0005322
-0.000559756
-0.000582274
-0.000595814
-0.000598552
-0.000588969
-0.000566244
-0.000533462
-0.000501572
-0.000485609
-0.000488636
-0.000496233
-0.000489705
-0.000504133
-0.000536804
-0.000565898
-0.000589116
-0.000602571
-0.000604576
-0.00059378
-0.000569155
-0.000532984
-0.00049631
-0.00047684
-0.000480243
-0.000489734
-0.000491436
-0.000507884
-0.000542407
-0.000572887
-0.000596627
-0.000609873
-0.000611109
-0.000599246
-0.000573197
-0.000534314
-0.000493059
-0.000469369
-0.000472125
-0.000483016
-0.000494085
-0.000512407
-0.000548707
-0.000580401
-0.000604397
-0.000617144
-0.00061744
-0.00060451
-0.000577291
-0.000536443
-0.00049153
-0.000463744
-0.000465082
-0.000476785
-0.000497304
-0.000517328
-0.000555281
-0.000587961
-0.000611892
-0.000623778
-0.000622879
-0.000608809
-0.000580667
-0.00053849
-0.000490948
-0.000459897
-0.000459659
-0.000471577
-0.000500698
-0.000522151
-0.000561464
-0.00059485
-0.00061847
-0.000629285
-0.000627052
-0.000611825
-0.000582941
-0.00053994
-0.000490712
-0.000457451
-0.000455956
-0.000467732
-0.000503702
-0.000526145
-0.00056642
-0.000600251
-0.00062351
-0.00063332
-0.000629898
-0.000613706
-0.000584276
-0.000540797
-0.000490597
-0.000456081
-0.000453804
-0.000465365
-0.000505596
-0.000528556
-0.000569349
-0.000603452
-0.000626509
-0.000635714
-0.000631574
-0.000614844
-0.000585123
-0.000541364
-0.000490669
-0.000455628
-0.000452981
-0.000464348
-0.000505867
-0.000528822
-0.000569685
-0.000603971
-0.000627171
-0.000636414
-0.000632258
-0.000615513
-0.000585781
-0.000541949
-0.000491098
-0.000455929
-0.000453228
-0.00046457
-0.000504433
-0.000526819
-0.000567299
-0.000601659
-0.000625367
-0.000635354
-0.000631938
-0.000615735
-0.000586281
-0.000542584
-0.0004919
-0.000456964
-0.00045452
-0.000465973
-0.000501656
-0.00052291
-0.000562509
-0.000596711
-0.000621136
-0.00063241
-0.000630361
-0.000615235
-0.000586368
-0.00054302
-0.000492943
-0.000458858
-0.000457009
-0.000468608
-0.000498209
-0.000517825
-0.000556016
-0.00058967
-0.00061477
-0.00062755
-0.000627203
-0.000613521
-0.000585538
-0.000542882
-0.000494085
-0.00046171
-0.000460831
-0.000472579
-0.000494812
-0.00051244
-0.000548748
-0.000581386
-0.000606824
-0.000620935
-0.00062229
-0.000610186
-0.000583385
-0.000541996
-0.000495393
-0.000465708
-0.00046613
-0.00047775
-0.000492038
-0.000507459
-0.000541558
-0.000572738
-0.000598003
-0.000613007
-0.000615819
-0.00060527
-0.00057994
-0.000540502
-0.000497175
-0.000471111
-0.00047285
-0.000483851
-0.000490254
-0.000503332
-0.000535068
-0.000564437
-0.000589026
-0.000604445
-0.000608414
-0.000599344
-0.000575722
-0.000538996
-0.000500032
-0.00047805
-0.000480609
-0.000490452
-0.000489794
-0.000500408
-0.000529648
-0.000556961
-0.000580502
-0.000595972
-0.000600844
-0.000593211
-0.000571627
-0.000538392
-0.000504414
-0.00048626
-0.000488801
-0.000496959
-0.000490925
-0.000498983
-0.000525516
-0.000550589
-0.000572886
-0.000588234
-0.00059388
-0.000587701
-0.000568576
-0.000539346
-0.000510212
-0.000495017
-0.000496658
-0.000502711
-0.000494009
-0.000499297
-0.000522768
-0.000545424
-0.0005664
-0.00058157
-0.000587961
-0.000583389
-0.000567009
-0.000541694
-0.000516613
-0.000503203
-0.000503282
-0.000507204
-0.000499479
-0.000501229
-0.00052117
-0.000541209
-0.000560753
-0.000575735
-0.000583026
-0.00058017
-0.000566334
-0.000544285
-0.000522138
-0.000509413
-0.00050783
-0.000510178
-0.000506463
-0.000504029
-0.000520222
-0.000537658
-0.000555692
-0.00057026
-0.0005781
-0.000576536
-0.000564628
-0.000544993
-0.000524786
-0.00051234
-0.000509846
-0.000511587
-0.0005115
-0.000506142
-0.000519532
-0.000534945
-0.000551543
-0.000565345
-0.000573079
-0.000572074
-0.000561282
-0.000543069
-0.000524115
-0.000512267
-0.000509885
-0.000511751
-0.000510637
-0.000505724
-0.000519498
-0.000534989
-0.000551518
-0.000565166
-0.000572764
-0.000571716
-0.000560988
-0.000542904
-0.000524051
-0.000512161
-0.000509663
-0.000511497
-0.000504629
-0.000503129
-0.000520061
-0.000537675
-0.00055557
-0.000569834
-0.000577417
-0.000575785
-0.000564006
-0.00054468
-0.000524748
-0.000512216
-0.000509359
-0.000510899
-0.000497079
-0.000500042
-0.000520843
-0.000541158
-0.000560577
-0.00057525
-0.000582261
-0.000579259
-0.000565537
-0.000543921
-0.00052226
-0.000509573
-0.000507472
-0.000509332
-0.000491435
-0.000498097
-0.000522592
-0.000545672
-0.000566588
-0.000581455
-0.00058756
-0.000582751
-0.000566345
-0.000541409
-0.000516901
-0.000503667
-0.000503253
-0.000506578
-0.000488614
-0.00049823
-0.000526046
-0.000551744
-0.000574104
-0.000589147
-0.000594419
-0.000587895
-0.000568595
-0.000539449
-0.000510591
-0.000495497
-0.000496806
-0.00050241
-0.000488047
-0.000500316
-0.000531012
-0.000559041
-0.000582651
-0.000597787
-0.000602197
-0.000594039
-0.000572019
-0.000538491
-0.000504338
-0.00048611
-0.00048859
-0.000496606
-0.00048886
-0.000503657
-0.000536863
-0.000566899
-0.000591443
-0.000606417
-0.000609795
-0.000600017
-0.000575672
-0.000538291
-0.000498781
-0.000476565
-0.000479361
-0.000489456
-0.000490515
-0.000507742
-0.000543284
-0.00057507
-0.000600189
-0.000614633
-0.000616704
-0.00060525
-0.000578927
-0.000538546
-0.000494435
-0.000467991
-0.000470124
-0.000481714
-0.000492872
-0.000512452
-0.000550286
-0.000583572
-0.000608843
-0.000622295
-0.000622731
-0.000609511
-0.000581522
-0.000539006
-0.000491419
-0.000461181
-0.000461969
-0.000474314
-0.000496006
-0.000517775
-0.000557705
-0.000592164
-0.000617128
-0.000629121
-0.000627626
-0.000612608
-0.000583304
-0.000539444
-0.000489518
-0.000456359
-0.000455652
-0.000468081
-0.000499664
-0.000523276
-0.000564881
-0.000600069
-0.00062437
-0.000634658
-0.000631157
-0.000614486
-0.000584228
-0.000539647
-0.000488361
-0.000453294
-0.000451354
-0.000463464
-0.000502991
-0.000527906
-0.00057065
-0.000606162
-0.000629712
-0.000638482
-0.000633301
-0.000615371
-0.000584496
-0.000539587
-0.000487666
-0.000451574
-0.000448785
-0.000460542
-0.000504869
-0.000530474
-0.000573971
-0.000609528
-0.00063253
-0.000640349
-0.000634184
-0.000615563
-0.000584408
-0.000539432
-0.000487283
-0.000450638
-0.000447345
-0.00045909
)
;

boundaryField
{
    top
    {
        type            zeroGradient;
    }
    bottom
    {
        type            zeroGradient;
    }
    rotatingWall
    {
        type            zeroGradient;
    }
    wall
    {
        type            zeroGradient;
    }
    frontAndBack
    {
        type            zeroGradient;
    }
}


// ************************************************************************* //
