/*--------------------------------*- C++ -*----------------------------------*\
| =========                 |                                                 |
| \\      /  F ield         | OpenFOAM: The Open Source CFD Toolbox           |
|  \\    /   O peration     | Version:  5.0                                   |
|   \\  /    A nd           | Web:      www.OpenFOAM.org                      |
|    \\/     M anipulation  |                                                 |
\*---------------------------------------------------------------------------*/
FoamFile
{
    version     2.0;
    format      ascii;
    class       volVectorField;
    location    "419";
    object      U;
}
// * * * * * * * * * * * * * * * * * * * * * * * * * * * * * * * * * * * * * //

dimensions      [0 1 -1 0 0 0 0];

internalField   nonuniform List<vector> 
1568
(
(5.53455e-17 -2.12289e-16 0)
(6.6575e-16 -4.82437e-16 0)
(1.79735e-15 -7.17112e-16 0)
(3.36865e-15 -8.87245e-16 0)
(5.22377e-15 -1.02471e-15 0)
(7.33955e-15 -1.15104e-15 0)
(9.66994e-15 -1.24477e-15 0)
(1.21587e-14 -1.31757e-15 0)
(1.47715e-14 -1.37256e-15 0)
(1.74717e-14 -1.40781e-15 0)
(2.02227e-14 -1.42583e-15 0)
(2.29922e-14 -1.42782e-15 0)
(2.57509e-14 -1.41483e-15 0)
(2.84706e-14 -1.38788e-15 0)
(3.11249e-14 -1.34808e-15 0)
(3.36898e-14 -1.29615e-15 0)
(3.61431e-14 -1.23319e-15 0)
(3.84642e-14 -1.16014e-15 0)
(4.06343e-14 -1.07789e-15 0)
(4.26367e-14 -9.87332e-16 0)
(4.4456e-14 -8.89385e-16 0)
(4.60796e-14 -7.84658e-16 0)
(4.74966e-14 -6.71871e-16 0)
(4.86862e-14 -5.33379e-16 0)
(4.96501e-14 -3.85879e-16 0)
(5.03909e-14 -2.53632e-16 0)
(5.09011e-14 -1.28078e-16 0)
(5.11546e-14 -3.43076e-17 0)
(5.11563e-14 3.30985e-17 0)
(5.09064e-14 1.26365e-16 0)
(5.03997e-14 2.51809e-16 0)
(4.96622e-14 3.83726e-16 0)
(4.87013e-14 5.31346e-16 0)
(4.75147e-14 6.70289e-16 0)
(4.61007e-14 7.8323e-16 0)
(4.448e-14 8.87917e-16 0)
(4.26633e-14 9.86114e-16 0)
(4.06634e-14 1.07666e-15 0)
(3.84954e-14 1.15915e-15 0)
(3.61762e-14 1.23234e-15 0)
(3.37244e-14 1.29543e-15 0)
(3.11609e-14 1.34734e-15 0)
(2.85077e-14 1.38741e-15 0)
(2.57889e-14 1.41451e-15 0)
(2.30306e-14 1.42766e-15 0)
(2.02611e-14 1.42567e-15 0)
(1.75104e-14 1.40757e-15 0)
(1.48111e-14 1.37215e-15 0)
(1.21979e-14 1.31826e-15 0)
(9.70819e-15 1.24369e-15 0)
(7.38371e-15 1.14741e-15 0)
(5.26945e-15 1.02787e-15 0)
(3.4129e-15 8.807e-16 0)
(1.85867e-15 7.04739e-16 0)
(7.34632e-16 4.7339e-16 0)
(9.62985e-17 1.96541e-16 0)
(1.01875e-17 -5.70421e-16 0)
(6.70583e-16 -1.3124e-15 0)
(1.65106e-15 -1.99233e-15 0)
(3.05197e-15 -2.51066e-15 0)
(4.77827e-15 -2.9418e-15 0)
(6.73895e-15 -3.28672e-15 0)
(8.89488e-15 -3.56224e-15 0)
(1.12127e-14 -3.77553e-15 0)
(1.36461e-14 -3.93086e-15 0)
(1.61583e-14 -4.03274e-15 0)
(1.87191e-14 -4.08446e-15 0)
(2.12989e-14 -4.0904e-15 0)
(2.38674e-14 -4.05339e-15 0)
(2.63986e-14 -3.97601e-15 0)
(2.88695e-14 -3.86137e-15 0)
(3.12568e-14 -3.71266e-15 0)
(3.35396e-14 -3.53208e-15 0)
(3.56993e-14 -3.32253e-15 0)
(3.77183e-14 -3.08648e-15 0)
(3.95807e-14 -2.8268e-15 0)
(4.12722e-14 -2.54573e-15 0)
(4.27798e-14 -2.24629e-15 0)
(4.4093e-14 -1.93152e-15 0)
(4.52032e-14 -1.60535e-15 0)
(4.61074e-14 -1.28342e-15 0)
(4.67976e-14 -9.51211e-16 0)
(4.72673e-14 -5.8924e-16 0)
(4.75029e-14 -2.00202e-16 0)
(4.75046e-14 1.95059e-16 0)
(4.72721e-14 5.84462e-16 0)
(4.68052e-14 9.46836e-16 0)
(4.61177e-14 1.27921e-15 0)
(4.52164e-14 1.6009e-15 0)
(4.4109e-14 1.92715e-15 0)
(4.27985e-14 2.24212e-15 0)
(4.1293e-14 2.54183e-15 0)
(3.96038e-14 2.82333e-15 0)
(3.77436e-14 3.08327e-15 0)
(3.57261e-14 3.31974e-15 0)
(3.35682e-14 3.52971e-15 0)
(3.12867e-14 3.71075e-15 0)
(2.89002e-14 3.85993e-15 0)
(2.64301e-14 3.97506e-15 0)
(2.38989e-14 4.05262e-15 0)
(2.13305e-14 4.09025e-15 0)
(1.87514e-14 4.08471e-15 0)
(1.61897e-14 4.0329e-15 0)
(1.36756e-14 3.93088e-15 0)
(1.12422e-14 3.77533e-15 0)
(8.9256e-15 3.56205e-15 0)
(6.76389e-15 3.28451e-15 0)
(4.80015e-15 2.93517e-15 0)
(3.08036e-15 2.51037e-15 0)
(1.66188e-15 1.98687e-15 0)
(6.62345e-16 1.33728e-15 0)
(2.74725e-17 5.59673e-16 0)
(2.86325e-18 -8.70937e-16 0)
(5.39875e-16 -2.09829e-15 0)
(1.4271e-15 -3.16603e-15 0)
(2.72478e-15 -4.02012e-15 0)
(4.28613e-15 -4.71524e-15 0)
(6.09367e-15 -5.28334e-15 0)
(8.09118e-15 -5.73068e-15 0)
(1.02323e-14 -6.07613e-15 0)
(1.2484e-14 -6.32753e-15 0)
(1.48133e-14 -6.49157e-15 0)
(1.71867e-14 -6.57504e-15 0)
(1.95757e-14 -6.58397e-15 0)
(2.19556e-14 -6.52356e-15 0)
(2.43015e-14 -6.39843e-15 0)
(2.65899e-14 -6.21383e-15 0)
(2.88007e-14 -5.97378e-15 0)
(3.09149e-14 -5.68286e-15 0)
(3.29145e-14 -5.34529e-15 0)
(3.47834e-14 -4.9653e-15 0)
(3.65073e-14 -4.54683e-15 0)
(3.80732e-14 -4.09418e-15 0)
(3.94692e-14 -3.61122e-15 0)
(4.06856e-14 -3.1023e-15 0)
(4.17153e-14 -2.57314e-15 0)
(4.25497e-14 -2.03103e-15 0)
(4.31785e-14 -1.47331e-15 0)
(4.3599e-14 -8.95109e-16 0)
(4.38111e-14 -3.02107e-16 0)
(4.38123e-14 2.94791e-16 0)
(4.36027e-14 8.87903e-16 0)
(4.31849e-14 1.46653e-15 0)
(4.25588e-14 2.02443e-15 0)
(4.17267e-14 2.5669e-15 0)
(4.06991e-14 3.09619e-15 0)
(3.9485e-14 3.60559e-15 0)
(3.80912e-14 4.08876e-15 0)
(3.65272e-14 4.54209e-15 0)
(3.48049e-14 4.96088e-15 0)
(3.29377e-14 5.34149e-15 0)
(3.09393e-14 5.67961e-15 0)
(2.88261e-14 5.97113e-15 0)
(2.66163e-14 6.21171e-15 0)
(2.43283e-14 6.39713e-15 0)
(2.1983e-14 6.52267e-15 0)
(1.96034e-14 6.58381e-15 0)
(1.72135e-14 6.5754e-15 0)
(1.48396e-14 6.49204e-15 0)
(1.25106e-14 6.3282e-15 0)
(1.02577e-14 6.07741e-15 0)
(8.11341e-15 5.73083e-15 0)
(6.11473e-15 5.28128e-15 0)
(4.30926e-15 4.71713e-15 0)
(2.73462e-15 4.01883e-15 0)
(1.43799e-15 3.16644e-15 0)
(5.49139e-16 2.11662e-15 0)
(9.77896e-18 8.6021e-16 0)
(1.08754e-18 -1.1007e-15 0)
(4.72674e-16 -2.78245e-15 0)
(1.25405e-15 -4.19956e-15 0)
(2.40748e-15 -5.37682e-15 0)
(3.83645e-15 -6.32862e-15 0)
(5.48021e-15 -7.09915e-15 0)
(7.30389e-15 -7.71275e-15 0)
(9.26781e-15 -8.18386e-15 0)
(1.13368e-14 -8.52443e-15 0)
(1.34762e-14 -8.74671e-15 0)
(1.56581e-14 -8.86063e-15 0)
(1.7857e-14 -8.87254e-15 0)
(2.00466e-14 -8.79044e-15 0)
(2.2204e-14 -8.62176e-15 0)
(2.43095e-14 -8.37234e-15 0)
(2.63435e-14 -8.04821e-15 0)
(2.82878e-14 -7.65582e-15 0)
(3.01267e-14 -7.20052e-15 0)
(3.18455e-14 -6.6882e-15 0)
(3.34306e-14 -6.12424e-15 0)
(3.48701e-14 -5.51445e-15 0)
(3.61536e-14 -4.86424e-15 0)
(3.7272e-14 -4.17954e-15 0)
(3.82175e-14 -3.46616e-15 0)
(3.89813e-14 -2.73103e-15 0)
(3.95549e-14 -1.97445e-15 0)
(3.99365e-14 -1.1964e-15 0)
(4.01277e-14 -4.03235e-16 0)
(4.01287e-14 3.94019e-16 0)
(3.99396e-14 1.18743e-15 0)
(3.956e-14 1.96573e-15 0)
(3.89883e-14 2.72263e-15 0)
(3.82266e-14 3.45799e-15 0)
(3.72831e-14 4.17178e-15 0)
(3.61664e-14 4.85692e-15 0)
(3.48843e-14 5.50776e-15 0)
(3.34464e-14 6.11792e-15 0)
(3.18626e-14 6.68274e-15 0)
(3.0145e-14 7.19571e-15 0)
(2.83073e-14 7.65175e-15 0)
(2.63639e-14 8.04501e-15 0)
(2.43306e-14 8.36999e-15 0)
(2.22255e-14 8.62008e-15 0)
(2.0068e-14 8.79001e-15 0)
(1.78786e-14 8.87252e-15 0)
(1.56801e-14 8.86119e-15 0)
(1.34972e-14 8.74861e-15 0)
(1.13569e-14 8.52637e-15 0)
(9.28676e-15 8.18512e-15 0)
(7.32142e-15 7.71544e-15 0)
(5.4968e-15 7.10267e-15 0)
(3.84711e-15 6.33031e-15 0)
(2.41854e-15 5.37723e-15 0)
(1.262e-15 4.21393e-15 0)
(4.72427e-16 2.78865e-15 0)
(7.0422e-18 1.10178e-15 0)
(6.62796e-18 -1.31035e-15 0)
(4.04968e-16 -3.36347e-15 0)
(1.1015e-15 -5.13745e-15 0)
(2.1318e-15 -6.58819e-15 0)
(3.40805e-15 -7.78424e-15 0)
(4.88906e-15 -8.75231e-15 0)
(6.53991e-15 -9.51986e-15 0)
(8.32183e-15 -1.0108e-14 0)
(1.02018e-14 -1.05346e-14 0)
(1.21491e-14 -1.08132e-14 0)
(1.41369e-14 -1.09546e-14 0)
(1.61403e-14 -1.09701e-14 0)
(1.81358e-14 -1.08694e-14 0)
(2.01032e-14 -1.06604e-14 0)
(2.20231e-14 -1.03512e-14 0)
(2.38772e-14 -9.95034e-15 0)
(2.56499e-14 -9.46447e-15 0)
(2.73263e-14 -8.90109e-15 0)
(2.88927e-14 -8.26711e-15 0)
(3.03373e-14 -7.56981e-15 0)
(3.1649e-14 -6.81563e-15 0)
(3.28182e-14 -6.01182e-15 0)
(3.38363e-14 -5.16509e-15 0)
(3.46959e-14 -4.28265e-15 0)
(3.53896e-14 -3.37052e-15 0)
(3.59115e-14 -2.43278e-15 0)
(3.62592e-14 -1.47208e-15 0)
(3.64335e-14 -4.9596e-16 0)
(3.64342e-14 4.85473e-16 0)
(3.62613e-14 1.46168e-15 0)
(3.59151e-14 2.42256e-15 0)
(3.53949e-14 3.36071e-15 0)
(3.47026e-14 4.27315e-15 0)
(3.38443e-14 5.15606e-15 0)
(3.28274e-14 6.00317e-15 0)
(3.16594e-14 6.80767e-15 0)
(3.03488e-14 7.56259e-15 0)
(2.89054e-14 8.26066e-15 0)
(2.73398e-14 8.8955e-15 0)
(2.56642e-14 9.45986e-15 0)
(2.38921e-14 9.94666e-15 0)
(2.20383e-14 1.03486e-14 0)
(2.01191e-14 1.06588e-14 0)
(1.81518e-14 1.08687e-14 0)
(1.61559e-14 1.09708e-14 0)
(1.41527e-14 1.0956e-14 0)
(1.21642e-14 1.08151e-14 0)
(1.02156e-14 1.05376e-14 0)
(8.33605e-15 1.0112e-14 0)
(6.55273e-15 9.52389e-15 0)
(4.89738e-15 8.75657e-15 0)
(3.41553e-15 7.79083e-15 0)
(2.14027e-15 6.59845e-15 0)
(1.10226e-15 5.14284e-15 0)
(4.07921e-16 3.37991e-15 0)
(4.68799e-18 1.31106e-15 0)
(1.81937e-18 -1.49309e-15 0)
(3.54101e-16 -3.88421e-15 0)
(9.61836e-16 -5.95491e-15 0)
(1.87157e-15 -7.67331e-15 0)
(3.00113e-15 -9.08903e-15 0)
(4.32162e-15 -1.02367e-14 0)
(5.79719e-15 -1.11484e-14 0)
(7.3937e-15 -1.18475e-14 0)
(9.08145e-15 -1.2354e-14 0)
(1.08324e-14 -1.26849e-14 0)
(1.26215e-14 -1.28538e-14 0)
(1.44259e-14 -1.28737e-14 0)
(1.62242e-14 -1.27558e-14 0)
(1.79974e-14 -1.25105e-14 0)
(1.97278e-14 -1.21479e-14 0)
(2.13993e-14 -1.16768e-14 0)
(2.29973e-14 -1.11061e-14 0)
(2.45083e-14 -1.04445e-14 0)
(2.59201e-14 -9.70026e-15 0)
(2.72219e-14 -8.88133e-15 0)
(2.84037e-14 -7.99599e-15 0)
(2.94567e-14 -7.05219e-15 0)
(3.03733e-14 -6.05778e-15 0)
(3.11466e-14 -5.02051e-15 0)
(3.17705e-14 -3.94763e-15 0)
(3.22403e-14 -2.84525e-15 0)
(3.25539e-14 -1.71952e-15 0)
(3.2711e-14 -5.78709e-16 0)
(3.27115e-14 5.67225e-16 0)
(3.25553e-14 1.70826e-15 0)
(3.22426e-14 2.83433e-15 0)
(3.17738e-14 3.937e-15 0)
(3.11509e-14 5.01028e-15 0)
(3.03784e-14 6.04808e-15 0)
(2.94627e-14 7.04313e-15 0)
(2.84105e-14 7.98758e-15 0)
(2.72294e-14 8.87375e-15 0)
(2.59282e-14 9.69343e-15 0)
(2.4517e-14 1.04386e-14 0)
(2.30065e-14 1.11012e-14 0)
(2.1409e-14 1.16729e-14 0)
(1.97378e-14 1.21452e-14 0)
(1.80075e-14 1.2509e-14 0)
(1.62344e-14 1.27553e-14 0)
(1.44361e-14 1.28743e-14 0)
(1.26315e-14 1.28556e-14 0)
(1.0842e-14 1.26876e-14 0)
(9.09087e-15 1.23579e-14 0)
(7.40148e-15 1.18522e-14 0)
(5.80325e-15 1.11536e-14 0)
(4.32933e-15 1.02435e-14 0)
(3.00653e-15 9.09669e-15 0)
(1.87031e-15 7.68248e-15 0)
(9.65426e-16 5.966e-15 0)
(3.57436e-16 3.89872e-15 0)
(3.52666e-18 1.49345e-15 0)
(1.64341e-18 -1.64867e-15 0)
(3.07327e-16 -4.33827e-15 0)
(8.33728e-16 -6.67237e-15 0)
(1.62501e-15 -8.62579e-15 0)
(2.61471e-15 -1.02386e-14 0)
(3.77316e-15 -1.15508e-14 0)
(5.0723e-15 -1.25946e-14 0)
(6.48252e-15 -1.33956e-14 0)
(7.97552e-15 -1.39764e-14 0)
(9.52658e-15 -1.43561e-14 0)
(1.11134e-14 -1.45508e-14 0)
(1.27149e-14 -1.45754e-14 0)
(1.43117e-14 -1.44432e-14 0)
(1.58867e-14 -1.41661e-14 0)
(1.74241e-14 -1.37554e-14 0)
(1.89094e-14 -1.32217e-14 0)
(2.03293e-14 -1.25752e-14 0)
(2.16718e-14 -1.18255e-14 0)
(2.29262e-14 -1.09822e-14 0)
(2.40827e-14 -1.00545e-14 0)
(2.51322e-14 -9.05157e-15 0)
(2.60673e-14 -7.98231e-15 0)
(2.68809e-14 -6.85556e-15 0)
(2.7567e-14 -5.67994e-15 0)
(2.81206e-14 -4.46392e-15 0)
(2.85378e-14 -3.21511e-15 0)
(2.88165e-14 -1.94172e-15 0)
(2.89561e-14 -6.52922e-16 0)
(2.89564e-14 6.41147e-16 0)
(2.88173e-14 1.93006e-15 0)
(2.8539e-14 3.20369e-15 0)
(2.81223e-14 4.45288e-15 0)
(2.75692e-14 5.66938e-15 0)
(2.68835e-14 6.84547e-15 0)
(2.60703e-14 7.97287e-15 0)
(2.51356e-14 9.04281e-15 0)
(2.40864e-14 1.00465e-14 0)
(2.29303e-14 1.09752e-14 0)
(2.16762e-14 1.18195e-14 0)
(2.03339e-14 1.25702e-14 0)
(1.89142e-14 1.32179e-14 0)
(1.74291e-14 1.37527e-14 0)
(1.58919e-14 1.41646e-14 0)
(1.43169e-14 1.4443e-14 0)
(1.27199e-14 1.45765e-14 0)
(1.11186e-14 1.4553e-14 0)
(9.53139e-15 1.43595e-14 0)
(7.97934e-15 1.3981e-14 0)
(6.48653e-15 1.34011e-14 0)
(5.07637e-15 1.26016e-14 0)
(3.77382e-15 1.1559e-14 0)
(2.61526e-15 1.02472e-14 0)
(1.62862e-15 8.63587e-15 0)
(8.32926e-16 6.68494e-15 0)
(3.04853e-16 4.34829e-15 0)
(3.26404e-18 1.65172e-15 0)
(2.45577e-18 -1.78412e-15 0)
(2.61552e-16 -4.7256e-15 0)
(7.1219e-16 -7.29304e-15 0)
(1.39043e-15 -9.44941e-15 0)
(2.24138e-15 -1.12382e-14 0)
(3.24081e-15 -1.26973e-14 0)
(4.36474e-15 -1.38588e-14 0)
(5.58684e-15 -1.47517e-14 0)
(6.88301e-15 -1.54e-14 0)
(8.23188e-15 -1.58242e-14 0)
(9.6132e-15 -1.60431e-14 0)
(1.10079e-14 -1.6073e-14 0)
(1.23996e-14 -1.59287e-14 0)
(1.37728e-14 -1.5624e-14 0)
(1.51135e-14 -1.51712e-14 0)
(1.64089e-14 -1.45826e-14 0)
(1.76473e-14 -1.38692e-14 0)
(1.88183e-14 -1.30419e-14 0)
(1.99123e-14 -1.21112e-14 0)
(2.09207e-14 -1.10876e-14 0)
(2.18359e-14 -9.98084e-15 0)
(2.2651e-14 -8.80087e-15 0)
(2.33601e-14 -7.55754e-15 0)
(2.39579e-14 -6.26027e-15 0)
(2.44404e-14 -4.91838e-15 0)
(2.48042e-14 -3.54109e-15 0)
(2.50475e-14 -2.13773e-15 0)
(2.51693e-14 -7.18263e-16 0)
(2.51693e-14 7.06646e-16 0)
(2.50475e-14 2.12617e-15 0)
(2.48043e-14 3.52975e-15 0)
(2.44405e-14 4.90735e-15 0)
(2.39581e-14 6.24965e-15 0)
(2.33603e-14 7.54745e-15 0)
(2.26513e-14 8.79142e-15 0)
(2.18363e-14 9.97209e-15 0)
(2.09212e-14 1.10797e-14 0)
(1.99129e-14 1.21043e-14 0)
(1.88189e-14 1.30359e-14 0)
(1.7648e-14 1.38643e-14 0)
(1.64096e-14 1.45788e-14 0)
(1.51143e-14 1.51687e-14 0)
(1.37736e-14 1.56226e-14 0)
(1.24005e-14 1.59287e-14 0)
(1.10087e-14 1.60743e-14 0)
(9.61373e-15 1.60457e-14 0)
(8.23255e-15 1.5828e-14 0)
(6.88383e-15 1.5405e-14 0)
(5.58679e-15 1.47582e-14 0)
(4.36402e-15 1.38662e-14 0)
(3.24161e-15 1.27056e-14 0)
(2.24137e-15 1.12487e-14 0)
(1.38746e-15 9.46e-15 0)
(7.12079e-16 7.30354e-15 0)
(2.62548e-16 4.73695e-15 0)
(2.20494e-18 1.787e-15 0)
(1.50883e-18 -1.89901e-15 0)
(2.18468e-16 -5.05426e-15 0)
(5.95558e-16 -7.81906e-15 0)
(1.16445e-15 -1.01506e-14 0)
(1.87985e-15 -1.20907e-14 0)
(2.72215e-15 -1.36766e-14 0)
(3.67126e-15 -1.49419e-14 0)
(4.70503e-15 -1.59156e-14 0)
(5.80356e-15 -1.66233e-14 0)
(6.94788e-15 -1.70873e-14 0)
(8.1206e-15 -1.73282e-14 0)
(9.30596e-15 -1.73634e-14 0)
(1.04893e-14 -1.72093e-14 0)
(1.16572e-14 -1.6881e-14 0)
(1.27978e-14 -1.63925e-14 0)
(1.39e-14 -1.57564e-14 0)
(1.49538e-14 -1.49854e-14 0)
(1.59503e-14 -1.40912e-14 0)
(1.68811e-14 -1.30852e-14 0)
(1.77391e-14 -1.19785e-14 0)
(1.85177e-14 -1.07822e-14 0)
(1.92109e-14 -9.50672e-15 0)
(1.98139e-14 -8.16269e-15 0)
(2.03224e-14 -6.76042e-15 0)
(2.07327e-14 -5.31018e-15 0)
(2.10422e-14 -3.82217e-15 0)
(2.12493e-14 -2.30672e-15 0)
(2.1353e-14 -7.74551e-16 0)
(2.13528e-14 7.63256e-16 0)
(2.12488e-14 2.29561e-15 0)
(2.10414e-14 3.81131e-15 0)
(2.07316e-14 5.29963e-15 0)
(2.0321e-14 6.75031e-15 0)
(1.98122e-14 8.15309e-15 0)
(1.9209e-14 9.49773e-15 0)
(1.85155e-14 1.07739e-14 0)
(1.77367e-14 1.19711e-14 0)
(1.68785e-14 1.30786e-14 0)
(1.59475e-14 1.40855e-14 0)
(1.4951e-14 1.49808e-14 0)
(1.38971e-14 1.57529e-14 0)
(1.27948e-14 1.63901e-14 0)
(1.16542e-14 1.68799e-14 0)
(1.04863e-14 1.72094e-14 0)
(9.30309e-15 1.73647e-14 0)
(8.1179e-15 1.73308e-14 0)
(6.94505e-15 1.70913e-14 0)
(5.80065e-15 1.66284e-14 0)
(4.70266e-15 1.5922e-14 0)
(3.66918e-15 1.49497e-14 0)
(2.71902e-15 1.36856e-14 0)
(1.8772e-15 1.20998e-14 0)
(1.16443e-15 1.01609e-14 0)
(5.94153e-16 7.82999e-15 0)
(2.16853e-16 5.06358e-15 0)
(2.07751e-18 1.90139e-15 0)
(1.20683e-18 -1.99314e-15 0)
(1.76993e-16 -5.32523e-15 0)
(4.8284e-16 -8.2532e-15 0)
(9.45302e-16 -1.07304e-14 0)
(1.52768e-15 -1.27975e-14 0)
(2.21437e-15 -1.44904e-14 0)
(2.9896e-15 -1.58433e-14 0)
(3.83549e-15 -1.68856e-14 0)
(4.73534e-15 -1.7644e-14 0)
(5.67351e-15 -1.81425e-14 0)
(6.63593e-15 -1.84026e-14 0)
(7.60927e-15 -1.84427e-14 0)
(8.58132e-15 -1.82809e-14 0)
(9.54105e-15 -1.79335e-14 0)
(1.04786e-14 -1.7415e-14 0)
(1.13847e-14 -1.67394e-14 0)
(1.22512e-14 -1.59202e-14 0)
(1.30704e-14 -1.49699e-14 0)
(1.38357e-14 -1.39007e-14 0)
(1.4541e-14 -1.27246e-14 0)
(1.51809e-14 -1.14531e-14 0)
(1.57507e-14 -1.00976e-14 0)
(1.62463e-14 -8.66919e-15 0)
(1.66641e-14 -7.17909e-15 0)
(1.70013e-14 -5.63824e-15 0)
(1.72557e-14 -4.05759e-15 0)
(1.74259e-14 -2.44823e-15 0)
(1.7511e-14 -8.21504e-16 0)
(1.75107e-14 8.11058e-16 0)
(1.7425e-14 2.43787e-15 0)
(1.72541e-14 4.04741e-15 0)
(1.69991e-14 5.62839e-15 0)
(1.66613e-14 7.16964e-15 0)
(1.62429e-14 8.66023e-15 0)
(1.57468e-14 1.00892e-14 0)
(1.51765e-14 1.14453e-14 0)
(1.45362e-14 1.27176e-14 0)
(1.38305e-14 1.38946e-14 0)
(1.30649e-14 1.49646e-14 0)
(1.22454e-14 1.59159e-14 0)
(1.13788e-14 1.67362e-14 0)
(1.04726e-14 1.74129e-14 0)
(9.53498e-15 1.79325e-14 0)
(8.57528e-15 1.82811e-14 0)
(7.60338e-15 1.84442e-14 0)
(6.63017e-15 1.84052e-14 0)
(5.66791e-15 1.81464e-14 0)
(4.73029e-15 1.76492e-14 0)
(3.8307e-15 1.68919e-14 0)
(2.98491e-15 1.58505e-14 0)
(2.21106e-15 1.44988e-14 0)
(1.52501e-15 1.28072e-14 0)
(9.41847e-16 1.074e-14 0)
(4.81563e-16 8.26214e-15 0)
(1.77021e-16 5.33443e-15 0)
(1.40877e-18 1.99525e-15 0)
(9.45623e-19 -2.06783e-15 0)
(1.36829e-16 -5.54054e-15 0)
(3.73367e-16 -8.5983e-15 0)
(7.3119e-16 -1.11922e-14 0)
(1.1825e-15 -1.33609e-14 0)
(1.71557e-15 -1.51402e-14 0)
(2.31793e-15 -1.65637e-14 0)
(2.97608e-15 -1.76619e-14 0)
(3.67672e-15 -1.84618e-14 0)
(4.40757e-15 -1.89885e-14 0)
(5.15834e-15 -1.92648e-14 0)
(5.91748e-15 -1.93094e-14 0)
(6.67598e-15 -1.91413e-14 0)
(7.42516e-15 -1.87788e-14 0)
(8.15738e-15 -1.82365e-14 0)
(8.86498e-15 -1.75293e-14 0)
(9.54156e-15 -1.66713e-14 0)
(1.01813e-14 -1.56759e-14 0)
(1.07789e-14 -1.45559e-14 0)
(1.13296e-14 -1.33239e-14 0)
(1.18293e-14 -1.1992e-14 0)
(1.22741e-14 -1.05721e-14 0)
(1.2661e-14 -9.07603e-15 0)
(1.29871e-14 -7.51539e-15 0)
(1.32503e-14 -5.90171e-15 0)
(1.34489e-14 -4.24666e-15 0)
(1.35817e-14 -2.56184e-15 0)
(1.36481e-14 -8.59101e-16 0)
(1.36476e-14 8.497e-16 0)
(1.35803e-14 2.55253e-15 0)
(1.34466e-14 4.23752e-15 0)
(1.32472e-14 5.89282e-15 0)
(1.29831e-14 7.50683e-15 0)
(1.26562e-14 9.06792e-15 0)
(1.22686e-14 1.05645e-14 0)
(1.18231e-14 1.1985e-14 0)
(1.13228e-14 1.33176e-14 0)
(1.07716e-14 1.45504e-14 0)
(1.01735e-14 1.56712e-14 0)
(9.53341e-15 1.66675e-14 0)
(8.85656e-15 1.75264e-14 0)
(8.14879e-15 1.82347e-14 0)
(7.41656e-15 1.8778e-14 0)
(6.66744e-15 1.91416e-14 0)
(5.909e-15 1.93108e-14 0)
(5.15029e-15 1.92673e-14 0)
(4.40004e-15 1.89922e-14 0)
(3.66935e-15 1.84666e-14 0)
(2.9694e-15 1.76676e-14 0)
(2.31258e-15 1.65708e-14 0)
(1.71068e-15 1.51478e-14 0)
(1.17805e-15 1.33687e-14 0)
(7.28934e-16 1.12009e-14 0)
(3.71978e-16 8.6073e-15 0)
(1.35523e-16 5.54761e-15 0)
(1.24594e-18 2.06987e-15 0)
(5.72185e-19 -2.12355e-15 0)
(9.74898e-17 -5.70124e-15 0)
(2.65955e-16 -8.85617e-15 0)
(5.20984e-16 -1.15375e-14 0)
(8.43017e-16 -1.37825e-14 0)
(1.22349e-15 -1.56269e-14 0)
(1.65373e-15 -1.71041e-14 0)
(2.12424e-15 -1.82447e-14 0)
(2.62559e-15 -1.90765e-14 0)
(3.1484e-15 -1.96249e-14 0)
(3.68679e-15 -1.99136e-14 0)
(4.22924e-15 -1.99617e-14 0)
(4.77364e-15 -1.97894e-14 0)
(5.31003e-15 -1.94154e-14 0)
(5.83491e-15 -1.88551e-14 0)
(6.34203e-15 -1.81239e-14 0)
(6.82686e-15 -1.72368e-14 0)
(7.28532e-15 -1.62074e-14 0)
(7.71354e-15 -1.50492e-14 0)
(8.10815e-15 -1.3775e-14 0)
(8.46614e-15 -1.23977e-14 0)
(8.78481e-15 -1.09293e-14 0)
(9.06192e-15 -9.38216e-15 0)
(9.29551e-15 -7.76835e-15 0)
(9.48398e-15 -6.09991e-15 0)
(9.62612e-15 -4.38884e-15 0)
(9.72113e-15 -2.64724e-15 0)
(9.76848e-15 -8.87195e-16 0)
(9.76794e-15 8.78997e-16 0)
(9.71947e-15 2.63911e-15 0)
(9.62332e-15 4.38092e-15 0)
(9.48006e-15 6.09222e-15 0)
(9.29056e-15 7.76097e-15 0)
(9.05601e-15 9.37517e-15 0)
(8.77802e-15 1.09227e-14 0)
(8.45848e-15 1.23916e-14 0)
(8.09971e-15 1.37697e-14 0)
(7.70445e-15 1.50444e-14 0)
(7.27565e-15 1.62033e-14 0)
(6.81676e-15 1.72335e-14 0)
(6.33161e-15 1.81215e-14 0)
(5.82428e-15 1.88535e-14 0)
(5.29935e-15 1.94147e-14 0)
(4.76307e-15 1.97896e-14 0)
(4.21889e-15 1.99629e-14 0)
(3.67687e-15 1.99158e-14 0)
(3.13891e-15 1.9628e-14 0)
(2.61697e-15 1.90806e-14 0)
(2.1167e-15 1.82499e-14 0)
(1.64653e-15 1.71098e-14 0)
(1.2175e-15 1.56335e-14 0)
(8.39268e-16 1.37902e-14 0)
(5.17859e-16 1.15446e-14 0)
(2.63654e-16 8.86288e-15 0)
(9.68033e-17 5.70796e-15 0)
(6.13635e-19 2.12512e-15 0)
(2.66789e-19 -2.16062e-15 0)
(5.87736e-17 -5.80812e-15 0)
(1.6013e-16 -9.02792e-15 0)
(3.13497e-16 -1.17673e-14 0)
(5.07188e-16 -1.40636e-14 0)
(7.35917e-16 -1.59515e-14 0)
(9.94607e-16 -1.74647e-14 0)
(1.27772e-15 -1.86339e-14 0)
(1.57917e-15 -1.94871e-14 0)
(1.89341e-15 -2.00499e-14 0)
(2.22356e-15 -2.0344e-14 0)
(2.53963e-15 -2.0393e-14 0)
(2.87413e-15 -2.02222e-14 0)
(3.19617e-15 -1.98409e-14 0)
(3.51189e-15 -1.92686e-14 0)
(3.81695e-15 -1.85214e-14 0)
(4.10854e-15 -1.76147e-14 0)
(4.38434e-15 -1.65626e-14 0)
(4.64199e-15 -1.53789e-14 0)
(4.87936e-15 -1.40766e-14 0)
(5.09468e-15 -1.26687e-14 0)
(5.28633e-15 -1.11679e-14 0)
(5.4529e-15 -9.58664e-15 0)
(5.59324e-15 -7.9373e-15 0)
(5.70644e-15 -6.23225e-15 0)
(5.79176e-15 -4.4837e-15 0)
(5.8487e-15 -2.70406e-15 0)
(5.87692e-15 -9.05686e-16 0)
(5.87623e-15 8.98934e-16 0)
(5.84673e-15 2.69735e-15 0)
(5.78856e-15 4.47711e-15 0)
(5.70201e-15 6.22585e-15 0)
(5.58763e-15 7.93119e-15 0)
(5.44613e-15 9.58083e-15 0)
(5.27848e-15 1.11625e-14 0)
(5.08588e-15 1.26637e-14 0)
(4.8697e-15 1.40721e-14 0)
(4.63154e-15 1.53749e-14 0)
(4.37326e-15 1.65593e-14 0)
(4.09695e-15 1.7612e-14 0)
(3.805e-15 1.85194e-14 0)
(3.49971e-15 1.92672e-14 0)
(3.18395e-15 1.98403e-14 0)
(2.86204e-15 2.02224e-14 0)
(2.52773e-15 2.0394e-14 0)
(2.21224e-15 2.03458e-14 0)
(1.88283e-15 2.00524e-14 0)
(1.56936e-15 1.94905e-14 0)
(1.26861e-15 1.86379e-14 0)
(9.87298e-16 1.74696e-14 0)
(7.30287e-16 1.5957e-14 0)
(5.01489e-16 1.4069e-14 0)
(3.09699e-16 1.17735e-14 0)
(1.59007e-16 9.03428e-15 0)
(5.77648e-17 5.81312e-15 0)
(5.81489e-19 2.16202e-15 0)
(1.12386e-19 -2.17928e-15 0)
(2.0321e-17 -5.86209e-15 0)
(5.51832e-17 -9.11432e-15 0)
(1.0755e-16 -1.1883e-14 0)
(1.73489e-16 -1.42048e-14 0)
(2.5108e-16 -1.61145e-14 0)
(3.38518e-16 -1.76456e-14 0)
(4.34219e-16 -1.88288e-14 0)
(5.35569e-16 -1.96928e-14 0)
(6.38729e-16 -2.02634e-14 0)
(7.50582e-16 -2.0564e-14 0)
(8.59278e-16 -2.06191e-14 0)
(9.80092e-16 -2.04409e-14 0)
(1.08242e-15 -2.00536e-14 0)
(1.18769e-15 -1.94749e-14 0)
(1.28998e-15 -1.87203e-14 0)
(1.38763e-15 -1.78041e-14 0)
(1.48004e-15 -1.67407e-14 0)
(1.56636e-15 -1.5544e-14 0)
(1.64586e-15 -1.42276e-14 0)
(1.7179e-15 -1.28044e-14 0)
(1.78192e-15 -1.12874e-14 0)
(1.83752e-15 -9.68894e-15 0)
(1.88428e-15 -8.02178e-15 0)
(1.92189e-15 -6.29827e-15 0)
(1.95011e-15 -4.53093e-15 0)
(1.96875e-15 -2.73217e-15 0)
(1.97776e-15 -9.146e-16 0)
(1.97706e-15 9.09324e-16 0)
(1.96664e-15 2.727e-15 0)
(1.9466e-15 4.52585e-15 0)
(1.91704e-15 6.29332e-15 0)
(1.87812e-15 8.01701e-15 0)
(1.83016e-15 9.6844e-15 0)
(1.77341e-15 1.12831e-14 0)
(1.7083e-15 1.28006e-14 0)
(1.63533e-15 1.42241e-14 0)
(1.55499e-15 1.55409e-14 0)
(1.46798e-15 1.6738e-14 0)
(1.37502e-15 1.78019e-14 0)
(1.27696e-15 1.87187e-14 0)
(1.17446e-15 1.94738e-14 0)
(1.06915e-15 2.00531e-14 0)
(9.66966e-16 2.0441e-14 0)
(8.46475e-16 2.06198e-14 0)
(7.38354e-16 2.05652e-14 0)
(6.271e-16 2.02652e-14 0)
(5.24975e-16 1.96953e-14 0)
(4.25164e-16 1.88318e-14 0)
(3.3022e-16 1.7649e-14 0)
(2.43561e-16 1.61185e-14 0)
(1.69036e-16 1.42095e-14 0)
(1.04849e-16 1.18875e-14 0)
(5.21161e-17 9.11848e-15 0)
(1.89957e-17 5.86671e-15 0)
(2.56306e-20 2.18023e-15 0)
(-2.37803e-19 -2.17973e-15 0)
(-1.77872e-17 -5.86325e-15 0)
(-4.94448e-17 -9.11586e-15 0)
(-9.79809e-17 -1.18848e-14 0)
(-1.59486e-16 -1.42066e-14 0)
(-2.32782e-16 -1.61164e-14 0)
(-3.1615e-16 -1.76474e-14 0)
(-4.07509e-16 -1.88305e-14 0)
(-5.04974e-16 -1.96945e-14 0)
(-6.04627e-16 -2.02649e-14 0)
(-7.12854e-16 -2.05655e-14 0)
(-8.18455e-16 -2.06204e-14 0)
(-9.36326e-16 -2.04421e-14 0)
(-1.036e-15 -2.00547e-14 0)
(-1.13895e-15 -1.94759e-14 0)
(-1.23921e-15 -1.87211e-14 0)
(-1.33512e-15 -1.78047e-14 0)
(-1.42608e-15 -1.67412e-14 0)
(-1.51124e-15 -1.55444e-14 0)
(-1.58986e-15 -1.42279e-14 0)
(-1.66133e-15 -1.28046e-14 0)
(-1.72504e-15 -1.12873e-14 0)
(-1.78057e-15 -9.68875e-15 0)
(-1.82756e-15 -8.02146e-15 0)
(-1.86566e-15 -6.29785e-15 0)
(-1.89462e-15 -4.5304e-15 0)
(-1.91427e-15 -2.73157e-15 0)
(-1.92451e-15 -9.13835e-16 0)
(-1.92523e-15 9.10161e-16 0)
(-1.91647e-15 2.7279e-15 0)
(-1.89829e-15 4.52681e-15 0)
(-1.87074e-15 6.29439e-15 0)
(-1.834e-15 8.01813e-15 0)
(-1.78831e-15 9.68564e-15 0)
(-1.73395e-15 1.12843e-14 0)
(-1.67133e-15 1.28018e-14 0)
(-1.60091e-15 1.42254e-14 0)
(-1.52314e-15 1.55422e-14 0)
(-1.43871e-15 1.67393e-14 0)
(-1.34832e-15 1.78031e-14 0)
(-1.25282e-15 1.87199e-14 0)
(-1.15282e-15 1.9475e-14 0)
(-1.04989e-15 2.00542e-14 0)
(-9.50061e-16 2.0442e-14 0)
(-8.31833e-16 2.06207e-14 0)
(-7.25659e-16 2.05661e-14 0)
(-6.16434e-16 2.0266e-14 0)
(-5.15979e-16 1.96958e-14 0)
(-4.17827e-16 1.88323e-14 0)
(-3.24388e-16 1.76497e-14 0)
(-2.38652e-16 1.61189e-14 0)
(-1.6568e-16 1.42092e-14 0)
(-1.02845e-16 1.1888e-14 0)
(-5.04316e-17 9.11939e-15 0)
(-1.8621e-17 5.86632e-15 0)
(-1.01148e-19 2.18036e-15 0)
(-5.90418e-19 -2.16183e-15 0)
(-5.62071e-17 -5.81177e-15 0)
(-1.54583e-16 -9.03247e-15 0)
(-3.04099e-16 -1.17725e-14 0)
(-4.93446e-16 -1.4069e-14 0)
(-7.18107e-16 -1.59569e-14 0)
(-9.72868e-16 -1.747e-14 0)
(-1.25183e-15 -1.8639e-14 0)
(-1.54953e-15 -1.94919e-14 0)
(-1.86026e-15 -2.00544e-14 0)
(-2.18701e-15 -2.03482e-14 0)
(-2.49993e-15 -2.03968e-14 0)
(-2.8318e-15 -2.02256e-14 0)
(-3.1513e-15 -1.98439e-14 0)
(-3.46478e-15 -1.92712e-14 0)
(-3.76792e-15 -1.85237e-14 0)
(-4.05781e-15 -1.76165e-14 0)
(-4.33222e-15 -1.65641e-14 0)
(-4.58875e-15 -1.53799e-14 0)
(-4.82529e-15 -1.40772e-14 0)
(-5.03999e-15 -1.26689e-14 0)
(-5.23132e-15 -1.11677e-14 0)
(-5.3979e-15 -9.58613e-15 0)
(-5.53846e-15 -7.93643e-15 0)
(-5.65213e-15 -6.23099e-15 0)
(-5.73818e-15 -4.48211e-15 0)
(-5.79603e-15 -2.70216e-15 0)
(-5.82543e-15 -9.0351e-16 0)
(-5.8262e-15 9.01411e-16 0)
(-5.7983e-15 2.70009e-15 0)
(-5.74186e-15 4.4801e-15 0)
(-5.65724e-15 6.22905e-15 0)
(-5.54493e-15 7.93454e-15 0)
(-5.40568e-15 9.58432e-15 0)
(-5.24037e-15 1.11661e-14 0)
(-5.05016e-15 1.26674e-14 0)
(-4.83643e-15 1.40758e-14 0)
(-4.60077e-15 1.53786e-14 0)
(-4.34501e-15 1.65629e-14 0)
(-4.07119e-15 1.76156e-14 0)
(-3.78168e-15 1.85228e-14 0)
(-3.47881e-15 1.92705e-14 0)
(-3.16538e-15 1.98434e-14 0)
(-2.8457e-15 2.02253e-14 0)
(-2.51341e-15 2.03967e-14 0)
(-2.19997e-15 2.03482e-14 0)
(-1.8726e-15 2.00546e-14 0)
(-1.56071e-15 1.94924e-14 0)
(-1.26124e-15 1.86395e-14 0)
(-9.81642e-16 1.74707e-14 0)
(-7.264e-16 1.59581e-14 0)
(-4.98072e-16 1.40706e-14 0)
(-3.06485e-16 1.17739e-14 0)
(-1.58121e-16 9.0343e-15 0)
(-5.81135e-17 5.81405e-15 0)
(-5.49243e-19 2.16211e-15 0)
(-7.30575e-19 -2.12548e-15 0)
(-9.5e-17 -5.70707e-15 0)
(-2.60437e-16 -8.86371e-15 0)
(-5.12053e-16 -1.15458e-14 0)
(-8.30012e-16 -1.37914e-14 0)
(-1.20657e-15 -1.56357e-14 0)
(-1.63326e-15 -1.71127e-14 0)
(-2.09998e-15 -1.8253e-14 0)
(-2.59787e-15 -1.90842e-14 0)
(-3.11749e-15 -1.96322e-14 0)
(-3.65276e-15 -1.99204e-14 0)
(-4.19241e-15 -1.99678e-14 0)
(-4.73429e-15 -1.97949e-14 0)
(-5.26831e-15 -1.94203e-14 0)
(-5.79115e-15 -1.88594e-14 0)
(-6.29646e-15 -1.81276e-14 0)
(-6.77973e-15 -1.72397e-14 0)
(-7.23688e-15 -1.62097e-14 0)
(-7.66406e-15 -1.50508e-14 0)
(-8.05788e-15 -1.37761e-14 0)
(-8.41534e-15 -1.2398e-14 0)
(-8.73374e-15 -1.09291e-14 0)
(-9.01076e-15 -9.38129e-15 0)
(-9.24452e-15 -7.76696e-15 0)
(-9.43343e-15 -6.09789e-15 0)
(-9.57627e-15 -4.38634e-15 0)
(-9.67219e-15 -2.64408e-15 0)
(-9.72062e-15 -8.83634e-16 0)
(-9.72133e-15 8.83121e-16 0)
(-9.67434e-15 2.64357e-15 0)
(-9.57987e-15 4.38583e-15 0)
(-9.43847e-15 6.09736e-15 0)
(-9.25091e-15 7.76649e-15 0)
(-9.0184e-15 9.38078e-15 0)
(-8.74254e-15 1.09286e-14 0)
(-8.42525e-15 1.23975e-14 0)
(-8.0688e-15 1.37757e-14 0)
(-7.67585e-15 1.50504e-14 0)
(-7.24938e-15 1.62093e-14 0)
(-6.79282e-15 1.72393e-14 0)
(-6.30998e-15 1.81272e-14 0)
(-5.8049e-15 1.88589e-14 0)
(-5.28212e-15 1.94199e-14 0)
(-4.74794e-15 1.97943e-14 0)
(-4.2058e-15 1.99673e-14 0)
(-3.66557e-15 1.99198e-14 0)
(-3.12922e-15 1.96316e-14 0)
(-2.60891e-15 1.90835e-14 0)
(-2.11055e-15 1.82525e-14 0)
(-1.6414e-15 1.71124e-14 0)
(-1.21214e-15 1.56351e-14 0)
(-8.36685e-16 1.37909e-14 0)
(-5.17418e-16 1.15462e-14 0)
(-2.61225e-16 8.86452e-15 0)
(-9.58527e-17 5.7081e-15 0)
(-6.72636e-19 2.12551e-15 0)
(-1.21697e-18 -2.07044e-15 0)
(-1.34478e-16 -5.54877e-15 0)
(-3.68269e-16 -8.60856e-15 0)
(-7.22799e-16 -1.12036e-14 0)
(-1.17062e-15 -1.33727e-14 0)
(-1.70025e-15 -1.5152e-14 0)
(-2.29951e-15 -1.65753e-14 0)
(-2.95422e-15 -1.7673e-14 0)
(-3.65192e-15 -1.84724e-14 0)
(-4.38017e-15 -1.89983e-14 0)
(-5.12811e-15 -1.92739e-14 0)
(-5.88477e-15 -1.93177e-14 0)
(-6.64114e-15 -1.91489e-14 0)
(-7.38824e-15 -1.87855e-14 0)
(-8.11861e-15 -1.82424e-14 0)
(-8.82461e-15 -1.75342e-14 0)
(-9.49981e-15 -1.66754e-14 0)
(-1.01384e-14 -1.5679e-14 0)
(-1.0735e-14 -1.45583e-14 0)
(-1.1285e-14 -1.33253e-14 0)
(-1.17842e-14 -1.19927e-14 0)
(-1.22288e-14 -1.05718e-14 0)
(-1.26156e-14 -9.07499e-15 0)
(-1.29419e-14 -7.51335e-15 0)
(-1.32055e-14 -5.89908e-15 0)
(-1.34046e-14 -4.2431e-15 0)
(-1.35382e-14 -2.55777e-15 0)
(-1.36055e-14 -8.5414e-16 0)
(-1.36062e-14 8.55069e-16 0)
(-1.35403e-14 2.55869e-15 0)
(-1.3408e-14 4.244e-15 0)
(-1.32102e-14 5.89998e-15 0)
(-1.29479e-14 7.51421e-15 0)
(-1.26228e-14 9.07584e-15 0)
(-1.22371e-14 1.05725e-14 0)
(-1.17936e-14 1.19933e-14 0)
(-1.12954e-14 1.33258e-14 0)
(-1.07462e-14 1.45588e-14 0)
(-1.01502e-14 1.56793e-14 0)
(-9.5122e-15 1.66755e-14 0)
(-8.83742e-15 1.75341e-14 0)
(-8.13166e-15 1.82421e-14 0)
(-7.40134e-15 1.87849e-14 0)
(-6.65417e-15 1.91481e-14 0)
(-5.89741e-15 1.93168e-14 0)
(-5.14022e-15 1.92727e-14 0)
(-4.39198e-15 1.89968e-14 0)
(-3.66252e-15 1.84709e-14 0)
(-2.9628e-15 1.76713e-14 0)
(-2.30822e-15 1.6573e-14 0)
(-1.70884e-15 1.51504e-14 0)
(-1.17469e-15 1.33715e-14 0)
(-7.24761e-16 1.12021e-14 0)
(-3.72359e-16 8.60761e-15 0)
(-1.36574e-16 5.54928e-15 0)
(-1.35361e-18 2.07006e-15 0)
(-1.38757e-18 -1.99632e-15 0)
(-1.74848e-16 -5.33572e-15 0)
(-4.78089e-16 -8.26573e-15 0)
(-9.37807e-16 -1.07443e-14 0)
(-1.51714e-15 -1.28118e-14 0)
(-2.20123e-15 -1.45046e-14 0)
(-2.97405e-15 -1.5857e-14 0)
(-3.81721e-15 -1.68988e-14 0)
(-4.71456e-15 -1.76566e-14 0)
(-5.65059e-15 -1.81542e-14 0)
(-6.61086e-15 -1.84133e-14 0)
(-7.58222e-15 -1.84526e-14 0)
(-8.55239e-15 -1.82898e-14 0)
(-9.51046e-15 -1.79414e-14 0)
(-1.04465e-14 -1.74218e-14 0)
(-1.13513e-14 -1.67453e-14 0)
(-1.22165e-14 -1.59249e-14 0)
(-1.30348e-14 -1.49735e-14 0)
(-1.37993e-14 -1.39033e-14 0)
(-1.4504e-14 -1.27261e-14 0)
(-1.51435e-14 -1.14536e-14 0)
(-1.57131e-14 -1.0097e-14 0)
(-1.62086e-14 -8.66778e-15 0)
(-1.66265e-14 -7.17659e-15 0)
(-1.6964e-14 -5.63487e-15 0)
(-1.72189e-14 -4.05318e-15 0)
(-1.73897e-14 -2.44312e-15 0)
(-1.74757e-14 -8.15432e-16 0)
(-1.74763e-14 8.17731e-16 0)
(-1.73916e-14 2.44543e-15 0)
(-1.7222e-14 4.05542e-15 0)
(-1.69682e-14 5.63711e-15 0)
(-1.66319e-14 7.17862e-15 0)
(-1.62151e-14 8.66978e-15 0)
(-1.57206e-14 1.00988e-14 0)
(-1.5152e-14 1.14554e-14 0)
(-1.45133e-14 1.27275e-14 0)
(-1.38094e-14 1.39046e-14 0)
(-1.30455e-14 1.49743e-14 0)
(-1.22278e-14 1.59256e-14 0)
(-1.1363e-14 1.67454e-14 0)
(-1.04584e-14 1.74219e-14 0)
(-9.52243e-15 1.79408e-14 0)
(-8.56422e-15 1.8289e-14 0)
(-7.59394e-15 1.84511e-14 0)
(-6.62223e-15 1.84116e-14 0)
(-5.6608e-15 1.81521e-14 0)
(-4.72422e-15 1.76541e-14 0)
(-3.82736e-15 1.68955e-14 0)
(-2.98134e-15 1.58545e-14 0)
(-2.20543e-15 1.45017e-14 0)
(-1.52399e-15 1.2808e-14 0)
(-9.43867e-16 1.07419e-14 0)
(-4.78414e-16 8.2645e-15 0)
(-1.75373e-16 5.3345e-15 0)
(-1.48404e-18 1.99573e-15 0)
(-1.87232e-18 -1.90265e-15 0)
(-2.16555e-16 -5.06645e-15 0)
(-5.9142e-16 -7.83363e-15 0)
(-1.15829e-15 -1.0166e-14 0)
(-1.8714e-15 -1.21067e-14 0)
(-2.71162e-15 -1.36926e-14 0)
(-3.65919e-15 -1.49572e-14 0)
(-4.69123e-15 -1.59303e-14 0)
(-5.788e-15 -1.66371e-14 0)
(-6.93077e-15 -1.71005e-14 0)
(-8.102e-15 -1.73402e-14 0)
(-9.28592e-15 -1.73745e-14 0)
(-1.04678e-14 -1.72192e-14 0)
(-1.16345e-14 -1.68901e-14 0)
(-1.2774e-14 -1.64e-14 0)
(-1.38752e-14 -1.57631e-14 0)
(-1.49281e-14 -1.49905e-14 0)
(-1.59238e-14 -1.40956e-14 0)
(-1.68541e-14 -1.30878e-14 0)
(-1.77116e-14 -1.19806e-14 0)
(-1.84897e-14 -1.07824e-14 0)
(-1.91829e-14 -9.50649e-15 0)
(-1.97858e-14 -8.16059e-15 0)
(-2.02943e-14 -6.75797e-15 0)
(-2.07048e-14 -5.30589e-15 0)
(-2.10147e-14 -3.81765e-15 0)
(-2.12221e-14 -2.3003e-15 0)
(-2.13264e-14 -7.68075e-16 0)
(-2.13269e-14 7.71555e-16 0)
(-2.12238e-14 2.30368e-15 0)
(-2.10173e-14 3.82102e-15 0)
(-2.07084e-14 5.309e-15 0)
(-2.02989e-14 6.76114e-15 0)
(-1.97914e-14 8.16336e-15 0)
(-1.91893e-14 9.50933e-15 0)
(-1.8497e-14 1.07847e-14 0)
(-1.77196e-14 1.19829e-14 0)
(-1.68627e-14 1.30895e-14 0)
(-1.5933e-14 1.40972e-14 0)
(-1.49378e-14 1.49913e-14 0)
(-1.38852e-14 1.5764e-14 0)
(-1.27842e-14 1.63998e-14 0)
(-1.16449e-14 1.68899e-14 0)
(-1.04783e-14 1.72179e-14 0)
(-9.29609e-15 1.73732e-14 0)
(-8.11158e-15 1.73379e-14 0)
(-6.9404e-15 1.70979e-14 0)
(-5.79721e-15 1.66335e-14 0)
(-4.69778e-15 1.59273e-14 0)
(-3.66608e-15 1.4953e-14 0)
(-2.7207e-15 1.36877e-14 0)
(-1.87493e-15 1.21036e-14 0)
(-1.15868e-15 1.01625e-14 0)
(-5.96249e-16 7.83001e-15 0)
(-2.19289e-16 5.06562e-15 0)
(-2.09933e-18 1.90144e-15 0)
(-2.25785e-18 -1.78842e-15 0)
(-2.60186e-16 -4.73972e-15 0)
(-7.08746e-16 -7.30892e-15 0)
(-1.38583e-15 -9.46645e-15 0)
(-2.23587e-15 -1.12553e-14 0)
(-3.23403e-15 -1.27139e-14 0)
(-4.35721e-15 -1.38753e-14 0)
(-5.57846e-15 -1.47674e-14 0)
(-6.87398e-15 -1.54149e-14 0)
(-8.22196e-15 -1.58382e-14 0)
(-9.60228e-15 -1.60563e-14 0)
(-1.09963e-14 -1.6085e-14 0)
(-1.23873e-14 -1.59397e-14 0)
(-1.37596e-14 -1.56336e-14 0)
(-1.50997e-14 -1.51799e-14 0)
(-1.63944e-14 -1.45897e-14 0)
(-1.76324e-14 -1.38752e-14 0)
(-1.88027e-14 -1.30464e-14 0)
(-1.98964e-14 -1.21148e-14 0)
(-2.09044e-14 -1.10894e-14 0)
(-2.18194e-14 -9.98176e-15 0)
(-2.26342e-14 -8.80022e-15 0)
(-2.33433e-14 -7.55592e-15 0)
(-2.39411e-14 -6.25708e-15 0)
(-2.44236e-14 -4.91432e-15 0)
(-2.47875e-14 -3.53555e-15 0)
(-2.50311e-14 -2.13139e-15 0)
(-2.51532e-14 -7.10618e-16 0)
(-2.51537e-14 7.14925e-16 0)
(-2.50323e-14 2.13568e-15 0)
(-2.47896e-14 3.53982e-15 0)
(-2.44264e-14 4.91847e-15 0)
(-2.39447e-14 6.26114e-15 0)
(-2.33475e-14 7.55971e-15 0)
(-2.26393e-14 8.80382e-15 0)
(-2.1825e-14 9.98488e-15 0)
(-2.09106e-14 1.10924e-14 0)
(-1.99031e-14 1.21171e-14 0)
(-1.881e-14 1.30484e-14 0)
(-1.76399e-14 1.38765e-14 0)
(-1.64023e-14 1.45906e-14 0)
(-1.51078e-14 1.51799e-14 0)
(-1.37679e-14 1.56331e-14 0)
(-1.23955e-14 1.59385e-14 0)
(-1.10044e-14 1.60833e-14 0)
(-9.61051e-15 1.60536e-14 0)
(-8.2295e-15 1.5835e-14 0)
(-6.88049e-15 1.54112e-14 0)
(-5.58622e-15 1.47629e-14 0)
(-4.36415e-15 1.38698e-14 0)
(-3.23576e-15 1.271e-14 0)
(-2.241e-15 1.12496e-14 0)
(-1.39323e-15 9.4613e-15 0)
(-7.08457e-16 7.3058e-15 0)
(-2.60129e-16 4.73724e-15 0)
(-2.35955e-18 1.78719e-15 0)
(-2.62228e-18 -1.65311e-15 0)
(-3.05757e-16 -4.35258e-15 0)
(-8.31751e-16 -6.68952e-15 0)
(-1.62309e-15 -8.64227e-15 0)
(-2.61213e-15 -1.02552e-14 0)
(-3.77107e-15 -1.15672e-14 0)
(-5.07085e-15 -1.26104e-14 0)
(-6.48079e-15 -1.34107e-14 0)
(-7.97383e-15 -1.3991e-14 0)
(-9.52526e-15 -1.43696e-14 0)
(-1.11118e-14 -1.45637e-14 0)
(-1.2713e-14 -1.4587e-14 0)
(-1.43097e-14 -1.44541e-14 0)
(-1.58846e-14 -1.41753e-14 0)
(-1.74218e-14 -1.37639e-14 0)
(-1.89068e-14 -1.32283e-14 0)
(-2.03264e-14 -1.25813e-14 0)
(-2.16689e-14 -1.18293e-14 0)
(-2.2923e-14 -1.09858e-14 0)
(-2.40793e-14 -1.00556e-14 0)
(-2.51287e-14 -9.05261e-15 0)
(-2.60636e-14 -7.98061e-15 0)
(-2.68771e-14 -6.85419e-15 0)
(-2.75631e-14 -5.67573e-15 0)
(-2.81166e-14 -4.4602e-15 0)
(-2.85337e-14 -3.20842e-15 0)
(-2.88125e-14 -1.93585e-15 0)
(-2.89521e-14 -6.43954e-16 0)
(-2.89523e-14 6.48957e-16 0)
(-2.88132e-14 1.94096e-15 0)
(-2.8535e-14 3.2131e-15 0)
(-2.81183e-14 4.46512e-15 0)
(-2.75654e-14 5.67988e-15 0)
(-2.68799e-14 6.85875e-15 0)
(-2.60669e-14 7.98409e-15 0)
(-2.51323e-14 9.05675e-15 0)
(-2.40834e-14 1.00582e-14 0)
(-2.29276e-14 1.0989e-14 0)
(-2.16737e-14 1.18309e-14 0)
(-2.03315e-14 1.25836e-14 0)
(-1.89121e-14 1.32286e-14 0)
(-1.74272e-14 1.3765e-14 0)
(-1.58902e-14 1.41742e-14 0)
(-1.43154e-14 1.44536e-14 0)
(-1.27188e-14 1.45844e-14 0)
(-1.11172e-14 1.45617e-14 0)
(-9.53055e-15 1.43657e-14 0)
(-7.97974e-15 1.39872e-14 0)
(-6.48516e-15 1.34052e-14 0)
(-5.07392e-15 1.26064e-14 0)
(-3.77831e-15 1.15607e-14 0)
(-2.61607e-15 1.02491e-14 0)
(-1.62142e-15 8.63808e-15 0)
(-8.35994e-16 6.68472e-15 0)
(-3.09044e-16 4.34938e-15 0)
(-2.72663e-18 1.65171e-15 0)
(-3.21854e-18 -1.49542e-15 0)
(-3.54888e-16 -3.90159e-15 0)
(-9.62168e-16 -5.97142e-15 0)
(-1.87181e-15 -7.68934e-15 0)
(-3.00401e-15 -9.10405e-15 0)
(-4.32525e-15 -1.02516e-14 0)
(-5.80207e-15 -1.11626e-14 0)
(-7.39995e-15 -1.18617e-14 0)
(-9.08867e-15 -1.23676e-14 0)
(-1.08407e-14 -1.26979e-14 0)
(-1.26304e-14 -1.28657e-14 0)
(-1.44353e-14 -1.28851e-14 0)
(-1.6234e-14 -1.27657e-14 0)
(-1.80076e-14 -1.252e-14 0)
(-1.97382e-14 -1.21553e-14 0)
(-2.14101e-14 -1.16839e-14 0)
(-2.30081e-14 -1.1111e-14 0)
(-2.45194e-14 -1.04493e-14 0)
(-2.59311e-14 -9.70235e-15 0)
(-2.7233e-14 -8.88365e-15 0)
(-2.84145e-14 -7.99547e-15 0)
(-2.94677e-14 -7.0521e-15 0)
(-3.03839e-14 -6.05471e-15 0)
(-3.11571e-14 -5.01806e-15 0)
(-3.17806e-14 -3.94213e-15 0)
(-3.22502e-14 -2.84056e-15 0)
(-3.25634e-14 -1.71167e-15 0)
(-3.27202e-14 -5.7193e-16 0)
(-3.27202e-14 5.77177e-16 0)
(-3.25638e-14 1.71668e-15 0)
(-3.22506e-14 2.84568e-15 0)
(-3.17814e-14 3.9468e-15 0)
(-3.11579e-14 5.02294e-15 0)
(-3.0385e-14 6.05883e-15 0)
(-2.94686e-14 7.05644e-15 0)
(-2.8416e-14 7.99879e-15 0)
(-2.72345e-14 8.88718e-15 0)
(-2.59327e-14 9.70494e-15 0)
(-2.4521e-14 1.0452e-14 0)
(-2.30101e-14 1.11123e-14 0)
(-2.14121e-14 1.16855e-14 0)
(-1.97404e-14 1.21554e-14 0)
(-1.801e-14 1.25202e-14 0)
(-1.62364e-14 1.27642e-14 0)
(-1.44378e-14 1.28838e-14 0)
(-1.2633e-14 1.28628e-14 0)
(-1.08435e-14 1.26947e-14 0)
(-9.09094e-15 1.23631e-14 0)
(-7.40293e-15 1.18576e-14 0)
(-5.80586e-15 1.11566e-14 0)
(-4.32609e-15 1.02454e-14 0)
(-3.0053e-15 9.09995e-15 0)
(-1.87793e-15 7.68252e-15 0)
(-9.627e-16 5.96657e-15 0)
(-3.53808e-16 3.89897e-15 0)
(-3.92504e-18 1.49366e-15 0)
(-4.88624e-18 -1.31266e-15 0)
(-4.08702e-16 -3.38302e-15 0)
(-1.10325e-15 -5.14882e-15 0)
(-2.13666e-15 -6.60371e-15 0)
(-3.41534e-15 -7.79805e-15 0)
(-4.89951e-15 -8.76489e-15 0)
(-6.55336e-15 -9.53218e-15 0)
(-8.33726e-15 -1.0121e-14 0)
(-1.02188e-14 -1.05471e-14 0)
(-1.21678e-14 -1.0825e-14 0)
(-1.41572e-14 -1.0966e-14 0)
(-1.61616e-14 -1.09811e-14 0)
(-1.81586e-14 -1.08788e-14 0)
(-2.01268e-14 -1.06692e-14 0)
(-2.20474e-14 -1.03587e-14 0)
(-2.39022e-14 -9.95708e-15 0)
(-2.56756e-14 -9.46934e-15 0)
(-2.73521e-14 -8.9056e-15 0)
(-2.89191e-14 -8.26957e-15 0)
(-3.03636e-14 -7.57199e-15 0)
(-3.16755e-14 -6.81552e-15 0)
(-3.28444e-14 -6.01179e-15 0)
(-3.38624e-14 -5.16253e-15 0)
(-3.47215e-14 -4.28045e-15 0)
(-3.54149e-14 -3.36566e-15 0)
(-3.5936e-14 -2.42847e-15 0)
(-3.62832e-14 -1.46479e-15 0)
(-3.64565e-14 -4.89587e-16 0)
(-3.64566e-14 4.9475e-16 0)
(-3.62828e-14 1.46976e-15 0)
(-3.59354e-14 2.43373e-15 0)
(-3.5414e-14 3.37028e-15 0)
(-3.47206e-14 4.28553e-15 0)
(-3.38613e-14 5.16664e-15 0)
(-3.28433e-14 6.01659e-15 0)
(-3.16741e-14 6.81875e-15 0)
(-3.03619e-14 7.57621e-15 0)
(-2.89175e-14 8.27175e-15 0)
(-2.73506e-14 8.90865e-15 0)
(-2.56739e-14 9.47036e-15 0)
(-2.39005e-14 9.95907e-15 0)
(-2.20458e-14 1.03582e-14 0)
(-2.01252e-14 1.06697e-14 0)
(-1.81573e-14 1.0877e-14 0)
(-1.61604e-14 1.09801e-14 0)
(-1.41564e-14 1.09624e-14 0)
(-1.21671e-14 1.08225e-14 0)
(-1.02186e-14 1.05424e-14 0)
(-8.33709e-15 1.01164e-14 0)
(-6.55339e-15 9.52635e-15 0)
(-4.90101e-15 8.76053e-15 0)
(-3.41759e-15 7.79048e-15 0)
(-2.13514e-15 6.59853e-15 0)
(-1.10469e-15 5.14515e-15 0)
(-4.11489e-16 3.37873e-15 0)
(-4.82277e-18 1.31105e-15 0)
(-5.89227e-18 -1.10292e-15 0)
(-4.71582e-16 -2.79263e-15 0)
(-1.25964e-15 -4.21672e-15 0)
(-2.42174e-15 -5.38293e-15 0)
(-3.84972e-15 -6.33639e-15 0)
(-5.49741e-15 -7.1088e-15 0)
(-7.32608e-15 -7.72217e-15 0)
(-9.29311e-15 -8.19239e-15 0)
(-1.13637e-14 -8.53409e-15 0)
(-1.3506e-14 -8.75608e-15 0)
(-1.56906e-14 -8.86953e-15 0)
(-1.78907e-14 -8.88028e-15 0)
(-2.00819e-14 -8.79862e-15 0)
(-2.22413e-14 -8.62786e-15 0)
(-2.43481e-14 -8.37868e-15 0)
(-2.63829e-14 -8.05233e-15 0)
(-2.83284e-14 -7.6605e-15 0)
(-3.01679e-14 -7.20235e-15 0)
(-3.18871e-14 -6.69109e-15 0)
(-3.34724e-14 -6.12381e-15 0)
(-3.49121e-14 -5.51559e-15 0)
(-3.61955e-14 -4.86164e-15 0)
(-3.73137e-14 -4.179e-15 0)
(-3.82586e-14 -3.4616e-15 0)
(-3.90217e-14 -2.72885e-15 0)
(-3.95942e-14 -1.96791e-15 0)
(-3.99748e-14 -1.19256e-15 0)
(-4.01649e-14 -3.94707e-16 0)
(-4.01646e-14 3.99378e-16 0)
(-3.99737e-14 1.19742e-15 0)
(-3.95927e-14 1.97197e-15 0)
(-3.90194e-14 2.73351e-15 0)
(-3.82558e-14 3.4651e-15 0)
(-3.73102e-14 4.18342e-15 0)
(-3.61917e-14 4.86436e-15 0)
(-3.49078e-14 5.51971e-15 0)
(-3.34679e-14 6.12574e-15 0)
(-3.18823e-14 6.69446e-15 0)
(-3.01626e-14 7.20352e-15 0)
(-2.83228e-14 7.66313e-15 0)
(-2.63775e-14 8.05225e-15 0)
(-2.43426e-14 8.38037e-15 0)
(-2.22357e-14 8.62665e-15 0)
(-2.00766e-14 8.79889e-15 0)
(-1.78857e-14 8.87781e-15 0)
(-1.56859e-14 8.86843e-15 0)
(-1.35017e-14 8.75234e-15 0)
(-1.13602e-14 8.53135e-15 0)
(-9.29033e-15 8.1878e-15 0)
(-7.32387e-15 7.71822e-15 0)
(-5.49543e-15 7.10303e-15 0)
(-3.84878e-15 6.33208e-15 0)
(-2.42269e-15 5.37884e-15 0)
(-1.26008e-15 4.21081e-15 0)
(-4.70991e-16 2.79061e-15 0)
(-6.47449e-18 1.10105e-15 0)
(-1.05004e-17 -8.61113e-16 0)
(-5.49188e-16 -2.11831e-15 0)
(-1.44019e-15 -3.16957e-15 0)
(-2.73528e-15 -4.02296e-15 0)
(-4.31191e-15 -4.72003e-15 0)
(-6.12134e-15 -5.28615e-15 0)
(-8.12043e-15 -5.73618e-15 0)
(-1.02666e-14 -6.08235e-15 0)
(-1.25221e-14 -6.33372e-15 0)
(-1.48534e-14 -6.49792e-15 0)
(-1.72293e-14 -6.58122e-15 0)
(-1.96217e-14 -6.58991e-15 0)
(-2.20036e-14 -6.52875e-15 0)
(-2.43514e-14 -6.40334e-15 0)
(-2.66416e-14 -6.21775e-15 0)
(-2.88543e-14 -5.97723e-15 0)
(-3.09694e-14 -5.68537e-15 0)
(-3.29702e-14 -5.34726e-15 0)
(-3.48396e-14 -4.96621e-15 0)
(-3.65642e-14 -4.54732e-15 0)
(-3.813e-14 -4.09359e-15 0)
(-3.95261e-14 -3.61022e-15 0)
(-4.07419e-14 -3.10032e-15 0)
(-4.17711e-14 -2.5708e-15 0)
(-4.26045e-14 -2.0278e-15 0)
(-4.32323e-14 -1.46961e-15 0)
(-4.36512e-14 -8.90354e-16 0)
(-4.38619e-14 -2.96907e-16 0)
(-4.38612e-14 3.00676e-16 0)
(-4.365e-14 8.93969e-16 0)
(-4.32297e-14 1.47307e-15 0)
(-4.2601e-14 2.03105e-15 0)
(-4.17666e-14 2.57388e-15 0)
(-4.07368e-14 3.10324e-15 0)
(-3.95198e-14 3.61289e-15 0)
(-3.81231e-14 4.09608e-15 0)
(-3.65564e-14 4.54942e-15 0)
(-3.48312e-14 4.9683e-15 0)
(-3.29614e-14 5.34868e-15 0)
(-3.09604e-14 5.68672e-15 0)
(-2.88447e-14 5.97804e-15 0)
(-2.6632e-14 6.21831e-15 0)
(-2.4342e-14 6.40318e-15 0)
(-2.19944e-14 6.52835e-15 0)
(-1.96129e-14 6.58871e-15 0)
(-1.72209e-14 6.57978e-15 0)
(-1.48459e-14 6.49562e-15 0)
(-1.2515e-14 6.33122e-15 0)
(-1.02606e-14 6.07903e-15 0)
(-8.1156e-15 5.73287e-15 0)
(-6.11837e-15 5.28239e-15 0)
(-4.30904e-15 4.71618e-15 0)
(-2.73358e-15 4.01855e-15 0)
(-1.43973e-15 3.16729e-15 0)
(-5.49504e-16 2.11553e-15 0)
(-1.08419e-17 8.59872e-16 0)
(-2.6597e-17 -5.59578e-16 0)
(-6.62757e-16 -1.33902e-15 0)
(-1.66228e-15 -1.989e-15 0)
(-3.08477e-15 -2.51157e-15 0)
(-4.80603e-15 -2.93919e-15 0)
(-6.77068e-15 -3.28763e-15 0)
(-8.93525e-15 -3.56534e-15 0)
(-1.12548e-14 -3.77963e-15 0)
(-1.36907e-14 -3.93522e-15 0)
(-1.62075e-14 -4.03746e-15 0)
(-1.87721e-14 -4.08922e-15 0)
(-2.13541e-14 -4.0952e-15 0)
(-2.39254e-14 -4.05713e-15 0)
(-2.64596e-14 -3.98001e-15 0)
(-2.89326e-14 -3.86444e-15 0)
(-3.13216e-14 -3.71588e-15 0)
(-3.36063e-14 -3.53393e-15 0)
(-3.57671e-14 -3.32492e-15 0)
(-3.77871e-14 -3.08723e-15 0)
(-3.96499e-14 -2.82825e-15 0)
(-4.13417e-14 -2.54524e-15 0)
(-4.28492e-14 -2.24685e-15 0)
(-4.4162e-14 -1.92992e-15 0)
(-4.52715e-14 -1.60505e-15 0)
(-4.61747e-14 -1.28091e-15 0)
(-4.68634e-14 -9.5015e-16 0)
(-4.73316e-14 -5.8524e-16 0)
(-4.75653e-14 -1.97748e-16 0)
(-4.75647e-14 2.00225e-16 0)
(-4.73295e-14 5.87504e-16 0)
(-4.68603e-14 9.52761e-16 0)
(-4.61703e-14 1.2831e-15 0)
(-4.52658e-14 1.60812e-15 0)
(-4.41548e-14 1.93214e-15 0)
(-4.2841e-14 2.24983e-15 0)
(-4.13325e-14 2.54688e-15 0)
(-3.96398e-14 2.83085e-15 0)
(-3.77763e-14 3.08821e-15 0)
(-3.57555e-14 3.32682e-15 0)
(-3.35939e-14 3.53411e-15 0)
(-3.13093e-14 3.71698e-15 0)
(-2.89202e-14 3.86357e-15 0)
(-2.6447e-14 3.98037e-15 0)
(-2.39132e-14 4.05569e-15 0)
(-2.13423e-14 4.09476e-15 0)
(-1.87609e-14 4.08701e-15 0)
(-1.61969e-14 4.03626e-15 0)
(-1.36815e-14 3.93257e-15 0)
(-1.12467e-14 3.77761e-15 0)
(-8.92814e-15 3.56206e-15 0)
(-6.76488e-15 3.28509e-15 0)
(-4.80253e-15 2.93646e-15 0)
(-3.08228e-15 2.509e-15 0)
(-1.6608e-15 1.98664e-15 0)
(-6.62397e-16 1.33732e-15 0)
(-2.67441e-17 5.59083e-16 0)
(-9.59898e-17 -1.9661e-16 0)
(-7.35875e-16 -4.73867e-16 0)
(-1.86099e-15 -7.03708e-16 0)
(-3.41641e-15 -8.82276e-16 0)
(-5.27574e-15 -1.02786e-15 0)
(-7.39261e-15 -1.14839e-15 0)
(-9.7201e-15 -1.24466e-15 0)
(-1.22124e-14 -1.31893e-15 0)
(-1.48287e-14 -1.37316e-15 0)
(-1.75312e-14 -1.40857e-15 0)
(-2.02851e-14 -1.42674e-15 0)
(-2.3058e-14 -1.42866e-15 0)
(-2.58195e-14 -1.4157e-15 0)
(-2.85416e-14 -1.38853e-15 0)
(-3.11982e-14 -1.34861e-15 0)
(-3.37651e-14 -1.29642e-15 0)
(-3.62199e-14 -1.23353e-15 0)
(-3.85422e-14 -1.16005e-15 0)
(-4.07133e-14 -1.07789e-15 0)
(-4.27161e-14 -9.86903e-16 0)
(-4.45355e-14 -8.8913e-16 0)
(-4.61589e-14 -7.83822e-16 0)
(-4.75752e-14 -6.71296e-16 0)
(-4.87639e-14 -5.31754e-16 0)
(-4.97267e-14 -3.84755e-16 0)
(-5.04662e-14 -2.52123e-16 0)
(-5.09746e-14 -1.27142e-16 0)
(-5.12255e-14 -3.29989e-17 0)
(-5.12247e-14 3.35533e-17 0)
(-5.09721e-14 1.27891e-16 0)
(-5.0462e-14 2.52846e-16 0)
(-4.97211e-14 3.85694e-16 0)
(-4.8757e-14 5.32421e-16 0)
(-4.75669e-14 6.71904e-16 0)
(-4.61493e-14 7.84156e-16 0)
(-4.45246e-14 8.89701e-16 0)
(-4.27041e-14 9.87104e-16 0)
(-4.07002e-14 1.07837e-15 0)
(-3.85286e-14 1.16001e-15 0)
(-3.62058e-14 1.23392e-15 0)
(-3.37504e-14 1.29647e-15 0)
(-3.11832e-14 1.34898e-15 0)
(-2.85267e-14 1.38823e-15 0)
(-2.58048e-14 1.41573e-15 0)
(-2.30438e-14 1.42816e-15 0)
(-2.02718e-14 1.42657e-15 0)
(-1.75188e-14 1.40783e-15 0)
(-1.48174e-14 1.37266e-15 0)
(-1.22026e-14 1.31801e-15 0)
(-9.71212e-15 1.24401e-15 0)
(-7.38631e-15 1.14755e-15 0)
(-5.27083e-15 1.02712e-15 0)
(-3.41323e-15 8.81442e-16 0)
(-1.85965e-15 7.02988e-16 0)
(-7.35639e-16 4.73769e-16 0)
(-9.61032e-17 1.96587e-16 0)
)
;

boundaryField
{
    top
    {
        type            slip;
    }
    bottom
    {
        type            slip;
    }
    rotatingWall
    {
        type            rotatingWallVelocity;
        origin          (0 0 0);
        axis            (0 1 0);
        omega           constant 1140;
        value           uniform (0 0 0);
    }
    wall
    {
        type            rotatingWallVelocity;
        origin          (0 0 0);
        axis            (0 1 0);
        omega           constant 0;
        value           uniform (0 -0 -0);
    }
    frontAndBack
    {
        type            empty;
    }
}


// ************************************************************************* //
