/*--------------------------------*- C++ -*----------------------------------*\
| =========                 |                                                 |
| \\      /  F ield         | OpenFOAM: The Open Source CFD Toolbox           |
|  \\    /   O peration     | Version:  5.0                                   |
|   \\  /    A nd           | Web:      www.OpenFOAM.org                      |
|    \\/     M anipulation  |                                                 |
\*---------------------------------------------------------------------------*/
FoamFile
{
    version     2.0;
    format      ascii;
    class       volVectorField;
    location    "201";
    object      U;
}
// * * * * * * * * * * * * * * * * * * * * * * * * * * * * * * * * * * * * * //

dimensions      [0 1 -1 0 0 0 0];

internalField   nonuniform List<vector> 
1568
(
(-2.12245e-13 -3.59782e-13 0)
(1.64556e-13 1.64269e-14 0)
(3.40577e-12 -3.0987e-12 0)
(8.69215e-12 -2.88269e-12 0)
(1.29891e-11 -2.21968e-12 0)
(1.835e-11 -3.31153e-12 0)
(2.49209e-11 -3.49415e-12 0)
(3.15001e-11 -3.48619e-12 0)
(3.83391e-11 -3.70723e-12 0)
(4.55444e-11 -3.83171e-12 0)
(5.28475e-11 -3.85058e-12 0)
(6.01457e-11 -3.83731e-12 0)
(6.74115e-11 -3.78465e-12 0)
(7.45603e-11 -3.6959e-12 0)
(8.15074e-11 -3.58598e-12 0)
(8.81967e-11 -3.43894e-12 0)
(9.45631e-11 -3.26029e-12 0)
(1.00557e-10 -3.06494e-12 0)
(1.06131e-10 -2.83943e-12 0)
(1.11241e-10 -2.58958e-12 0)
(1.15842e-10 -2.31302e-12 0)
(1.19917e-10 -2.03503e-12 0)
(1.23436e-10 -1.7151e-12 0)
(1.26331e-10 -1.30041e-12 0)
(1.28623e-10 -8.87931e-13 0)
(1.30333e-10 -5.62367e-13 0)
(1.3143e-10 -2.35334e-13 0)
(1.31858e-10 -1.94189e-14 0)
(1.31601e-10 2.01442e-13 0)
(1.30678e-10 4.44853e-13 0)
(1.29131e-10 7.74754e-13 0)
(1.27012e-10 1.13824e-12 0)
(1.2432e-10 1.56536e-12 0)
(1.21049e-10 1.87646e-12 0)
(1.17234e-10 2.17764e-12 0)
(1.12918e-10 2.41829e-12 0)
(1.08116e-10 2.68073e-12 0)
(1.02862e-10 2.88878e-12 0)
(9.72129e-11 3.1039e-12 0)
(9.11895e-11 3.27204e-12 0)
(8.48422e-11 3.42648e-12 0)
(7.82389e-11 3.52692e-12 0)
(7.14383e-11 3.62074e-12 0)
(6.44892e-11 3.67383e-12 0)
(5.747e-11 3.70144e-12 0)
(5.04554e-11 3.67464e-12 0)
(4.35237e-11 3.62167e-12 0)
(3.67448e-11 3.51302e-12 0)
(3.02073e-11 3.36555e-12 0)
(2.4011e-11 3.15466e-12 0)
(1.8227e-11 2.90628e-12 0)
(1.29604e-11 2.61386e-12 0)
(8.51323e-12 2.17255e-12 0)
(4.59053e-12 1.97573e-12 0)
(1.71694e-12 1.13914e-12 0)
(2.54958e-13 4.75145e-13 0)
(1.02421e-12 -1.86949e-12 0)
(1.36427e-12 -3.86294e-12 0)
(4.86338e-12 -5.5137e-12 0)
(6.8293e-12 -6.48818e-12 0)
(1.21026e-11 -8.23131e-12 0)
(1.72359e-11 -8.99009e-12 0)
(2.28059e-11 -9.62291e-12 0)
(2.90778e-11 -1.01921e-11 0)
(3.55116e-11 -1.05967e-11 0)
(4.21343e-11 -1.08425e-11 0)
(4.88894e-11 -1.09336e-11 0)
(5.57232e-11 -1.09273e-11 0)
(6.24981e-11 -1.08117e-11 0)
(6.91393e-11 -1.05767e-11 0)
(7.56132e-11 -1.02272e-11 0)
(8.18361e-11 -9.79967e-12 0)
(8.77637e-11 -9.27651e-12 0)
(9.33484e-11 -8.67926e-12 0)
(9.85439e-11 -8.00477e-12 0)
(1.03303e-10 -7.28351e-12 0)
(1.07597e-10 -6.49805e-12 0)
(1.11385e-10 -5.67504e-12 0)
(1.14657e-10 -4.805e-12 0)
(1.17383e-10 -3.93237e-12 0)
(1.19571e-10 -3.07484e-12 0)
(1.21179e-10 -2.18548e-12 0)
(1.22196e-10 -1.20185e-12 0)
(1.22576e-10 -1.61988e-13 0)
(1.22356e-10 9.05307e-13 0)
(1.2152e-10 1.91977e-12 0)
(1.20081e-10 2.85415e-12 0)
(1.18089e-10 3.69695e-12 0)
(1.15595e-10 4.54468e-12 0)
(1.1259e-10 5.35718e-12 0)
(1.09063e-10 6.15623e-12 0)
(1.0504e-10 6.89919e-12 0)
(1.0057e-10 7.60099e-12 0)
(9.56939e-11 8.22349e-12 0)
(9.04171e-11 8.79377e-12 0)
(8.48159e-11 9.28295e-12 0)
(7.89178e-11 9.70635e-12 0)
(7.2748e-11 1.00362e-11 0)
(6.6382e-11 1.02945e-11 0)
(5.99041e-11 1.04383e-11 0)
(5.3355e-11 1.04934e-11 0)
(4.68137e-11 1.04366e-11 0)
(4.03351e-11 1.02704e-11 0)
(3.40122e-11 9.97809e-12 0)
(2.79297e-11 9.55702e-12 0)
(2.21425e-11 8.98915e-12 0)
(1.67556e-11 8.3131e-12 0)
(1.19064e-11 7.34912e-12 0)
(7.55999e-12 6.28551e-12 0)
(4.22781e-12 4.96754e-12 0)
(1.70515e-12 3.30605e-12 0)
(1.08424e-13 1.4136e-12 0)
(-1.70625e-13 -3.05524e-12 0)
(8.32303e-13 -5.1243e-12 0)
(3.15864e-12 -9.41625e-12 0)
(7.27788e-12 -1.12372e-11 0)
(1.05921e-11 -1.30396e-11 0)
(1.53821e-11 -1.47537e-11 0)
(2.09032e-11 -1.57334e-11 0)
(2.65309e-11 -1.66201e-11 0)
(3.24037e-11 -1.72986e-11 0)
(3.8633e-11 -1.76954e-11 0)
(4.49378e-11 -1.78496e-11 0)
(5.12073e-11 -1.78191e-11 0)
(5.7473e-11 -1.76123e-11 0)
(6.36528e-11 -1.7225e-11 0)
(6.96427e-11 -1.66847e-11 0)
(7.5413e-11 -1.59885e-11 0)
(8.09166e-11 -1.51507e-11 0)
(8.60999e-11 -1.41882e-11 0)
(9.09167e-11 -1.31073e-11 0)
(9.53373e-11 -1.19235e-11 0)
(9.93244e-11 -1.06452e-11 0)
(1.02854e-10 -9.2921e-12 0)
(1.05896e-10 -7.86876e-12 0)
(1.08441e-10 -6.41199e-12 0)
(1.10458e-10 -4.92564e-12 0)
(1.11925e-10 -3.41692e-12 0)
(1.12841e-10 -1.84222e-12 0)
(1.13207e-10 -2.49977e-13 0)
(1.13015e-10 1.37099e-12 0)
(1.12277e-10 2.94569e-12 0)
(1.11012e-10 4.50626e-12 0)
(1.09218e-10 5.99113e-12 0)
(1.069e-10 7.4585e-12 0)
(1.0409e-10 8.82917e-12 0)
(1.00814e-10 1.01493e-11 0)
(9.70969e-11 1.13496e-11 0)
(9.29539e-11 1.249e-11 0)
(8.84186e-11 1.34963e-11 0)
(8.35425e-11 1.44086e-11 0)
(7.83353e-11 1.51841e-11 0)
(7.28453e-11 1.58462e-11 0)
(6.71396e-11 1.6365e-11 0)
(6.12552e-11 1.67691e-11 0)
(5.52342e-11 1.7016e-11 0)
(4.91585e-11 1.71157e-11 0)
(4.30787e-11 1.70352e-11 0)
(3.70692e-11 1.67718e-11 0)
(3.11912e-11 1.62952e-11 0)
(2.55285e-11 1.56194e-11 0)
(2.0209e-11 1.46823e-11 0)
(1.5163e-11 1.35015e-11 0)
(1.06561e-11 1.20865e-11 0)
(6.93076e-12 1.02309e-11 0)
(3.55795e-12 8.03482e-12 0)
(1.27818e-12 5.35776e-12 0)
(2.93655e-14 2.16476e-12 0)
(-4.30547e-13 -2.79869e-12 0)
(1.48304e-12 -8.28005e-12 0)
(3.14209e-12 -1.13127e-11 0)
(5.94636e-12 -1.50565e-11 0)
(9.66578e-12 -1.75747e-11 0)
(1.39825e-11 -1.9437e-11 0)
(1.89041e-11 -2.09735e-11 0)
(2.4009e-11 -2.2258e-11 0)
(2.9463e-11 -2.31211e-11 0)
(3.51643e-11 -2.36235e-11 0)
(4.09247e-11 -2.38858e-11 0)
(4.67238e-11 -2.38591e-11 0)
(5.24942e-11 -2.35725e-11 0)
(5.81517e-11 -2.3062e-11 0)
(6.36714e-11 -2.23349e-11 0)
(6.89922e-11 -2.1393e-11 0)
(7.40568e-11 -2.02767e-11 0)
(7.88334e-11 -1.89795e-11 0)
(8.32842e-11 -1.75384e-11 0)
(8.73652e-11 -1.59514e-11 0)
(9.10471e-11 -1.42515e-11 0)
(9.43023e-11 -1.24365e-11 0)
(9.71107e-11 -1.05507e-11 0)
(9.94489e-11 -8.58538e-12 0)
(1.013e-10 -6.59533e-12 0)
(1.02646e-10 -4.53827e-12 0)
(1.03487e-10 -2.4521e-12 0)
(1.0383e-10 -3.20872e-13 0)
(1.03684e-10 1.79343e-12 0)
(1.03052e-10 3.90925e-12 0)
(1.01911e-10 5.95909e-12 0)
(1.00263e-10 7.96623e-12 0)
(9.8138e-11 9.88128e-12 0)
(9.55548e-11 1.1737e-11 0)
(9.25247e-11 1.34744e-11 0)
(8.90817e-11 1.51217e-11 0)
(8.52622e-11 1.66193e-11 0)
(8.10801e-11 1.80099e-11 0)
(7.65657e-11 1.92315e-11 0)
(7.1772e-11 2.03044e-11 0)
(6.67335e-11 2.11999e-11 0)
(6.1475e-11 2.19414e-11 0)
(5.60522e-11 2.24761e-11 0)
(5.05221e-11 2.28338e-11 0)
(4.49269e-11 2.29606e-11 0)
(3.93267e-11 2.2864e-11 0)
(3.37732e-11 2.25074e-11 0)
(2.8371e-11 2.18808e-11 0)
(2.31697e-11 2.09481e-11 0)
(1.82277e-11 1.97152e-11 0)
(1.37246e-11 1.81125e-11 0)
(9.58107e-12 1.61386e-11 0)
(5.87825e-12 1.36664e-11 0)
(3.22007e-12 1.07241e-11 0)
(1.21923e-12 7.03034e-12 0)
(6.12911e-14 2.78785e-12 0)
(3.09742e-13 -3.50137e-12 0)
(8.2489e-13 -9.10857e-12 0)
(2.89709e-12 -1.41608e-11 0)
(5.43119e-12 -1.78981e-11 0)
(8.68611e-12 -2.11124e-11 0)
(1.26062e-11 -2.35332e-11 0)
(1.69487e-11 -2.55447e-11 0)
(2.15431e-11 -2.71129e-11 0)
(2.65256e-11 -2.81775e-11 0)
(3.17202e-11 -2.88526e-11 0)
(3.69575e-11 -2.91757e-11 0)
(4.22218e-11 -2.91604e-11 0)
(4.74657e-11 -2.88322e-11 0)
(5.26369e-11 -2.8207e-11 0)
(5.76738e-11 -2.72969e-11 0)
(6.25214e-11 -2.61508e-11 0)
(6.71486e-11 -2.4765e-11 0)
(7.15118e-11 -2.31775e-11 0)
(7.55671e-11 -2.13998e-11 0)
(7.92938e-11 -1.94705e-11 0)
(8.266e-11 -1.73885e-11 0)
(8.56356e-11 -1.51919e-11 0)
(8.82001e-11 -1.28833e-11 0)
(9.03327e-11 -1.05015e-11 0)
(9.2018e-11 -8.0397e-12 0)
(9.32492e-11 -5.5343e-12 0)
(9.40216e-11 -2.97129e-12 0)
(9.43436e-11 -3.93228e-13 0)
(9.42187e-11 2.19101e-12 0)
(9.36472e-11 4.72669e-12 0)
(9.26269e-11 7.20872e-12 0)
(9.11442e-11 9.61369e-12 0)
(8.92067e-11 1.19482e-11 0)
(8.68436e-11 1.41791e-11 0)
(8.40834e-11 1.63084e-11 0)
(8.09471e-11 1.83136e-11 0)
(7.74592e-11 2.01843e-11 0)
(7.36453e-11 2.18848e-11 0)
(6.95285e-11 2.34249e-11 0)
(6.51455e-11 2.47709e-11 0)
(6.05412e-11 2.59163e-11 0)
(5.57532e-11 2.68333e-11 0)
(5.08179e-11 2.75321e-11 0)
(4.57691e-11 2.79655e-11 0)
(4.066e-11 2.81339e-11 0)
(3.55525e-11 2.80065e-11 0)
(3.0499e-11 2.75702e-11 0)
(2.55574e-11 2.67972e-11 0)
(2.08258e-11 2.5668e-11 0)
(1.64e-11 2.41254e-11 0)
(1.22081e-11 2.2136e-11 0)
(8.46948e-12 1.96853e-11 0)
(5.4778e-12 1.66881e-11 0)
(2.68344e-12 1.29664e-11 0)
(8.97198e-13 8.49765e-12 0)
(-2.31165e-14 3.29253e-12 0)
(1.01018e-14 -4.16829e-12 0)
(8.51152e-13 -1.03577e-11 0)
(2.49156e-12 -1.60535e-11 0)
(4.87558e-12 -2.06433e-11 0)
(7.77278e-12 -2.43937e-11 0)
(1.12358e-11 -2.73772e-11 0)
(1.50315e-11 -2.98365e-11 0)
(1.9166e-11 -3.16713e-11 0)
(2.36476e-11 -3.29254e-11 0)
(2.82751e-11 -3.37526e-11 0)
(3.29627e-11 -3.41614e-11 0)
(3.77051e-11 -3.41574e-11 0)
(4.24384e-11 -3.37676e-11 0)
(4.70984e-11 -3.30293e-11 0)
(5.16346e-11 -3.19775e-11 0)
(5.60084e-11 -3.0628e-11 0)
(6.01812e-11 -2.90079e-11 0)
(6.41121e-11 -2.71501e-11 0)
(6.77689e-11 -2.50768e-11 0)
(7.11255e-11 -2.28082e-11 0)
(7.41581e-11 -2.03772e-11 0)
(7.68391e-11 -1.7802e-11 0)
(7.915e-11 -1.51056e-11 0)
(8.10767e-11 -1.2307e-11 0)
(8.26003e-11 -9.42696e-12 0)
(8.37131e-11 -6.48137e-12 0)
(8.44188e-11 -3.49333e-12 0)
(8.47152e-11 -4.80687e-13 0)
(8.46049e-11 2.52096e-12 0)
(8.40899e-11 5.49075e-12 0)
(8.31651e-11 8.39283e-12 0)
(8.18304e-11 1.12123e-11 0)
(8.00981e-11 1.39386e-11 0)
(7.79823e-11 1.65644e-11 0)
(7.55046e-11 1.90647e-11 0)
(7.2684e-11 2.14219e-11 0)
(6.95391e-11 2.36145e-11 0)
(6.60989e-11 2.56225e-11 0)
(6.239e-11 2.74277e-11 0)
(5.84432e-11 2.90184e-11 0)
(5.42929e-11 3.03711e-11 0)
(4.9974e-11 3.14666e-11 0)
(4.55172e-11 3.22799e-11 0)
(4.0963e-11 3.27932e-11 0)
(3.63641e-11 3.29879e-11 0)
(3.17622e-11 3.28426e-11 0)
(2.72076e-11 3.23235e-11 0)
(2.27959e-11 3.14071e-11 0)
(1.85466e-11 3.00695e-11 0)
(1.45056e-11 2.82445e-11 0)
(1.09007e-11 2.58879e-11 0)
(7.61134e-12 2.29832e-11 0)
(4.57165e-12 1.93902e-11 0)
(2.47194e-12 1.50206e-11 0)
(9.71063e-13 9.85726e-12 0)
(3.56377e-14 3.72779e-12 0)
(-9.81877e-14 -4.3493e-12 0)
(8.70919e-13 -1.15271e-11 0)
(2.2372e-12 -1.77365e-11 0)
(4.29882e-12 -2.30135e-11 0)
(6.8384e-12 -2.73419e-11 0)
(9.80907e-12 -3.08607e-11 0)
(1.31333e-11 -3.36656e-11 0)
(1.68315e-11 -3.57521e-11 0)
(2.07812e-11 -3.72339e-11 0)
(2.48409e-11 -3.82118e-11 0)
(2.89913e-11 -3.86772e-11 0)
(3.32022e-11 -3.86679e-11 0)
(3.73997e-11 -3.82326e-11 0)
(4.15296e-11 -3.74072e-11 0)
(4.55588e-11 -3.62201e-11 0)
(4.94468e-11 -3.46985e-11 0)
(5.3152e-11 -3.2876e-11 0)
(5.66423e-11 -3.0779e-11 0)
(5.98921e-11 -2.84364e-11 0)
(6.28755e-11 -2.5873e-11 0)
(6.55672e-11 -2.31188e-11 0)
(6.79503e-11 -2.01992e-11 0)
(7.00066e-11 -1.71378e-11 0)
(7.17181e-11 -1.39608e-11 0)
(7.30735e-11 -1.06949e-11 0)
(7.40661e-11 -7.35708e-12 0)
(7.4695e-11 -3.97409e-12 0)
(7.49624e-11 -5.72571e-13 0)
(7.48708e-11 2.8209e-12 0)
(7.44175e-11 6.17599e-12 0)
(7.3599e-11 9.46823e-12 0)
(7.24187e-11 1.26767e-11 0)
(7.08854e-11 1.57806e-11 0)
(6.90107e-11 1.87608e-11 0)
(6.68099e-11 2.15992e-11 0)
(6.43039e-11 2.42695e-11 0)
(6.15108e-11 2.67551e-11 0)
(5.84541e-11 2.90372e-11 0)
(5.51594e-11 3.10927e-11 0)
(5.16527e-11 3.29e-11 0)
(4.79654e-11 3.4437e-11 0)
(4.41274e-11 3.56812e-11 0)
(4.01704e-11 3.66086e-11 0)
(3.61291e-11 3.71982e-11 0)
(3.20473e-11 3.74217e-11 0)
(2.7967e-11 3.72521e-11 0)
(2.3935e-11 3.66594e-11 0)
(2.00164e-11 3.56097e-11 0)
(1.62657e-11 3.40586e-11 0)
(1.27598e-11 3.19749e-11 0)
(9.48087e-12 2.92894e-11 0)
(6.55984e-12 2.59137e-11 0)
(4.23013e-12 2.18378e-11 0)
(2.07892e-12 1.69203e-11 0)
(6.5082e-13 1.09429e-11 0)
(3.56737e-14 4.15749e-12 0)
(1.37745e-14 -4.63115e-12 0)
(7.52524e-13 -1.24442e-11 0)
(1.92235e-12 -1.92754e-11 0)
(3.64076e-12 -2.5102e-11 0)
(5.82751e-12 -2.9932e-11 0)
(8.41744e-12 -3.3843e-11 0)
(1.13179e-11 -3.69119e-11 0)
(1.45148e-11 -3.92484e-11 0)
(1.79103e-11 -4.09435e-11 0)
(2.14265e-11 -4.2036e-11 0)
(2.50437e-11 -4.25597e-11 0)
(2.87036e-11 -4.25644e-11 0)
(3.23497e-11 -4.2096e-11 0)
(3.59443e-11 -4.11924e-11 0)
(3.94521e-11 -3.98868e-11 0)
(4.28359e-11 -3.8216e-11 0)
(4.60642e-11 -3.62123e-11 0)
(4.91073e-11 -3.39047e-11 0)
(5.194e-11 -3.13247e-11 0)
(5.45404e-11 -2.85044e-11 0)
(5.68886e-11 -2.54712e-11 0)
(5.89672e-11 -2.22521e-11 0)
(6.07599e-11 -1.88812e-11 0)
(6.22513e-11 -1.53823e-11 0)
(6.3434e-11 -1.1783e-11 0)
(6.43024e-11 -8.10899e-12 0)
(6.48538e-11 -4.3874e-12 0)
(6.50893e-11 -6.45277e-13 0)
(6.50086e-11 3.08619e-12 0)
(6.46134e-11 6.77622e-12 0)
(6.39035e-11 1.03986e-11 0)
(6.28768e-11 1.39298e-11 0)
(6.15423e-11 1.73485e-11 0)
(5.99126e-11 2.06307e-11 0)
(5.79981e-11 2.3755e-11 0)
(5.58155e-11 2.67016e-11 0)
(5.33858e-11 2.9445e-11 0)
(5.07265e-11 3.19648e-11 0)
(4.78558e-11 3.42352e-11 0)
(4.48001e-11 3.62337e-11 0)
(4.15867e-11 3.7934e-11 0)
(3.82427e-11 3.93117e-11 0)
(3.47944e-11 4.03393e-11 0)
(3.12725e-11 4.09883e-11 0)
(2.77185e-11 4.12313e-11 0)
(2.41676e-11 4.10384e-11 0)
(2.06596e-11 4.03742e-11 0)
(1.72729e-11 3.92006e-11 0)
(1.40285e-11 3.74794e-11 0)
(1.09481e-11 3.5148e-11 0)
(8.20482e-12 3.21446e-11 0)
(5.74196e-12 2.84497e-11 0)
(3.44802e-12 2.38996e-11 0)
(1.81509e-12 1.83872e-11 0)
(7.07306e-13 1.19713e-11 0)
(-5.13124e-16 4.48643e-12 0)
(1.75167e-15 -4.99776e-12 0)
(6.18814e-13 -1.33399e-11 0)
(1.59421e-12 -2.07226e-11 0)
(3.0206e-12 -2.69741e-11 0)
(4.8886e-12 -3.21576e-11 0)
(7.09337e-12 -3.63727e-11 0)
(9.52915e-12 -3.97245e-11 0)
(1.22044e-11 -4.23017e-11 0)
(1.50699e-11 -4.41629e-11 0)
(1.80448e-11 -4.53497e-11 0)
(2.11027e-11 -4.593e-11 0)
(2.42061e-11 -4.59513e-11 0)
(2.72996e-11 -4.54552e-11 0)
(3.03477e-11 -4.44843e-11 0)
(3.33248e-11 -4.30797e-11 0)
(3.6198e-11 -4.12766e-11 0)
(3.89398e-11 -3.91126e-11 0)
(4.15248e-11 -3.66216e-11 0)
(4.39302e-11 -3.38373e-11 0)
(4.61392e-11 -3.07897e-11 0)
(4.81361e-11 -2.7514e-11 0)
(4.99014e-11 -2.404e-11 0)
(5.14229e-11 -2.03988e-11 0)
(5.2692e-11 -1.662e-11 0)
(5.36976e-11 -1.27333e-11 0)
(5.44356e-11 -8.76836e-12 0)
(5.49058e-11 -4.75359e-12 0)
(5.51078e-11 -7.18212e-13 0)
(5.50405e-11 3.30769e-12 0)
(5.4704e-11 7.29526e-12 0)
(5.40989e-11 1.12116e-11 0)
(5.3229e-11 1.50299e-11 0)
(5.20981e-11 1.87273e-11 0)
(5.07136e-11 2.22779e-11 0)
(4.90906e-11 2.56578e-11 0)
(4.72411e-11 2.88436e-11 0)
(4.51778e-11 3.18108e-11 0)
(4.29188e-11 3.4531e-11 0)
(4.04821e-11 3.6982e-11 0)
(3.78873e-11 3.91383e-11 0)
(3.5158e-11 4.09729e-11 0)
(3.23173e-11 4.24571e-11 0)
(2.93869e-11 4.35621e-11 0)
(2.63956e-11 4.42582e-11 0)
(2.33809e-11 4.45149e-11 0)
(2.03726e-11 4.42982e-11 0)
(1.74048e-11 4.35704e-11 0)
(1.45371e-11 4.22909e-11 0)
(1.17974e-11 4.04059e-11 0)
(9.23817e-12 3.7864e-11 0)
(6.88527e-12 3.4612e-11 0)
(4.76997e-12 3.05299e-11 0)
(3.04162e-12 2.56066e-11 0)
(1.51456e-12 1.97575e-11 0)
(4.931e-13 1.27137e-11 0)
(3.44395e-15 4.76987e-12 0)
(-4.43498e-14 -5.26866e-12 0)
(5.09675e-13 -1.40651e-11 0)
(1.27968e-12 -2.18663e-11 0)
(2.45657e-12 -2.84645e-11 0)
(3.98734e-12 -3.39756e-11 0)
(5.77194e-12 -3.8482e-11 0)
(7.73389e-12 -4.20903e-11 0)
(9.91068e-12 -4.48582e-11 0)
(1.22561e-11 -4.68451e-11 0)
(1.46878e-11 -4.81254e-11 0)
(1.71851e-11 -4.87588e-11 0)
(1.97213e-11 -4.87883e-11 0)
(2.22529e-11 -4.82701e-11 0)
(2.47489e-11 -4.72459e-11 0)
(2.71874e-11 -4.57587e-11 0)
(2.95416e-11 -4.38478e-11 0)
(3.17874e-11 -4.1552e-11 0)
(3.39053e-11 -3.89093e-11 0)
(3.58793e-11 -3.59538e-11 0)
(3.76916e-11 -3.27194e-11 0)
(3.93266e-11 -2.92402e-11 0)
(4.07752e-11 -2.55525e-11 0)
(4.20246e-11 -2.16847e-11 0)
(4.30636e-11 -1.76725e-11 0)
(4.38869e-11 -1.35453e-11 0)
(4.4492e-11 -9.33351e-12 0)
(4.48784e-11 -5.06706e-12 0)
(4.50459e-11 -7.78507e-13 0)
(4.49942e-11 3.4991e-12 0)
(4.47206e-11 7.73452e-12 0)
(4.42239e-11 1.18964e-11 0)
(4.35086e-11 1.59578e-11 0)
(4.25803e-11 1.98891e-11 0)
(4.14462e-11 2.36658e-11 0)
(4.0115e-11 2.72615e-11 0)
(3.85977e-11 3.06481e-11 0)
(3.69054e-11 3.37999e-11 0)
(3.50527e-11 3.66917e-11 0)
(3.30549e-11 3.92961e-11 0)
(3.09278e-11 4.15864e-11 0)
(2.86901e-11 4.35336e-11 0)
(2.63609e-11 4.51077e-11 0)
(2.39597e-11 4.6279e-11 0)
(2.15098e-11 4.70157e-11 0)
(1.90427e-11 4.72837e-11 0)
(1.65824e-11 4.70468e-11 0)
(1.4158e-11 4.62628e-11 0)
(1.18279e-11 4.48872e-11 0)
(9.59972e-12 4.28709e-11 0)
(7.49346e-12 4.01444e-11 0)
(5.61219e-12 3.66441e-11 0)
(3.94113e-12 3.23404e-11 0)
(2.404e-12 2.70745e-11 0)
(1.23437e-12 2.07574e-11 0)
(4.69069e-13 1.3449e-11 0)
(4.75886e-16 4.99588e-12 0)
(-3.91519e-14 -5.44652e-12 0)
(4.09306e-13 -1.46198e-11 0)
(9.99757e-13 -2.27342e-11 0)
(1.89168e-12 -2.96365e-11 0)
(3.07249e-12 -3.54221e-11 0)
(4.45295e-12 -4.01648e-11 0)
(5.95849e-12 -4.39557e-11 0)
(7.65134e-12 -4.68634e-11 0)
(9.47207e-12 -4.89578e-11 0)
(1.13455e-11 -5.03142e-11 0)
(1.32824e-11 -5.09912e-11 0)
(1.52519e-11 -5.10354e-11 0)
(1.7214e-11 -5.04988e-11 0)
(1.91505e-11 -4.94337e-11 0)
(2.10439e-11 -4.78817e-11 0)
(2.28728e-11 -4.58873e-11 0)
(2.46172e-11 -4.34872e-11 0)
(2.62626e-11 -4.07234e-11 0)
(2.77958e-11 -3.76304e-11 0)
(2.92053e-11 -3.42493e-11 0)
(3.04773e-11 -3.06101e-11 0)
(3.16024e-11 -2.6752e-11 0)
(3.25723e-11 -2.27073e-11 0)
(3.33799e-11 -1.85097e-11 0)
(3.40219e-11 -1.4189e-11 0)
(3.44954e-11 -9.77966e-12 0)
(3.4799e-11 -5.31206e-12 0)
(3.49296e-11 -8.22998e-13 0)
(3.48865e-11 3.6543e-12 0)
(3.46702e-11 8.08475e-12 0)
(3.42829e-11 1.24394e-11 0)
(3.37266e-11 1.66875e-11 0)
(3.3004e-11 2.08028e-11 0)
(3.21212e-11 2.4756e-11 0)
(3.10852e-11 2.85197e-11 0)
(2.99039e-11 3.20669e-11 0)
(2.85877e-11 3.53676e-11 0)
(2.71477e-11 3.83968e-11 0)
(2.55947e-11 4.11253e-11 0)
(2.39409e-11 4.35238e-11 0)
(2.2201e-11 4.55623e-11 0)
(2.03913e-11 4.72105e-11 0)
(1.8526e-11 4.84364e-11 0)
(1.66232e-11 4.92051e-11 0)
(1.47101e-11 4.94807e-11 0)
(1.28043e-11 4.92259e-11 0)
(1.09281e-11 4.83975e-11 0)
(9.12954e-12 4.69435e-11 0)
(7.40742e-12 4.48088e-11 0)
(5.79635e-12 4.19456e-11 0)
(4.35924e-12 3.82769e-11 0)
(3.02967e-12 3.37077e-11 0)
(1.89484e-12 2.8207e-11 0)
(9.83585e-13 2.16974e-11 0)
(3.2795e-13 1.39216e-11 0)
(9.35583e-15 5.19787e-12 0)
(-3.90569e-14 -5.58966e-12 0)
(3.07983e-13 -1.50411e-11 0)
(7.10033e-13 -2.34021e-11 0)
(1.33109e-12 -3.05339e-11 0)
(2.17623e-12 -3.65075e-11 0)
(3.15834e-12 -4.14139e-11 0)
(4.21438e-12 -4.53353e-11 0)
(5.41088e-12 -4.83488e-11 0)
(6.70295e-12 -5.05316e-11 0)
(8.02774e-12 -5.19455e-11 0)
(9.40055e-12 -5.26539e-11 0)
(1.07891e-11 -5.27099e-11 0)
(1.21859e-11 -5.21604e-11 0)
(1.35585e-11 -5.1066e-11 0)
(1.49012e-11 -4.94674e-11 0)
(1.61995e-11 -4.74082e-11 0)
(1.74384e-11 -4.49315e-11 0)
(1.86068e-11 -4.20768e-11 0)
(1.96955e-11 -3.88837e-11 0)
(2.06957e-11 -3.53882e-11 0)
(2.1599e-11 -3.16317e-11 0)
(2.23977e-11 -2.76455e-11 0)
(2.30878e-11 -2.34681e-11 0)
(2.36636e-11 -1.91302e-11 0)
(2.41213e-11 -1.46666e-11 0)
(2.44593e-11 -1.01083e-11 0)
(2.46756e-11 -5.49227e-12 0)
(2.47673e-11 -8.53961e-13 0)
(2.47351e-11 3.76882e-12 0)
(2.45787e-11 8.34373e-12 0)
(2.42992e-11 1.28418e-11 0)
(2.39002e-11 1.72322e-11 0)
(2.33853e-11 2.14853e-11 0)
(2.27564e-11 2.55722e-11 0)
(2.20196e-11 2.94625e-11 0)
(2.11787e-11 3.31282e-11 0)
(2.02414e-11 3.65417e-11 0)
(1.92178e-11 3.96729e-11 0)
(1.81133e-11 4.24923e-11 0)
(1.69369e-11 4.49701e-11 0)
(1.57006e-11 4.70757e-11 0)
(1.44159e-11 4.87779e-11 0)
(1.30918e-11 5.00429e-11 0)
(1.17411e-11 5.08338e-11 0)
(1.03847e-11 5.1113e-11 0)
(9.03655e-12 5.08437e-11 0)
(7.71e-12 4.99763e-11 0)
(6.44428e-12 4.84622e-11 0)
(5.24579e-12 4.62482e-11 0)
(4.10832e-12 4.32655e-11 0)
(3.08403e-12 3.94543e-11 0)
(2.20004e-12 3.47627e-11 0)
(1.39347e-12 2.9056e-11 0)
(6.66508e-13 2.22502e-11 0)
(2.32656e-13 1.4367e-11 0)
(-2.30793e-14 5.3132e-12 0)
(-3.93369e-14 -5.68738e-12 0)
(1.9918e-13 -1.53202e-11 0)
(4.3185e-13 -2.38492e-11 0)
(7.83716e-13 -3.11189e-11 0)
(1.29668e-12 -3.72175e-11 0)
(1.88123e-12 -4.22304e-11 0)
(2.4859e-12 -4.62439e-11 0)
(3.18695e-12 -4.93329e-11 0)
(3.949e-12 -5.15709e-11 0)
(4.72184e-12 -5.30222e-11 0)
(5.55315e-12 -5.37437e-11 0)
(6.32645e-12 -5.38021e-11 0)
(7.17071e-12 -5.32583e-11 0)
(7.97401e-12 -5.2146e-11 0)
(8.76542e-12 -5.05168e-11 0)
(9.53036e-12 -4.84155e-11 0)
(1.02593e-11 -4.58882e-11 0)
(1.09469e-11 -4.29739e-11 0)
(1.15894e-11 -3.97143e-11 0)
(1.21784e-11 -3.61458e-11 0)
(1.27096e-11 -3.23095e-11 0)
(1.31804e-11 -2.82396e-11 0)
(1.35866e-11 -2.39738e-11 0)
(1.39278e-11 -1.95437e-11 0)
(1.42024e-11 -1.49837e-11 0)
(1.44066e-11 -1.03257e-11 0)
(1.45355e-11 -5.61062e-12 0)
(1.45853e-11 -8.73992e-13 0)
(1.45574e-11 3.84646e-12 0)
(1.44596e-11 8.51845e-12 0)
(1.4293e-11 1.31116e-11 0)
(1.40561e-11 1.75973e-11 0)
(1.37499e-11 2.19429e-11 0)
(1.33754e-11 2.61181e-11 0)
(1.29362e-11 3.0094e-11 0)
(1.24378e-11 3.38379e-11 0)
(1.18832e-11 3.73257e-11 0)
(1.12763e-11 4.05234e-11 0)
(1.06224e-11 4.34019e-11 0)
(9.92701e-12 4.59316e-11 0)
(9.19744e-12 4.80809e-11 0)
(8.44133e-12 4.9817e-11 0)
(7.66242e-12 5.11071e-11 0)
(6.86926e-12 5.19108e-11 0)
(6.07031e-12 5.21857e-11 0)
(5.2747e-12 5.1911e-11 0)
(4.50273e-12 5.10193e-11 0)
(3.77962e-12 4.94627e-11 0)
(3.07896e-12 4.71851e-11 0)
(2.42435e-12 4.41362e-11 0)
(1.89111e-12 4.02462e-11 0)
(1.33339e-12 3.53993e-11 0)
(8.01166e-13 2.95889e-11 0)
(4.7385e-13 2.27187e-11 0)
(1.54557e-13 1.45646e-11 0)
(1.53669e-14 5.40567e-12 0)
(-3.82274e-14 -5.73166e-12 0)
(9.29171e-14 -1.54573e-11 0)
(1.53779e-13 -2.40601e-11 0)
(2.49055e-13 -3.13946e-11 0)
(4.26588e-13 -3.75533e-11 0)
(6.12749e-13 -4.26193e-11 0)
(7.65098e-13 -4.66768e-11 0)
(9.71845e-13 -4.98029e-11 0)
(1.20585e-12 -5.20688e-11 0)
(1.42005e-12 -5.35429e-11 0)
(1.6774e-12 -5.4282e-11 0)
(1.91035e-12 -5.43451e-11 0)
(2.17756e-12 -5.37896e-11 0)
(2.40297e-12 -5.26634e-11 0)
(2.63878e-12 -5.10195e-11 0)
(2.86859e-12 -4.89014e-11 0)
(3.08735e-12 -4.63504e-11 0)
(3.29383e-12 -4.34077e-11 0)
(3.48678e-12 -4.01139e-11 0)
(3.66347e-12 -3.65105e-11 0)
(3.82206e-12 -3.26329e-11 0)
(3.96242e-12 -2.85213e-11 0)
(4.08686e-12 -2.42084e-11 0)
(4.1956e-12 -1.97306e-11 0)
(4.28657e-12 -1.51228e-11 0)
(4.35326e-12 -1.04227e-11 0)
(4.3905e-12 -5.66616e-12 0)
(4.39872e-12 -8.8929e-13 0)
(4.38085e-12 3.87603e-12 0)
(4.34249e-12 8.59814e-12 0)
(4.28592e-12 1.32414e-11 0)
(4.20955e-12 1.7774e-11 0)
(4.11159e-12 2.21647e-11 0)
(3.99361e-12 2.63833e-11 0)
(3.85472e-12 3.03995e-11 0)
(3.69843e-12 3.41849e-11 0)
(3.52599e-12 3.77062e-11 0)
(3.33705e-12 4.0936e-11 0)
(3.13549e-12 4.38431e-11 0)
(2.92201e-12 4.63972e-11 0)
(2.6997e-12 4.85663e-11 0)
(2.47317e-12 5.03179e-11 0)
(2.24099e-12 5.16175e-11 0)
(2.01424e-12 5.24335e-11 0)
(1.76439e-12 5.27267e-11 0)
(1.51946e-12 5.24262e-11 0)
(1.30846e-12 5.15138e-11 0)
(1.1123e-12 4.99354e-11 0)
(9.4288e-13 4.7632e-11 0)
(7.77776e-13 4.45418e-11 0)
(5.98763e-13 4.05966e-11 0)
(4.90558e-13 3.57349e-11 0)
(4.05194e-13 2.98516e-11 0)
(1.26644e-13 2.28501e-11 0)
(-3.2861e-15 1.47235e-11 0)
(-2.13045e-14 5.42751e-12 0)
(-3.83984e-14 -5.73253e-12 0)
(-3.0076e-16 -1.54447e-11 0)
(-1.05722e-13 -2.40449e-11 0)
(-2.81347e-13 -3.13716e-11 0)
(-4.39039e-13 -3.75216e-11 0)
(-6.49274e-13 -4.25827e-11 0)
(-9.47236e-13 -4.66351e-11 0)
(-1.2336e-12 -4.97584e-11 0)
(-1.52414e-12 -5.20229e-11 0)
(-1.83774e-12 -5.3496e-11 0)
(-2.19637e-12 -5.4233e-11 0)
(-2.50534e-12 -5.42989e-11 0)
(-2.85713e-12 -5.37444e-11 0)
(-3.16738e-12 -5.26215e-11 0)
(-3.48057e-12 -5.09801e-11 0)
(-3.78246e-12 -4.88646e-11 0)
(-4.07091e-12 -4.63157e-11 0)
(-4.34336e-12 -4.3375e-11 0)
(-4.59799e-12 -4.0083e-11 0)
(-4.83259e-12 -3.648e-11 0)
(-5.04548e-12 -3.26018e-11 0)
(-5.23246e-12 -2.84862e-11 0)
(-5.39051e-12 -2.41703e-11 0)
(-5.51936e-12 -1.96938e-11 0)
(-5.61993e-12 -1.50915e-11 0)
(-5.69529e-12 -1.04037e-11 0)
(-5.74835e-12 -5.65994e-12 0)
(-5.77907e-12 -8.93078e-13 0)
(-5.78231e-12 3.86662e-12 0)
(-5.75576e-12 8.58401e-12 0)
(-5.70071e-12 1.32273e-11 0)
(-5.61722e-12 1.77595e-11 0)
(-5.50655e-12 2.21505e-11 0)
(-5.37063e-12 2.63684e-11 0)
(-5.20872e-12 3.03826e-11 0)
(-5.0234e-12 3.4165e-11 0)
(-4.81565e-12 3.76838e-11 0)
(-4.58541e-12 4.09106e-11 0)
(-4.33597e-12 4.3815e-11 0)
(-4.06857e-12 4.63653e-11 0)
(-3.78448e-12 4.85321e-11 0)
(-3.48573e-12 5.02811e-11 0)
(-3.17715e-12 5.15778e-11 0)
(-2.87323e-12 5.23904e-11 0)
(-2.53086e-12 5.26813e-11 0)
(-2.1831e-12 5.23777e-11 0)
(-1.86764e-12 5.14626e-11 0)
(-1.52482e-12 4.98818e-11 0)
(-1.20602e-12 4.75752e-11 0)
(-9.05935e-13 4.44905e-11 0)
(-5.56048e-13 4.05516e-11 0)
(-3.46148e-13 3.56617e-11 0)
(-2.69784e-13 2.9799e-11 0)
(-3.44059e-14 2.28615e-11 0)
(-1.76223e-14 1.46662e-11 0)
(1.752e-14 5.42194e-12 0)
(-5.58649e-14 -5.67672e-12 0)
(-8.46844e-14 -1.5304e-11 0)
(-3.79601e-13 -2.38048e-11 0)
(-8.06255e-13 -3.1044e-11 0)
(-1.30038e-12 -3.71229e-11 0)
(-1.90942e-12 -4.21203e-11 0)
(-2.65838e-12 -4.612e-11 0)
(-3.43965e-12 -4.92027e-11 0)
(-4.25846e-12 -5.1436e-11 0)
(-5.13348e-12 -5.28829e-11 0)
(-6.0579e-12 -5.36027e-11 0)
(-6.9126e-12 -5.36667e-11 0)
(-7.83052e-12 -5.31275e-11 0)
(-8.71451e-12 -5.20213e-11 0)
(-9.57876e-12 -5.03986e-11 0)
(-1.04122e-11 -4.8305e-11 0)
(-1.12073e-11 -4.57841e-11 0)
(-1.19579e-11 -4.28766e-11 0)
(-1.26579e-11 -3.96228e-11 0)
(-1.33002e-11 -3.60591e-11 0)
(-1.38792e-11 -3.22252e-11 0)
(-1.43923e-11 -2.81557e-11 0)
(-1.48359e-11 -2.38898e-11 0)
(-1.52042e-11 -1.94628e-11 0)
(-1.54982e-11 -1.49152e-11 0)
(-1.57175e-11 -1.02793e-11 0)
(-1.58591e-11 -5.59088e-12 0)
(-1.59237e-11 -8.76485e-13 0)
(-1.59113e-11 3.83066e-12 0)
(-1.58196e-11 8.49783e-12 0)
(-1.56503e-11 1.30882e-11 0)
(-1.54065e-11 1.75707e-11 0)
(-1.50884e-11 2.191e-11 0)
(-1.46992e-11 2.60803e-11 0)
(-1.42402e-11 3.00488e-11 0)
(-1.37145e-11 3.37866e-11 0)
(-1.31262e-11 3.72643e-11 0)
(-1.24799e-11 4.04529e-11 0)
(-1.1781e-11 4.33211e-11 0)
(-1.10336e-11 4.58422e-11 0)
(-1.02436e-11 4.79815e-11 0)
(-9.41872e-12 4.97097e-11 0)
(-8.56744e-12 5.09901e-11 0)
(-7.69993e-12 5.1785e-11 0)
(-6.8117e-12 5.2051e-11 0)
(-5.91758e-12 5.17686e-11 0)
(-5.045e-12 5.08682e-11 0)
(-4.18055e-12 4.93068e-11 0)
(-3.32783e-12 4.70305e-11 0)
(-2.53455e-12 4.39747e-11 0)
(-1.87026e-12 4.00773e-11 0)
(-1.20316e-12 3.52799e-11 0)
(-5.94597e-13 2.94593e-11 0)
(-4.12379e-13 2.25656e-11 0)
(-2.2718e-13 1.45324e-11 0)
(-1.06704e-14 5.3688e-12 0)
(-3.45591e-14 -5.57617e-12 0)
(-1.86084e-13 -1.50136e-11 0)
(-6.28921e-13 -2.33366e-11 0)
(-1.33602e-12 -3.04148e-11 0)
(-2.16891e-12 -3.63526e-11 0)
(-3.17117e-12 -4.12292e-11 0)
(-4.37133e-12 -4.513e-11 0)
(-5.64586e-12 -4.81344e-11 0)
(-6.9876e-12 -5.03084e-11 0)
(-8.41154e-12 -5.17177e-11 0)
(-9.87224e-12 -5.24282e-11 0)
(-1.13288e-11 -5.24886e-11 0)
(-1.27976e-11 -5.19474e-11 0)
(-1.42458e-11 -5.08621e-11 0)
(-1.56574e-11 -4.92734e-11 0)
(-1.70179e-11 -4.72256e-11 0)
(-1.83168e-11 -4.47591e-11 0)
(-1.95427e-11 -4.19165e-11 0)
(-2.06836e-11 -3.87336e-11 0)
(-2.17316e-11 -3.52501e-11 0)
(-2.26786e-11 -3.15009e-11 0)
(-2.35158e-11 -2.75255e-11 0)
(-2.42375e-11 -2.33552e-11 0)
(-2.48418e-11 -1.903e-11 0)
(-2.53245e-11 -1.45825e-11 0)
(-2.56827e-11 -1.00473e-11 0)
(-2.59126e-11 -5.45435e-12 0)
(-2.6012e-11 -8.40169e-13 0)
(-2.59825e-11 3.76636e-12 0)
(-2.58272e-11 8.32883e-12 0)
(-2.5548e-11 1.28177e-11 0)
(-2.51466e-11 1.71979e-11 0)
(-2.46223e-11 2.14425e-11 0)
(-2.3979e-11 2.55174e-11 0)
(-2.32235e-11 2.93977e-11 0)
(-2.236e-11 3.30493e-11 0)
(-2.13949e-11 3.64484e-11 0)
(-2.03355e-11 3.95619e-11 0)
(-1.91886e-11 4.23654e-11 0)
(-1.79647e-11 4.4826e-11 0)
(-1.66738e-11 4.69158e-11 0)
(-1.5325e-11 4.86006e-11 0)
(-1.39346e-11 4.98506e-11 0)
(-1.25163e-11 5.06257e-11 0)
(-1.10771e-11 5.08909e-11 0)
(-9.63778e-12 5.06082e-11 0)
(-8.21726e-12 4.97317e-11 0)
(-6.80913e-12 4.82087e-11 0)
(-5.47886e-12 4.59852e-11 0)
(-4.23192e-12 4.30086e-11 0)
(-2.99858e-12 3.92072e-11 0)
(-2.03561e-12 3.44926e-11 0)
(-1.3332e-12 2.88318e-11 0)
(-5.44519e-13 2.21283e-11 0)
(-2.07699e-13 1.42051e-11 0)
(2.88921e-14 5.27749e-12 0)
(-5.40402e-14 -5.42816e-12 0)
(-2.79327e-13 -1.45745e-11 0)
(-9.09546e-13 -2.26364e-11 0)
(-1.86846e-12 -2.94742e-11 0)
(-3.03908e-12 -3.52005e-11 0)
(-4.44145e-12 -3.99039e-11 0)
(-6.09291e-12 -4.36603e-11 0)
(-7.85847e-12 -4.65501e-11 0)
(-9.72142e-12 -4.864e-11 0)
(-1.16888e-11 -4.99929e-11 0)
(-1.37026e-11 -5.06701e-11 0)
(-1.57289e-11 -5.07219e-11 0)
(-1.77582e-11 -5.01966e-11 0)
(-1.97616e-11 -4.9144e-11 0)
(-2.17143e-11 -4.76059e-11 0)
(-2.35968e-11 -4.56245e-11 0)
(-2.53939e-11 -4.32406e-11 0)
(-2.70888e-11 -4.04919e-11 0)
(-2.86673e-11 -3.74161e-11 0)
(-3.0116e-11 -3.405e-11 0)
(-3.14245e-11 -3.04276e-11 0)
(-3.25828e-11 -2.65847e-11 0)
(-3.3584e-11 -2.25552e-11 0)
(-3.4421e-11 -1.83759e-11 0)
(-3.50872e-11 -1.40766e-11 0)
(-3.5578e-11 -9.69313e-12 0)
(-3.58916e-11 -5.25351e-12 0)
(-3.60277e-11 -7.93085e-13 0)
(-3.5987e-11 3.65906e-12 0)
(-3.57694e-11 8.06764e-12 0)
(-3.53777e-11 1.24059e-11 0)
(-3.48155e-11 1.66387e-11 0)
(-3.40857e-11 2.07415e-11 0)
(-3.31934e-11 2.46776e-11 0)
(-3.21449e-11 2.84251e-11 0)
(-3.09469e-11 3.1951e-11 0)
(-2.96079e-11 3.52328e-11 0)
(-2.81386e-11 3.82373e-11 0)
(-2.65499e-11 4.09429e-11 0)
(-2.48552e-11 4.33149e-11 0)
(-2.30676e-11 4.53314e-11 0)
(-2.12019e-11 4.6955e-11 0)
(-1.9278e-11 4.81598e-11 0)
(-1.73166e-11 4.89056e-11 0)
(-1.53299e-11 4.91637e-11 0)
(-1.33403e-11 4.88918e-11 0)
(-1.13803e-11 4.80501e-11 0)
(-9.46402e-12 4.65834e-11 0)
(-7.60017e-12 4.44492e-11 0)
(-5.85849e-12 4.15745e-11 0)
(-4.34902e-12 3.79075e-11 0)
(-2.90642e-12 3.33892e-11 0)
(-1.60489e-12 2.79e-11 0)
(-9.60682e-13 2.13781e-11 0)
(-4.41602e-13 1.37955e-11 0)
(-3.21814e-14 5.11557e-12 0)
(-3.30323e-14 -5.21874e-12 0)
(-3.92406e-13 -1.39965e-11 0)
(-1.17316e-12 -2.16974e-11 0)
(-2.4071e-12 -2.82223e-11 0)
(-3.92589e-12 -3.36784e-11 0)
(-5.72851e-12 -3.81522e-11 0)
(-7.82807e-12 -4.17186e-11 0)
(-1.00846e-11 -4.4459e-11 0)
(-1.24659e-11 -4.64401e-11 0)
(-1.49729e-11 -4.77184e-11 0)
(-1.75391e-11 -4.83551e-11 0)
(-2.01244e-11 -4.83951e-11 0)
(-2.2709e-11 -4.78904e-11 0)
(-2.52602e-11 -4.68789e-11 0)
(-2.77462e-11 -4.5411e-11 0)
(-3.01441e-11 -4.35155e-11 0)
(-3.24325e-11 -4.12425e-11 0)
(-3.45907e-11 -3.8615e-11 0)
(-3.66003e-11 -3.56852e-11 0)
(-3.84446e-11 -3.24689e-11 0)
(-4.01098e-11 -2.90199e-11 0)
(-4.15832e-11 -2.5349e-11 0)
(-4.28566e-11 -2.15135e-11 0)
(-4.39209e-11 -1.75181e-11 0)
(-4.47691e-11 -1.34226e-11 0)
(-4.53946e-11 -9.22901e-12 0)
(-4.57925e-11 -5.00013e-12 0)
(-4.59613e-11 -7.3217e-13 0)
(-4.59036e-11 3.50875e-12 0)
(-4.56216e-11 7.72855e-12 0)
(-4.51196e-11 1.18593e-11 0)
(-4.44003e-11 1.59096e-11 0)
(-4.34682e-11 1.98111e-11 0)
(-4.23286e-11 2.35759e-11 0)
(-4.09896e-11 2.71369e-11 0)
(-3.94608e-11 3.05089e-11 0)
(-3.77539e-11 3.36242e-11 0)
(-3.5881e-11 3.64969e-11 0)
(-3.38559e-11 3.90609e-11 0)
(-3.16957e-11 4.13295e-11 0)
(-2.94184e-11 4.32372e-11 0)
(-2.70428e-11 4.47923e-11 0)
(-2.45943e-11 4.59288e-11 0)
(-2.20958e-11 4.66483e-11 0)
(-1.95648e-11 4.68871e-11 0)
(-1.70359e-11 4.66387e-11 0)
(-1.45419e-11 4.58336e-11 0)
(-1.2087e-11 4.44526e-11 0)
(-9.76e-12 4.24144e-11 0)
(-7.58004e-12 3.96982e-11 0)
(-5.46782e-12 3.62208e-11 0)
(-3.75222e-12 3.18733e-11 0)
(-2.43044e-12 2.66598e-11 0)
(-1.0688e-12 2.0502e-11 0)
(-3.81549e-13 1.31723e-11 0)
(2.03536e-14 4.9128e-12 0)
(-4.35484e-14 -4.96306e-12 0)
(-4.98142e-13 -1.32589e-11 0)
(-1.46274e-12 -2.05298e-11 0)
(-2.96674e-12 -2.66646e-11 0)
(-4.83e-12 -3.17843e-11 0)
(-7.03344e-12 -3.59829e-11 0)
(-9.58333e-12 -3.93172e-11 0)
(-1.23304e-11 -4.18777e-11 0)
(-1.52272e-11 -4.37242e-11 0)
(-1.82691e-11 -4.49173e-11 0)
(-2.13807e-11 -4.55016e-11 0)
(-2.45169e-11 -4.55359e-11 0)
(-2.76483e-11 -4.50508e-11 0)
(-3.07398e-11 -4.41013e-11 0)
(-3.3751e-11 -4.27082e-11 0)
(-3.66552e-11 -4.09309e-11 0)
(-3.94251e-11 -3.87822e-11 0)
(-4.20401e-11 -3.63221e-11 0)
(-4.44729e-11 -3.35531e-11 0)
(-4.67068e-11 -3.05408e-11 0)
(-4.87218e-11 -2.72829e-11 0)
(-5.05074e-11 -2.38469e-11 0)
(-5.20471e-11 -2.02247e-11 0)
(-5.33336e-11 -1.64842e-11 0)
(-5.43552e-11 -1.26147e-11 0)
(-5.51085e-11 -8.68567e-12 0)
(-5.5585e-11 -4.68311e-12 0)
(-5.57873e-11 -6.82355e-13 0)
(-5.57147e-11 3.3325e-12 0)
(-5.53705e-11 7.28593e-12 0)
(-5.47577e-11 1.11968e-11 0)
(-5.38832e-11 1.49898e-11 0)
(-5.27506e-11 1.86837e-11 0)
(-5.13679e-11 2.22048e-11 0)
(-4.97432e-11 2.5573e-11 0)
(-4.78889e-11 2.87173e-11 0)
(-4.58195e-11 3.16616e-11 0)
(-4.35492e-11 3.43363e-11 0)
(-4.10958e-11 3.67609e-11 0)
(-3.84778e-11 3.88666e-11 0)
(-3.57191e-11 4.06716e-11 0)
(-3.28407e-11 4.21102e-11 0)
(-2.98755e-11 4.31939e-11 0)
(-2.68479e-11 4.38576e-11 0)
(-2.37842e-11 4.41005e-11 0)
(-2.07169e-11 4.38583e-11 0)
(-1.76948e-11 4.31195e-11 0)
(-1.47487e-11 4.1815e-11 0)
(-1.18933e-11 3.99281e-11 0)
(-9.20423e-12 3.7381e-11 0)
(-6.88282e-12 3.40995e-11 0)
(-4.67988e-12 3.00728e-11 0)
(-2.64272e-12 2.51793e-11 0)
(-1.52402e-12 1.92959e-11 0)
(-6.80024e-13 1.25014e-11 0)
(-2.56916e-14 4.64591e-12 0)
(-2.88296e-14 -4.64911e-12 0)
(-6.23827e-13 -1.23863e-11 0)
(-1.75369e-12 -1.91159e-11 0)
(-3.53666e-12 -2.48051e-11 0)
(-5.76768e-12 -2.95144e-11 0)
(-8.37624e-12 -3.33779e-11 0)
(-1.13679e-11 -3.64467e-11 0)
(-1.46022e-11 -3.87938e-11 0)
(-1.80127e-11 -4.04843e-11 0)
(-2.15802e-11 -4.15742e-11 0)
(-2.52317e-11 -4.21064e-11 0)
(-2.89085e-11 -4.21299e-11 0)
(-3.2579e-11 -4.16745e-11 0)
(-3.61944e-11 -4.07917e-11 0)
(-3.97212e-11 -3.94999e-11 0)
(-4.3122e-11 -3.78555e-11 0)
(-4.63693e-11 -3.58647e-11 0)
(-4.94263e-11 -3.35898e-11 0)
(-5.22747e-11 -3.10268e-11 0)
(-5.48877e-11 -2.82433e-11 0)
(-5.7249e-11 -2.52264e-11 0)
(-5.93363e-11 -2.20534e-11 0)
(-6.11379e-11 -1.86959e-11 0)
(-6.26396e-11 -1.52446e-11 0)
(-6.38338e-11 -1.16563e-11 0)
(-6.47083e-11 -8.03188e-12 0)
(-6.52627e-11 -4.31734e-12 0)
(-6.54932e-11 -6.25713e-13 0)
(-6.54028e-11 3.10558e-12 0)
(-6.49927e-11 6.75475e-12 0)
(-6.42698e-11 1.0392e-11 0)
(-6.32404e-11 1.38903e-11 0)
(-6.19115e-11 1.73261e-11 0)
(-6.02916e-11 2.05649e-11 0)
(-5.83908e-11 2.36939e-11 0)
(-5.62194e-11 2.65793e-11 0)
(-5.37928e-11 2.93143e-11 0)
(-5.11334e-11 3.17626e-11 0)
(-4.82594e-11 3.40136e-11 0)
(-4.5195e-11 3.59351e-11 0)
(-4.19612e-11 3.76149e-11 0)
(-3.85895e-11 3.89249e-11 0)
(-3.51104e-11 3.9943e-11 0)
(-3.15648e-11 4.05434e-11 0)
(-2.7975e-11 4.07862e-11 0)
(-2.43907e-11 4.0553e-11 0)
(-2.08539e-11 3.98923e-11 0)
(-1.73775e-11 3.86878e-11 0)
(-1.40626e-11 3.69654e-11 0)
(-1.09884e-11 3.4602e-11 0)
(-8.01064e-12 3.16377e-11 0)
(-5.50739e-12 2.78909e-11 0)
(-3.59024e-12 2.33508e-11 0)
(-1.62996e-12 1.79884e-11 0)
(-5.65234e-13 1.16383e-11 0)
(3.01398e-14 4.35286e-12 0)
(-1.24083e-14 -4.29912e-12 0)
(-7.33248e-13 -1.13853e-11 0)
(-2.06663e-12 -1.7514e-11 0)
(-4.1439e-12 -2.2669e-11 0)
(-6.71496e-12 -2.69223e-11 0)
(-9.74888e-12 -3.03808e-11 0)
(-1.31902e-11 -3.31406e-11 0)
(-1.69026e-11 -3.52374e-11 0)
(-2.08198e-11 -3.67554e-11 0)
(-2.49112e-11 -3.77182e-11 0)
(-2.90906e-11 -3.82018e-11 0)
(-3.32949e-11 -3.82e-11 0)
(-3.74909e-11 -3.78036e-11 0)
(-4.16257e-11 -3.69782e-11 0)
(-4.56576e-11 -3.58366e-11 0)
(-4.95413e-11 -3.43142e-11 0)
(-5.32488e-11 -3.2549e-11 0)
(-5.67435e-11 -3.04437e-11 0)
(-5.99978e-11 -2.81686e-11 0)
(-6.29809e-11 -2.55936e-11 0)
(-6.56779e-11 -2.29178e-11 0)
(-6.80593e-11 -1.99778e-11 0)
(-7.01183e-11 -1.70031e-11 0)
(-7.18302e-11 -1.38004e-11 0)
(-7.31913e-11 -1.06233e-11 0)
(-7.4185e-11 -7.25162e-12 0)
(-7.48129e-11 -3.96235e-12 0)
(-7.50676e-11 -5.16354e-13 0)
(-7.49576e-11 2.7825e-12 0)
(-7.44802e-11 6.19305e-12 0)
(-7.36473e-11 9.39586e-12 0)
(-7.24638e-11 1.26646e-11 0)
(-7.09448e-11 1.56721e-11 0)
(-6.90923e-11 1.87054e-11 0)
(-6.69176e-11 2.1434e-11 0)
(-6.44324e-11 2.41548e-11 0)
(-6.16585e-11 2.65307e-11 0)
(-5.86194e-11 2.88545e-11 0)
(-5.53342e-11 3.07985e-11 0)
(-5.18292e-11 3.26419e-11 0)
(-4.81298e-11 3.40752e-11 0)
(-4.42731e-11 3.53606e-11 0)
(-4.02952e-11 3.62022e-11 0)
(-3.6244e-11 3.68297e-11 0)
(-3.21437e-11 3.69776e-11 0)
(-2.80431e-11 3.68424e-11 0)
(-2.39927e-11 3.61858e-11 0)
(-2.00492e-11 3.51606e-11 0)
(-1.62365e-11 3.35529e-11 0)
(-1.26174e-11 3.15018e-11 0)
(-9.45179e-12 2.87744e-11 0)
(-6.54046e-12 2.54147e-11 0)
(-3.77703e-12 2.13882e-11 0)
(-2.07017e-12 1.64791e-11 0)
(-8.93893e-13 1.06804e-11 0)
(2.16303e-14 4.04269e-12 0)
(-1.78767e-14 -3.92068e-12 0)
(-8.60409e-13 -1.02228e-11 0)
(-2.39363e-12 -1.56889e-11 0)
(-4.77285e-12 -2.02133e-11 0)
(-7.70467e-12 -2.39632e-11 0)
(-1.11475e-11 -2.69831e-11 0)
(-1.50403e-11 -2.93775e-11 0)
(-1.92334e-11 -3.12137e-11 0)
(-2.36486e-11 -3.25235e-11 0)
(-2.82565e-11 -3.33708e-11 0)
(-3.2951e-11 -3.37709e-11 0)
(-3.76835e-11 -3.37845e-11 0)
(-4.23888e-11 -3.34105e-11 0)
(-4.70337e-11 -3.27103e-11 0)
(-5.15481e-11 -3.16722e-11 0)
(-5.59132e-11 -3.0366e-11 0)
(-6.00627e-11 -2.87687e-11 0)
(-6.39857e-11 -2.69573e-11 0)
(-6.76255e-11 -2.48963e-11 0)
(-7.09791e-11 -2.26797e-11 0)
(-7.39926e-11 -2.02541e-11 0)
(-7.66697e-11 -1.77238e-11 0)
(-7.89663e-11 -1.50262e-11 0)
(-8.08901e-11 -1.22674e-11 0)
(-8.2404e-11 -9.38307e-12 0)
(-8.35168e-11 -6.47447e-12 0)
(-8.42057e-11 -3.47713e-12 0)
(-8.44911e-11 -5.00932e-13 0)
(-8.4356e-11 2.51294e-12 0)
(-8.38193e-11 5.44704e-12 0)
(-8.2878e-11 8.36715e-12 0)
(-8.15515e-11 1.11628e-11 0)
(-7.98379e-11 1.39043e-11 0)
(-7.77534e-11 1.64886e-11 0)
(-7.53023e-11 1.89859e-11 0)
(-7.25057e-11 2.12982e-11 0)
(-6.93886e-11 2.349e-11 0)
(-6.59687e-11 2.54694e-11 0)
(-6.2284e-11 2.7274e-11 0)
(-5.83461e-11 2.88345e-11 0)
(-5.41989e-11 3.01876e-11 0)
(-4.98662e-11 3.12606e-11 0)
(-4.54171e-11 3.20799e-11 0)
(-4.08677e-11 3.25782e-11 0)
(-3.62781e-11 3.27705e-11 0)
(-3.1676e-11 3.2603e-11 0)
(-2.71508e-11 3.20697e-11 0)
(-2.26938e-11 3.11312e-11 0)
(-1.84215e-11 2.97744e-11 0)
(-1.44317e-11 2.79278e-11 0)
(-1.06731e-11 2.5554e-11 0)
(-7.32097e-12 2.27098e-11 0)
(-4.74001e-12 1.90567e-11 0)
(-2.26562e-12 1.47562e-11 0)
(-7.34213e-13 9.65582e-12 0)
(1.49742e-14 3.68653e-12 0)
(-6.4541e-14 -3.45908e-12 0)
(-9.63278e-13 -8.89957e-12 0)
(-2.75816e-12 -1.35757e-11 0)
(-5.44583e-12 -1.73727e-11 0)
(-8.74639e-12 -2.05128e-11 0)
(-1.25828e-11 -2.30386e-11 0)
(-1.69338e-11 -2.5034e-11 0)
(-2.15975e-11 -2.65726e-11 0)
(-2.65061e-11 -2.76611e-11 0)
(-3.16124e-11 -2.83764e-11 0)
(-3.68237e-11 -2.8697e-11 0)
(-4.20563e-11 -2.87165e-11 0)
(-4.72721e-11 -2.83768e-11 0)
(-5.24011e-11 -2.78045e-11 0)
(-5.74038e-11 -2.68956e-11 0)
(-6.22165e-11 -2.58199e-11 0)
(-6.68123e-11 -2.44227e-11 0)
(-7.11358e-11 -2.29284e-11 0)
(-7.51703e-11 -2.11263e-11 0)
(-7.88621e-11 -1.92955e-11 0)
(-8.2202e-11 -1.71684e-11 0)
(-8.51477e-11 -1.50819e-11 0)
(-8.76917e-11 -1.27113e-11 0)
(-8.9806e-11 -1.0453e-11 0)
(-9.1481e-11 -7.91387e-12 0)
(-9.26967e-11 -5.53743e-12 0)
(-9.34575e-11 -2.88135e-12 0)
(-9.37561e-11 -4.50332e-13 0)
(-9.36069e-11 2.22425e-12 0)
(-9.30038e-11 4.5905e-12 0)
(-9.19589e-11 7.16084e-12 0)
(-9.04804e-11 9.37334e-12 0)
(-8.85811e-11 1.17966e-11 0)
(-8.62662e-11 1.38529e-11 0)
(-8.35456e-11 1.61103e-11 0)
(-8.04403e-11 1.79563e-11 0)
(-7.69712e-11 1.9967e-11 0)
(-7.3194e-11 2.15265e-11 0)
(-6.91107e-11 2.32134e-11 0)
(-6.47545e-11 2.44421e-11 0)
(-6.01602e-11 2.57389e-11 0)
(-5.53813e-11 2.65374e-11 0)
(-5.04544e-11 2.73514e-11 0)
(-4.54444e-11 2.76678e-11 0)
(-4.03673e-11 2.79383e-11 0)
(-3.52976e-11 2.7702e-11 0)
(-3.02756e-11 2.73561e-11 0)
(-2.53674e-11 2.64899e-11 0)
(-2.06303e-11 2.54171e-11 0)
(-1.61501e-11 2.3815e-11 0)
(-1.20537e-11 2.19384e-11 0)
(-8.43499e-12 1.94063e-11 0)
(-5.06908e-12 1.64222e-11 0)
(-2.65955e-12 1.28822e-11 0)
(-1.0384e-12 8.35678e-12 0)
(-5.9249e-14 3.24856e-12 0)
(1.53503e-15 -2.92365e-12 0)
(-1.14725e-12 -7.37802e-12 0)
(-3.11224e-12 -1.11281e-11 0)
(-6.09602e-12 -1.41661e-11 0)
(-9.79055e-12 -1.66123e-11 0)
(-1.40454e-11 -1.86123e-11 0)
(-1.88491e-11 -2.01975e-11 0)
(-2.39845e-11 -2.13813e-11 0)
(-2.93802e-11 -2.22663e-11 0)
(-3.4979e-11 -2.28029e-11 0)
(-4.06882e-11 -2.30884e-11 0)
(-4.6418e-11 -2.30541e-11 0)
(-5.21301e-11 -2.28354e-11 0)
(-5.77389e-11 -2.23085e-11 0)
(-6.32107e-11 -2.16567e-11 0)
(-6.8469e-11 -2.07007e-11 0)
(-7.34953e-11 -1.96834e-11 0)
(-7.82162e-11 -1.83608e-11 0)
(-8.26238e-11 -1.70437e-11 0)
(-8.66528e-11 -1.54147e-11 0)
(-9.03021e-11 -1.38635e-11 0)
(-9.35149e-11 -1.19995e-11 0)
(-9.63044e-11 -1.02845e-11 0)
(-9.86101e-11 -8.25817e-12 0)
(-1.00444e-10 -6.44219e-12 0)
(-1.01763e-10 -4.30408e-12 0)
(-1.02594e-10 -2.40942e-12 0)
(-1.0292e-10 -1.99597e-13 0)
(-1.02765e-10 1.67824e-12 0)
(-1.02112e-10 3.82146e-12 0)
(-1.0098e-10 5.55925e-12 0)
(-9.93457e-11 7.5728e-12 0)
(-9.72281e-11 9.202e-12 0)
(-9.46438e-11 1.11328e-11 0)
(-9.16337e-11 1.26584e-11 0)
(-8.82148e-11 1.44545e-11 0)
(-8.44202e-11 1.58032e-11 0)
(-8.02704e-11 1.73727e-11 0)
(-7.57791e-11 1.85006e-11 0)
(-7.10161e-11 1.97798e-11 0)
(-6.60122e-11 2.0589e-11 0)
(-6.08103e-11 2.14973e-11 0)
(-5.54317e-11 2.19236e-11 0)
(-4.99606e-11 2.2398e-11 0)
(-4.44107e-11 2.24177e-11 0)
(-3.8869e-11 2.24251e-11 0)
(-3.33793e-11 2.1984e-11 0)
(-2.80194e-11 2.14533e-11 0)
(-2.28184e-11 2.04884e-11 0)
(-1.79318e-11 1.93542e-11 0)
(-1.33608e-11 1.77416e-11 0)
(-9.32039e-12 1.5851e-11 0)
(-5.87887e-12 1.35093e-11 0)
(-2.97526e-12 1.04664e-11 0)
(-1.07655e-12 7.03371e-12 0)
(2.38069e-14 2.71746e-12 0)
(-1.25841e-13 -2.23744e-12 0)
(-1.30052e-12 -5.58375e-12 0)
(-3.55642e-12 -8.27131e-12 0)
(-6.83719e-12 -1.05425e-11 0)
(-1.08869e-11 -1.23173e-11 0)
(-1.55824e-11 -1.37968e-11 0)
(-2.07934e-11 -1.49637e-11 0)
(-2.63994e-11 -1.58495e-11 0)
(-3.2273e-11 -1.64908e-11 0)
(-3.83603e-11 -1.69021e-11 0)
(-4.4546e-11 -1.70944e-11 0)
(-5.07789e-11 -1.70921e-11 0)
(-5.6959e-11 -1.69042e-11 0)
(-6.30569e-11 -1.65454e-11 0)
(-6.89702e-11 -1.60266e-11 0)
(-7.46878e-11 -1.53597e-11 0)
(-8.01104e-11 -1.45595e-11 0)
(-8.52438e-11 -1.36294e-11 0)
(-8.99919e-11 -1.25942e-11 0)
(-9.43739e-11 -1.14519e-11 0)
(-9.83024e-11 -1.02303e-11 0)
(-1.01803e-10 -8.92529e-12 0)
(-1.04795e-10 -7.57562e-12 0)
(-1.07315e-10 -6.16247e-12 0)
(-1.09291e-10 -4.73942e-12 0)
(-1.10748e-10 -3.25732e-12 0)
(-1.11643e-10 -1.7506e-12 0)
(-1.12019e-10 -1.99261e-13 0)
(-1.11845e-10 1.31186e-12 0)
(-1.11149e-10 2.80103e-12 0)
(-1.09887e-10 4.19986e-12 0)
(-1.0808e-10 5.57665e-12 0)
(-1.0574e-10 6.90177e-12 0)
(-1.02908e-10 8.22873e-12 0)
(-9.96045e-11 9.47447e-12 0)
(-9.58661e-11 1.06918e-11 0)
(-9.17264e-11 1.17929e-11 0)
(-8.71911e-11 1.2856e-11 0)
(-8.23435e-11 1.3768e-11 0)
(-7.71817e-11 1.46255e-11 0)
(-7.17714e-11 1.53006e-11 0)
(-6.61318e-11 1.58818e-11 0)
(-6.03447e-11 1.62657e-11 0)
(-5.44027e-11 1.65495e-11 0)
(-4.84159e-11 1.6622e-11 0)
(-4.23979e-11 1.6573e-11 0)
(-3.64773e-11 1.62906e-11 0)
(-3.06328e-11 1.58679e-11 0)
(-2.50178e-11 1.51805e-11 0)
(-1.96808e-11 1.43119e-11 0)
(-1.48089e-11 1.31662e-11 0)
(-1.03478e-11 1.17333e-11 0)
(-6.49938e-12 9.98952e-12 0)
(-3.44252e-12 7.8875e-12 0)
(-1.33681e-12 5.2477e-12 0)
(-1.32113e-13 2.09296e-12 0)
(-3.44794e-14 -1.38696e-12 0)
(-1.63263e-12 -3.39519e-12 0)
(-4.08123e-12 -5.10476e-12 0)
(-7.72562e-12 -6.44879e-12 0)
(-1.21127e-11 -7.5978e-12 0)
(-1.72075e-11 -8.54801e-12 0)
(-2.28485e-11 -9.2955e-12 0)
(-2.88792e-11 -9.86646e-12 0)
(-3.52098e-11 -1.02598e-11 0)
(-4.17541e-11 -1.05353e-11 0)
(-4.84249e-11 -1.06469e-11 0)
(-5.51228e-11 -1.06658e-11 0)
(-6.17908e-11 -1.05224e-11 0)
(-6.83377e-11 -1.03268e-11 0)
(-7.47191e-11 -9.96835e-12 0)
(-8.08545e-11 -9.5901e-12 0)
(-8.67087e-11 -9.03891e-12 0)
(-9.2211e-11 -8.51334e-12 0)
(-9.73416e-11 -7.80438e-12 0)
(-1.02032e-10 -7.16595e-12 0)
(-1.06274e-10 -6.33273e-12 0)
(-1.10016e-10 -5.6134e-12 0)
(-1.13248e-10 -4.68544e-12 0)
(-1.1593e-10 -3.91853e-12 0)
(-1.18077e-10 -2.96905e-12 0)
(-1.19654e-10 -2.20422e-12 0)
(-1.20659e-10 -1.13622e-12 0)
(-1.21048e-10 -2.25402e-13 0)
(-1.20852e-10 9.36256e-13 0)
(-1.2004e-10 1.79564e-12 0)
(-1.18649e-10 2.84404e-12 0)
(-1.16668e-10 3.5617e-12 0)
(-1.14129e-10 4.55298e-12 0)
(-1.11053e-10 5.23833e-12 0)
(-1.07488e-10 6.15275e-12 0)
(-1.03462e-10 6.73876e-12 0)
(-9.89919e-11 7.5452e-12 0)
(-9.41277e-11 8.02475e-12 0)
(-8.88704e-11 8.69744e-12 0)
(-8.33112e-11 9.04627e-12 0)
(-7.74974e-11 9.55906e-12 0)
(-7.14537e-11 9.76552e-12 0)
(-6.51977e-11 1.01238e-11 0)
(-5.88278e-11 1.01762e-11 0)
(-5.23731e-11 1.03266e-11 0)
(-4.59274e-11 1.0186e-11 0)
(-3.9537e-11 1.01015e-11 0)
(-3.32992e-11 9.73994e-12 0)
(-2.72566e-11 9.37772e-12 0)
(-2.15344e-11 8.75224e-12 0)
(-1.62279e-11 8.05439e-12 0)
(-1.14721e-11 7.14473e-12 0)
(-7.34934e-12 6.07815e-12 0)
(-3.89992e-12 4.78472e-12 0)
(-1.61129e-12 3.18564e-12 0)
(-2.08171e-14 1.303e-12 0)
(-2.18582e-13 -4.81185e-13 0)
(-1.82569e-12 -1.1795e-12 0)
(-4.61845e-12 -1.69705e-12 0)
(-8.55617e-12 -2.2638e-12 0)
(-1.33617e-11 -2.62302e-12 0)
(-1.88128e-11 -2.93723e-12 0)
(-2.48321e-11 -3.18441e-12 0)
(-3.1291e-11 -3.37954e-12 0)
(-3.808e-11 -3.53006e-12 0)
(-4.50974e-11 -3.61853e-12 0)
(-5.22347e-11 -3.6551e-12 0)
(-5.94117e-11 -3.65435e-12 0)
(-6.65484e-11 -3.61675e-12 0)
(-7.35711e-11 -3.53416e-12 0)
(-8.03999e-11 -3.41752e-12 0)
(-8.69775e-11 -3.2704e-12 0)
(-9.32436e-11 -3.10168e-12 0)
(-9.91465e-11 -2.89748e-12 0)
(-1.04632e-10 -2.68084e-12 0)
(-1.09666e-10 -2.4306e-12 0)
(-1.14202e-10 -2.17398e-12 0)
(-1.18216e-10 -1.88539e-12 0)
(-1.21669e-10 -1.60096e-12 0)
(-1.2453e-10 -1.2051e-12 0)
(-1.26787e-10 -8.35974e-13 0)
(-1.28475e-10 -4.90449e-13 0)
(-1.29552e-10 -2.05649e-13 0)
(-1.29966e-10 1.75587e-14 0)
(-1.2972e-10 1.88439e-13 0)
(-1.28818e-10 4.61924e-13 0)
(-1.27274e-10 7.48514e-13 0)
(-1.2514e-10 1.13332e-12 0)
(-1.22449e-10 1.49859e-12 0)
(-1.19163e-10 1.80418e-12 0)
(-1.15344e-10 2.05207e-12 0)
(-1.11019e-10 2.32055e-12 0)
(-1.06222e-10 2.53642e-12 0)
(-1.00989e-10 2.76275e-12 0)
(-9.53833e-11 2.92394e-12 0)
(-8.9436e-11 3.11093e-12 0)
(-8.31799e-11 3.24204e-12 0)
(-7.66705e-11 3.37393e-12 0)
(-6.99823e-11 3.42981e-12 0)
(-6.31597e-11 3.50034e-12 0)
(-5.62633e-11 3.5041e-12 0)
(-4.93635e-11 3.49742e-12 0)
(-4.25479e-11 3.42203e-12 0)
(-3.5868e-11 3.35236e-12 0)
(-2.94187e-11 3.18874e-12 0)
(-2.33273e-11 2.9883e-12 0)
(-1.76793e-11 2.75114e-12 0)
(-1.25467e-11 2.45696e-12 0)
(-8.03932e-12 2.09375e-12 0)
(-4.3939e-12 1.55172e-12 0)
(-1.77031e-12 1.15337e-12 0)
(-2.1487e-13 4.63388e-13 0)
)
;

boundaryField
{
    top
    {
        type            slip;
    }
    bottom
    {
        type            slip;
    }
    rotatingWall
    {
        type            rotatingWallVelocity;
        origin          (0 0 0);
        axis            (0 1 0);
        omega           constant 1140;
        value           uniform (0 0 0);
    }
    wall
    {
        type            rotatingWallVelocity;
        origin          (0 0 0);
        axis            (0 1 0);
        omega           constant 0;
        value           uniform (0 -0 -0);
    }
    frontAndBack
    {
        type            empty;
    }
}


// ************************************************************************* //
