/*--------------------------------*- C++ -*----------------------------------*\
| =========                 |                                                 |
| \\      /  F ield         | OpenFOAM: The Open Source CFD Toolbox           |
|  \\    /   O peration     | Version:  5.0                                   |
|   \\  /    A nd           | Web:      www.OpenFOAM.org                      |
|    \\/     M anipulation  |                                                 |
\*---------------------------------------------------------------------------*/
FoamFile
{
    version     2.0;
    format      ascii;
    class       labelList;
    location    "constant/polyMesh";
    object      faceProcAddressing;
}
// * * * * * * * * * * * * * * * * * * * * * * * * * * * * * * * * * * * * * //


215
(
11
12
13
14
15
16
17
18
19
30
31
32
33
34
35
36
37
38
49
50
51
52
53
54
55
56
57
68
69
70
71
72
73
74
75
76
87
88
89
90
91
92
93
94
95
106
107
108
109
110
111
112
113
114
125
126
127
128
129
130
131
132
133
144
145
146
147
148
149
150
151
152
163
164
165
166
167
168
169
170
171
177
178
179
180
186
187
188
189
190
196
197
198
199
200
211
212
213
214
215
216
217
218
219
220
271
272
273
274
275
276
277
278
279
280
281
282
283
284
285
286
287
288
289
290
291
292
293
294
295
296
297
298
299
300
301
302
303
304
305
306
307
308
309
310
311
312
313
314
315
316
317
318
319
320
371
372
373
374
375
376
377
378
379
380
381
382
383
384
385
386
387
388
389
390
391
392
393
394
395
396
397
398
399
400
401
402
403
404
405
406
407
408
409
410
411
412
413
414
415
416
417
418
419
420
-9
-28
-47
-66
-85
-104
-123
-142
-161
-176
)


// ************************************************************************* //
