/*--------------------------------*- C++ -*----------------------------------*\
| =========                 |                                                 |
| \\      /  F ield         | OpenFOAM: The Open Source CFD Toolbox           |
|  \\    /   O peration     | Version:  5.0                                   |
|   \\  /    A nd           | Web:      www.OpenFOAM.org                      |
|    \\/     M anipulation  |                                                 |
\*---------------------------------------------------------------------------*/
FoamFile
{
    version     2.0;
    format      ascii;
    class       volVectorField;
    location    "248";
    object      U;
}
// * * * * * * * * * * * * * * * * * * * * * * * * * * * * * * * * * * * * * //

dimensions      [0 1 -1 0 0 0 0];

internalField   nonuniform List<vector> 
1568
(
(-1.86046e-14 -1.21863e-13 0)
(1.6196e-13 -1.61856e-13 0)
(7.6015e-13 -4.31692e-13 0)
(1.60454e-12 -4.61293e-13 0)
(2.45381e-12 -4.588e-13 0)
(3.46514e-12 -5.80703e-13 0)
(4.62709e-12 -6.15556e-13 0)
(5.8306e-12 -6.37243e-13 0)
(7.09414e-12 -6.72176e-13 0)
(8.41129e-12 -6.90422e-13 0)
(9.74908e-12 -6.97018e-13 0)
(1.1093e-11 -6.97771e-13 0)
(1.24331e-11 -6.909e-13 0)
(1.3754e-11 -6.76907e-13 0)
(1.50421e-11 -6.57903e-13 0)
(1.62867e-11 -6.32483e-13 0)
(1.74762e-11 -6.01511e-13 0)
(1.8601e-11 -5.66236e-13 0)
(1.96519e-11 -5.26208e-13 0)
(2.06209e-11 -4.81878e-13 0)
(2.15002e-11 -4.33426e-13 0)
(2.22841e-11 -3.82736e-13 0)
(2.29676e-11 -3.27058e-13 0)
(2.35403e-11 -2.58351e-13 0)
(2.40025e-11 -1.85232e-13 0)
(2.43562e-11 -1.21581e-13 0)
(2.4598e-11 -5.937e-14 0)
(2.4715e-11 -1.46769e-14 0)
(2.47085e-11 1.99948e-14 0)
(2.45801e-11 6.3625e-14 0)
(2.43283e-11 1.25259e-13 0)
(2.39654e-11 1.89257e-13 0)
(2.34938e-11 2.63408e-13 0)
(2.29134e-11 3.29377e-13 0)
(2.22244e-11 3.85417e-13 0)
(2.14367e-11 4.34494e-13 0)
(2.05545e-11 4.83326e-13 0)
(1.95838e-11 5.25831e-13 0)
(1.85335e-11 5.66619e-13 0)
(1.74096e-11 6.01341e-13 0)
(1.62218e-11 6.31946e-13 0)
(1.49812e-11 6.55319e-13 0)
(1.36986e-11 6.74605e-13 0)
(1.23845e-11 6.87076e-13 0)
(1.10526e-11 6.93368e-13 0)
(9.71689e-12 6.91101e-13 0)
(8.39211e-12 6.82226e-13 0)
(7.09329e-12 6.64191e-13 0)
(5.83734e-12 6.37935e-13 0)
(4.64195e-12 6.00181e-13 0)
(3.52658e-12 5.52926e-13 0)
(2.51252e-12 4.97196e-13 0)
(1.63326e-12 4.18978e-13 0)
(8.8548e-13 3.51451e-13 0)
(3.43849e-13 2.24139e-13 0)
(4.70542e-14 9.30434e-14 0)
(5.79606e-14 -3.64344e-13 0)
(2.19204e-13 -6.93309e-13 0)
(7.77358e-13 -9.68475e-13 0)
(1.3585e-12 -1.18292e-12 0)
(2.26338e-12 -1.44063e-12 0)
(3.21866e-12 -1.59682e-12 0)
(4.24935e-12 -1.72771e-12 0)
(5.38458e-12 -1.83301e-12 0)
(6.56766e-12 -1.9072e-12 0)
(7.78647e-12 -1.9562e-12 0)
(9.02929e-12 -1.97985e-12 0)
(1.02851e-11 -1.98329e-12 0)
(1.15334e-11 -1.96618e-12 0)
(1.27621e-11 -1.92812e-12 0)
(1.39628e-11 -1.87049e-12 0)
(1.51217e-11 -1.79779e-12 0)
(1.62296e-11 -1.70877e-12 0)
(1.72774e-11 -1.60608e-12 0)
(1.82565e-11 -1.48978e-12 0)
(1.91588e-11 -1.36343e-12 0)
(1.99777e-11 -1.22599e-12 0)
(2.07064e-11 -1.08059e-12 0)
(2.13407e-11 -9.27126e-13 0)
(2.18755e-11 -7.70152e-13 0)
(2.23107e-11 -6.13458e-13 0)
(2.26414e-11 -4.5243e-13 0)
(2.28646e-11 -2.7609e-13 0)
(2.29728e-11 -8.78939e-14 0)
(2.29687e-11 1.05348e-13 0)
(2.2851e-11 2.94288e-13 0)
(2.26183e-11 4.69497e-13 0)
(2.22786e-11 6.28025e-13 0)
(2.18372e-11 7.82185e-13 0)
(2.1297e-11 9.36333e-13 0)
(2.06573e-11 1.08774e-12 0)
(1.9923e-11 1.23131e-12 0)
(1.91012e-11 1.36748e-12 0)
(1.81978e-11 1.49117e-12 0)
(1.72174e-11 1.60492e-12 0)
(1.61715e-11 1.70549e-12 0)
(1.50671e-11 1.79325e-12 0)
(1.39111e-11 1.86409e-12 0)
(1.27155e-11 1.91958e-12 0)
(1.14926e-11 1.95448e-12 0)
(1.02522e-11 1.9709e-12 0)
(9.00775e-12 1.96581e-12 0)
(7.77189e-12 1.93907e-12 0)
(6.56025e-12 1.88789e-12 0)
(5.38819e-12 1.81113e-12 0)
(4.27441e-12 1.70839e-12 0)
(3.23588e-12 1.5768e-12 0)
(2.29028e-12 1.39903e-12 0)
(1.46045e-12 1.19773e-12 0)
(7.9543e-13 9.46269e-13 0)
(3.16878e-13 6.3195e-13 0)
(1.63294e-14 2.69998e-13 0)
(-1.57215e-14 -4.70101e-13 0)
(2.01011e-13 -9.9793e-13 0)
(6.30459e-13 -1.58755e-12 0)
(1.31275e-12 -1.97157e-12 0)
(2.00986e-12 -2.30273e-12 0)
(2.89558e-12 -2.59829e-12 0)
(3.88222e-12 -2.80147e-12 0)
(4.91572e-12 -2.96897e-12 0)
(6.00394e-12 -3.09323e-12 0)
(7.14214e-12 -3.17161e-12 0)
(8.29659e-12 -3.21024e-12 0)
(9.45375e-12 -3.21385e-12 0)
(1.06106e-11 -3.18393e-12 0)
(1.17519e-11 -3.12143e-12 0)
(1.28628e-11 -3.03099e-12 0)
(1.39363e-11 -2.91275e-12 0)
(1.49631e-11 -2.76965e-12 0)
(1.59335e-11 -2.60376e-12 0)
(1.68395e-11 -2.41711e-12 0)
(1.7675e-11 -2.21141e-12 0)
(1.84334e-11 -1.98909e-12 0)
(1.9109e-11 -1.75208e-12 0)
(1.96965e-11 -1.50233e-12 0)
(2.01934e-11 -1.24328e-12 0)
(2.05948e-11 -9.77654e-13 0)
(2.0896e-11 -7.05407e-13 0)
(2.10961e-11 -4.22357e-13 0)
(2.11948e-11 -1.33139e-13 0)
(2.11902e-11 1.59461e-13 0)
(2.10835e-11 4.48114e-13 0)
(2.08765e-11 7.31558e-13 0)
(2.05689e-11 1.00271e-12 0)
(2.01608e-11 1.26817e-12 0)
(1.96579e-11 1.52395e-12 0)
(1.90655e-11 1.7715e-12 0)
(1.8387e-11 2.00357e-12 0)
(1.76258e-11 2.22321e-12 0)
(1.67885e-11 2.42348e-12 0)
(1.58828e-11 2.60618e-12 0)
(1.49129e-11 2.76711e-12 0)
(1.3888e-11 2.90596e-12 0)
(1.28185e-11 3.01915e-12 0)
(1.17118e-11 3.10673e-12 0)
(1.05771e-11 3.16455e-12 0)
(9.42744e-12 3.19199e-12 0)
(8.27359e-12 3.18528e-12 0)
(7.12833e-12 3.14262e-12 0)
(6.00501e-12 3.06077e-12 0)
(4.92002e-12 2.93842e-12 0)
(3.88911e-12 2.76683e-12 0)
(2.92213e-12 2.54757e-12 0)
(2.05894e-12 2.278e-12 0)
(1.31253e-12 1.93212e-12 0)
(6.78861e-13 1.5193e-12 0)
(2.57542e-13 1.0123e-12 0)
(4.13695e-15 4.14836e-13 0)
(-2.99325e-14 -5.24442e-13 0)
(2.49796e-13 -1.39995e-12 0)
(5.87682e-13 -2.02432e-12 0)
(1.12141e-12 -2.64626e-12 0)
(1.82064e-12 -3.1051e-12 0)
(2.61888e-12 -3.46831e-12 0)
(3.50761e-12 -3.76469e-12 0)
(4.45376e-12 -3.9989e-12 0)
(5.45962e-12 -4.16222e-12 0)
(6.50108e-12 -4.26669e-12 0)
(7.55909e-12 -4.32339e-12 0)
(8.62823e-12 -4.32804e-12 0)
(9.6933e-12 -4.28601e-12 0)
(1.07403e-11 -4.2032e-12 0)
(1.17632e-11 -4.08079e-12 0)
(1.27517e-11 -3.92095e-12 0)
(1.36955e-11 -3.72872e-12 0)
(1.45882e-11 -3.50497e-12 0)
(1.54226e-11 -3.25383e-12 0)
(1.61915e-11 -2.97684e-12 0)
(1.68891e-11 -2.678e-12 0)
(1.75104e-11 -2.35878e-12 0)
(1.80513e-11 -2.02366e-12 0)
(1.85075e-11 -1.67366e-12 0)
(1.88752e-11 -1.31476e-12 0)
(1.91504e-11 -9.44062e-13 0)
(1.9332e-11 -5.64507e-13 0)
(1.94211e-11 -1.76789e-13 0)
(1.94182e-11 2.11333e-13 0)
(1.93235e-11 5.98994e-13 0)
(1.9135e-11 9.77538e-13 0)
(1.88528e-11 1.34688e-12 0)
(1.84797e-11 1.70335e-12 0)
(1.80188e-11 2.0504e-12 0)
(1.74731e-11 2.3813e-12 0)
(1.68475e-11 2.69643e-12 0)
(1.61477e-11 2.98927e-12 0)
(1.53773e-11 3.26186e-12 0)
(1.45422e-11 3.50719e-12 0)
(1.36507e-11 3.72529e-12 0)
(1.27092e-11 3.91215e-12 0)
(1.17237e-11 4.06708e-12 0)
(1.07044e-11 4.184e-12 0)
(9.66135e-12 4.26393e-12 0)
(8.60327e-12 4.30034e-12 0)
(7.54116e-12 4.29217e-12 0)
(6.48692e-12 4.23482e-12 0)
(5.45544e-12 4.12457e-12 0)
(4.45571e-12 3.95583e-12 0)
(3.50899e-12 3.72755e-12 0)
(2.63885e-12 3.42857e-12 0)
(1.83682e-12 3.0522e-12 0)
(1.14233e-12 2.58853e-12 0)
(6.10481e-13 2.02809e-12 0)
(2.27919e-13 1.32944e-12 0)
(6.60943e-15 5.33111e-13 0)
(2.77707e-14 -6.36554e-13 0)
(1.7437e-13 -1.61683e-12 0)
(5.26154e-13 -2.51325e-12 0)
(1.0122e-12 -3.20541e-12 0)
(1.62535e-12 -3.79306e-12 0)
(2.34474e-12 -4.2588e-12 0)
(3.14396e-12 -4.63475e-12 0)
(4.00177e-12 -4.92271e-12 0)
(4.91709e-12 -5.12771e-12 0)
(5.86542e-12 -5.26262e-12 0)
(6.82956e-12 -5.33098e-12 0)
(7.8024e-12 -5.33756e-12 0)
(8.77178e-12 -5.28814e-12 0)
(9.72795e-12 -5.18557e-12 0)
(1.0661e-11 -5.03285e-12 0)
(1.15615e-11 -4.83662e-12 0)
(1.24227e-11 -4.59795e-12 0)
(1.3237e-11 -4.32175e-12 0)
(1.39971e-11 -4.0107e-12 0)
(1.4698e-11 -3.66983e-12 0)
(1.53342e-11 -3.3006e-12 0)
(1.59007e-11 -2.90795e-12 0)
(1.63934e-11 -2.49398e-12 0)
(1.68085e-11 -2.0637e-12 0)
(1.71427e-11 -1.618e-12 0)
(1.73932e-11 -1.16113e-12 0)
(1.75589e-11 -6.92519e-13 0)
(1.76403e-11 -2.17423e-13 0)
(1.76373e-11 2.60502e-13 0)
(1.75502e-11 7.34043e-13 0)
(1.73795e-11 1.19986e-12 0)
(1.71239e-11 1.65402e-12 0)
(1.67841e-11 2.0959e-12 0)
(1.63639e-11 2.52199e-12 0)
(1.58672e-11 2.93062e-12 0)
(1.52977e-11 3.31846e-12 0)
(1.46595e-11 3.68242e-12 0)
(1.39576e-11 4.01746e-12 0)
(1.31967e-11 4.32267e-12 0)
(1.23829e-11 4.5931e-12 0)
(1.15233e-11 4.82577e-12 0)
(1.06252e-11 5.0164e-12 0)
(9.69641e-12 5.16386e-12 0)
(8.74437e-12 5.26156e-12 0)
(7.77884e-12 5.30744e-12 0)
(6.81127e-12 5.29657e-12 0)
(5.85077e-12 5.22511e-12 0)
(4.90886e-12 5.08761e-12 0)
(4.00415e-12 4.87996e-12 0)
(3.14688e-12 4.59299e-12 0)
(2.34223e-12 4.21788e-12 0)
(1.63348e-12 3.75093e-12 0)
(1.03504e-12 3.17568e-12 0)
(5.18053e-13 2.46589e-12 0)
(1.86984e-13 1.61184e-12 0)
(3.27618e-16 6.3308e-13 0)
(-2.48984e-15 -7.35862e-13 0)
(1.61914e-13 -1.86615e-12 0)
(4.56488e-13 -2.89171e-12 0)
(8.96796e-13 -3.7315e-12 0)
(1.43848e-12 -4.42308e-12 0)
(2.07956e-12 -4.98037e-12 0)
(2.78995e-12 -5.42979e-12 0)
(3.5612e-12 -5.77009e-12 0)
(4.38321e-12 -6.01301e-12 0)
(5.23304e-12 -6.17458e-12 0)
(6.09991e-12 -6.25747e-12 0)
(6.97674e-12 -6.26666e-12 0)
(7.85114e-12 -6.20802e-12 0)
(8.71296e-12 -6.08705e-12 0)
(9.5536e-12 -5.9093e-12 0)
(1.03658e-11 -5.67806e-12 0)
(1.11423e-11 -5.39785e-12 0)
(1.18762e-11 -5.0736e-12 0)
(1.25615e-11 -4.70907e-12 0)
(1.31931e-11 -4.30778e-12 0)
(1.37664e-11 -3.87456e-12 0)
(1.42765e-11 -3.41306e-12 0)
(1.472e-11 -2.92719e-12 0)
(1.5094e-11 -2.4206e-12 0)
(1.53949e-11 -1.89696e-12 0)
(1.56205e-11 -1.35918e-12 0)
(1.57705e-11 -8.10559e-13 0)
(1.5844e-11 -2.5482e-13 0)
(1.58413e-11 3.02668e-13 0)
(1.57626e-11 8.57663e-13 0)
(1.56076e-11 1.40437e-12 0)
(1.5377e-11 1.93878e-12 0)
(1.50718e-11 2.4583e-12 0)
(1.46941e-11 2.96039e-12 0)
(1.42473e-11 3.4412e-12 0)
(1.37344e-11 3.89698e-12 0)
(1.31591e-11 4.32401e-12 0)
(1.2526e-11 4.71816e-12 0)
(1.18402e-11 5.07565e-12 0)
(1.11068e-11 5.39306e-12 0)
(1.03317e-11 5.66621e-12 0)
(9.5217e-12 5.89105e-12 0)
(8.6834e-12 6.06292e-12 0)
(7.8248e-12 6.17764e-12 0)
(6.95514e-12 6.23107e-12 0)
(6.0826e-12 6.21818e-12 0)
(5.21764e-12 6.13283e-12 0)
(4.3743e-12 5.96982e-12 0)
(3.55757e-12 5.72264e-12 0)
(2.78426e-12 5.38136e-12 0)
(2.08442e-12 4.93889e-12 0)
(1.44397e-12 4.38314e-12 0)
(8.83127e-13 3.69491e-12 0)
(4.68472e-13 2.86308e-12 0)
(1.77306e-13 1.86401e-12 0)
(3.62261e-15 7.19724e-13 0)
(-6.21901e-15 -7.97194e-13 0)
(1.49983e-13 -2.09529e-12 0)
(4.023e-13 -3.23057e-12 0)
(7.83468e-13 -4.18943e-12 0)
(1.25965e-12 -4.97769e-12 0)
(1.81726e-12 -5.62015e-12 0)
(2.44279e-12 -6.13215e-12 0)
(3.12812e-12 -6.52127e-12 0)
(3.85398e-12 -6.80334e-12 0)
(4.6047e-12 -6.99026e-12 0)
(5.37434e-12 -7.08482e-12 0)
(6.15312e-12 -7.09551e-12 0)
(6.92921e-12 -7.03009e-12 0)
(7.69415e-12 -6.89421e-12 0)
(8.44136e-12 -6.69288e-12 0)
(9.16349e-12 -6.43105e-12 0)
(9.85343e-12 -6.11428e-12 0)
(1.05055e-11 -5.74706e-12 0)
(1.11147e-11 -5.33414e-12 0)
(1.16762e-11 -4.87981e-12 0)
(1.21853e-11 -4.389e-12 0)
(1.26385e-11 -3.86594e-12 0)
(1.30326e-11 -3.31488e-12 0)
(1.33644e-11 -2.74025e-12 0)
(1.36315e-11 -2.14658e-12 0)
(1.38321e-11 -1.53707e-12 0)
(1.39652e-11 -9.16189e-13 0)
(1.40307e-11 -2.88425e-13 0)
(1.40287e-11 3.41447e-13 0)
(1.39589e-11 9.68152e-13 0)
(1.38213e-11 1.58691e-12 0)
(1.36164e-11 2.19333e-12 0)
(1.33453e-11 2.78304e-12 0)
(1.30099e-11 3.3524e-12 0)
(1.26127e-11 3.89758e-12 0)
(1.21568e-11 4.41392e-12 0)
(1.16455e-11 4.89756e-12 0)
(1.10827e-11 5.34457e-12 0)
(1.0473e-11 5.75016e-12 0)
(9.82099e-12 6.10992e-12 0)
(9.13202e-12 6.41938e-12 0)
(8.41189e-12 6.67396e-12 0)
(7.66708e-12 6.86874e-12 0)
(6.90442e-12 6.99913e-12 0)
(6.13181e-12 7.05923e-12 0)
(5.35775e-12 7.04347e-12 0)
(4.59036e-12 6.94577e-12 0)
(3.84024e-12 6.75857e-12 0)
(3.12107e-12 6.4738e-12 0)
(2.44274e-12 6.08499e-12 0)
(1.8091e-12 5.5773e-12 0)
(1.25283e-12 4.9377e-12 0)
(7.91663e-13 4.1594e-12 0)
(3.95234e-13 3.21359e-12 0)
(1.37127e-13 2.07528e-12 0)
(3.49775e-15 7.98317e-13 0)
(3.97617e-15 -8.59662e-13 0)
(1.28404e-13 -2.27731e-12 0)
(3.45963e-13 -3.52799e-12 0)
(6.69697e-13 -4.5843e-12 0)
(1.07978e-12 -5.4602e-12 0)
(1.56343e-12 -6.17362e-12 0)
(2.10669e-12 -6.73938e-12 0)
(2.69979e-12 -7.17444e-12 0)
(3.32791e-12 -7.49217e-12 0)
(3.98112e-12 -7.69991e-12 0)
(4.65237e-12 -7.80619e-12 0)
(5.3302e-12 -7.82026e-12 0)
(6.00592e-12 -7.74947e-12 0)
(6.67307e-12 -7.6001e-12 0)
(7.32478e-12 -7.37804e-12 0)
(7.95432e-12 -7.08962e-12 0)
(8.55614e-12 -6.74032e-12 0)
(9.12513e-12 -6.33518e-12 0)
(9.65658e-12 -5.8795e-12 0)
(1.01462e-11 -5.3787e-12 0)
(1.05903e-11 -4.83737e-12 0)
(1.09857e-11 -4.26028e-12 0)
(1.13293e-11 -3.65279e-12 0)
(1.16184e-11 -3.01925e-12 0)
(1.18512e-11 -2.36428e-12 0)
(1.20263e-11 -1.6925e-12 0)
(1.21427e-11 -1.00853e-12 0)
(1.21999e-11 -3.17214e-13 0)
(1.21978e-11 3.76039e-13 0)
(1.21367e-11 1.06578e-12 0)
(1.20166e-11 1.74702e-12 0)
(1.18377e-11 2.41488e-12 0)
(1.16012e-11 3.06501e-12 0)
(1.13089e-11 3.69276e-12 0)
(1.09626e-11 4.29374e-12 0)
(1.05649e-11 4.86357e-12 0)
(1.01192e-11 5.39737e-12 0)
(9.62858e-12 5.89059e-12 0)
(9.09656e-12 6.33824e-12 0)
(8.52761e-12 6.73551e-12 0)
(7.92645e-12 7.07722e-12 0)
(7.29825e-12 7.35833e-12 0)
(6.64857e-12 7.57343e-12 0)
(5.98333e-12 7.71664e-12 0)
(5.3098e-12 7.78211e-12 0)
(4.63506e-12 7.76347e-12 0)
(3.96682e-12 7.65346e-12 0)
(3.31657e-12 7.44449e-12 0)
(2.69008e-12 7.12806e-12 0)
(2.0975e-12 6.69236e-12 0)
(1.56285e-12 6.12763e-12 0)
(1.08106e-12 5.4233e-12 0)
(6.58008e-13 4.55358e-12 0)
(3.43867e-13 3.50547e-12 0)
(1.30236e-13 2.26651e-12 0)
(5.19112e-16 8.62418e-13 0)
(7.81091e-16 -9.20693e-13 0)
(1.08546e-13 -2.43753e-12 0)
(2.89255e-13 -3.78705e-12 0)
(5.60905e-13 -4.92636e-12 0)
(9.08217e-13 -5.87302e-12 0)
(1.3172e-12 -6.64666e-12 0)
(1.77519e-12 -7.26448e-12 0)
(2.27534e-12 -7.74116e-12 0)
(2.80805e-12 -8.08786e-12 0)
(3.36273e-12 -8.31398e-12 0)
(3.932e-12 -8.43148e-12 0)
(4.50799e-12 -8.44879e-12 0)
(5.08269e-12 -8.3733e-12 0)
(5.65007e-12 -8.21232e-12 0)
(6.20452e-12 -7.97294e-12 0)
(6.74019e-12 -7.66131e-12 0)
(7.25238e-12 -7.28367e-12 0)
(7.73661e-12 -6.84575e-12 0)
(8.18867e-12 -6.35335e-12 0)
(8.60526e-12 -5.81169e-12 0)
(8.9833e-12 -5.22648e-12 0)
(9.31947e-12 -4.60288e-12 0)
(9.61153e-12 -3.94609e-12 0)
(9.85767e-12 -3.26118e-12 0)
(1.00558e-11 -2.55328e-12 0)
(1.02048e-11 -1.82751e-12 0)
(1.03039e-11 -1.08897e-12 0)
(1.03526e-11 -3.42858e-13 0)
(1.03508e-11 4.0535e-13 0)
(1.02985e-11 1.15042e-12 0)
(1.01959e-11 1.88648e-12 0)
(1.00437e-11 2.60838e-12 0)
(9.84254e-12 3.31135e-12 0)
(9.59364e-12 3.99026e-12 0)
(9.29912e-12 4.64019e-12 0)
(8.96099e-12 5.2563e-12 0)
(8.58155e-12 5.83355e-12 0)
(8.16387e-12 6.36647e-12 0)
(7.71115e-12 6.85017e-12 0)
(7.22691e-12 7.27933e-12 0)
(6.71525e-12 7.64847e-12 0)
(6.18064e-12 7.95192e-12 0)
(5.62766e-12 8.18373e-12 0)
(5.06166e-12 8.33776e-12 0)
(4.48902e-12 8.40756e-12 0)
(3.91595e-12 8.3859e-12 0)
(3.34857e-12 8.26503e-12 0)
(2.7956e-12 8.03644e-12 0)
(2.26608e-12 7.69029e-12 0)
(1.76854e-12 7.21649e-12 0)
(1.30822e-12 6.60199e-12 0)
(9.02214e-13 5.82928e-12 0)
(5.66531e-13 4.89111e-12 0)
(2.84935e-13 3.7639e-12 0)
(9.92696e-14 2.41843e-12 0)
(1.44232e-15 9.17781e-13 0)
(-2.376e-15 -9.67623e-13 0)
(8.84267e-14 -2.5682e-12 0)
(2.34075e-13 -3.99682e-12 0)
(4.56808e-13 -5.20502e-12 0)
(7.40445e-13 -6.21422e-12 0)
(1.07307e-12 -7.041e-12 0)
(1.44596e-12 -7.70329e-12 0)
(1.85568e-12 -8.21354e-12 0)
(2.29306e-12 -8.58385e-12 0)
(2.74791e-12 -8.82753e-12 0)
(3.21477e-12 -8.95495e-12 0)
(3.68751e-12 -8.97434e-12 0)
(4.15963e-12 -8.89513e-12 0)
(4.62586e-12 -8.72492e-12 0)
(5.08156e-12 -8.47104e-12 0)
(5.52193e-12 -8.14023e-12 0)
(5.94291e-12 -7.73904e-12 0)
(6.34091e-12 -7.27388e-12 0)
(6.71279e-12 -6.75061e-12 0)
(7.05534e-12 -6.17506e-12 0)
(7.36579e-12 -5.55302e-12 0)
(7.64226e-12 -4.89033e-12 0)
(7.88251e-12 -4.19215e-12 0)
(8.08464e-12 -3.46435e-12 0)
(8.24737e-12 -2.71222e-12 0)
(8.36977e-12 -1.94114e-12 0)
(8.45119e-12 -1.1565e-12 0)
(8.49128e-12 -3.64047e-13 0)
(8.48995e-12 4.30541e-13 0)
(8.44701e-12 1.2216e-12 0)
(8.3625e-12 2.00345e-12 0)
(8.23708e-12 2.77074e-12 0)
(8.07153e-12 3.5178e-12 0)
(7.86691e-12 4.23947e-12 0)
(7.62461e-12 4.93047e-12 0)
(7.34645e-12 5.58529e-12 0)
(7.03438e-12 6.19866e-12 0)
(6.69082e-12 6.76521e-12 0)
(6.31849e-12 7.27933e-12 0)
(5.92031e-12 7.73543e-12 0)
(5.49956e-12 8.12764e-12 0)
(5.05993e-12 8.44983e-12 0)
(4.60542e-12 8.69578e-12 0)
(4.1404e-12 8.85889e-12 0)
(3.67005e-12 8.93213e-12 0)
(3.19932e-12 8.90773e-12 0)
(2.73367e-12 8.77714e-12 0)
(2.2818e-12 8.53167e-12 0)
(1.84742e-12 8.16098e-12 0)
(1.43707e-12 7.65238e-12 0)
(1.06714e-12 6.99463e-12 0)
(7.38376e-13 6.17574e-12 0)
(4.50631e-13 5.17072e-12 0)
(2.32069e-13 3.96718e-12 0)
(8.72602e-14 2.55391e-12 0)
(6.48791e-16 9.62439e-13 0)
(-1.32491e-15 -1.00342e-12 0)
(6.93123e-14 -2.67204e-12 0)
(1.81955e-13 -4.16231e-12 0)
(3.53248e-13 -5.42777e-12 0)
(5.73142e-13 -6.48711e-12 0)
(8.31838e-13 -7.35629e-12 0)
(1.12138e-12 -8.05218e-12 0)
(1.4414e-12 -8.58876e-12 0)
(1.78213e-12 -8.97952e-12 0)
(2.13542e-12 -9.23735e-12 0)
(2.49977e-12 -9.37278e-12 0)
(2.86879e-12 -9.39466e-12 0)
(3.23689e-12 -9.3124e-12 0)
(3.60068e-12 -9.13499e-12 0)
(3.95646e-12 -8.86948e-12 0)
(4.30032e-12 -8.52343e-12 0)
(4.62898e-12 -8.10337e-12 0)
(4.93974e-12 -7.61623e-12 0)
(5.22998e-12 -7.06806e-12 0)
(5.49748e-12 -6.46553e-12 0)
(5.73999e-12 -5.81405e-12 0)
(5.95571e-12 -5.11996e-12 0)
(6.1431e-12 -4.38892e-12 0)
(6.30084e-12 -3.6268e-12 0)
(6.428e-12 -2.83905e-12 0)
(6.52374e-12 -2.03169e-12 0)
(6.58743e-12 -1.21026e-12 0)
(6.61861e-12 -3.80836e-13 0)
(6.61721e-12 4.50889e-13 0)
(6.58333e-12 1.27879e-12 0)
(6.51728e-12 2.09723e-12 0)
(6.41931e-12 2.90031e-12 0)
(6.28988e-12 3.68252e-12 0)
(6.12994e-12 4.43819e-12 0)
(5.94063e-12 5.16177e-12 0)
(5.72327e-12 5.84774e-12 0)
(5.47952e-12 6.49019e-12 0)
(5.21122e-12 7.08368e-12 0)
(4.92043e-12 7.6223e-12 0)
(4.60943e-12 8.10005e-12 0)
(4.28078e-12 8.51076e-12 0)
(3.9375e-12 8.84812e-12 0)
(3.58268e-12 9.10545e-12 0)
(3.21967e-12 9.27558e-12 0)
(2.85268e-12 9.35138e-12 0)
(2.48589e-12 9.32456e-12 0)
(2.12298e-12 9.18616e-12 0)
(1.77033e-12 8.9264e-12 0)
(1.4323e-12 8.53479e-12 0)
(1.1159e-12 8.00077e-12 0)
(8.26603e-13 7.3083e-12 0)
(5.67328e-13 6.44279e-12 0)
(3.53246e-13 5.39351e-12 0)
(1.8131e-13 4.13928e-12 0)
(6.27908e-14 2.65205e-12 0)
(1.43407e-15 9.9969e-13 0)
(-1.63529e-15 -1.03112e-12 0)
(5.01304e-14 -2.75045e-12 0)
(1.29537e-13 -4.28812e-12 0)
(2.51257e-13 -5.59649e-12 0)
(4.09206e-13 -6.69191e-12 0)
(5.9436e-13 -7.59228e-12 0)
(8.00899e-13 -8.3136e-12 0)
(1.02965e-12 -8.87076e-12 0)
(1.27344e-12 -9.27773e-12 0)
(1.52605e-12 -9.54617e-12 0)
(1.78713e-12 -9.68738e-12 0)
(2.05062e-12 -9.71124e-12 0)
(2.31482e-12 -9.62696e-12 0)
(2.57516e-12 -9.44404e-12 0)
(2.82996e-12 -9.16991e-12 0)
(3.07625e-12 -8.81207e-12 0)
(3.3117e-12 -8.37789e-12 0)
(3.5343e-12 -7.87413e-12 0)
(3.74217e-12 -7.30747e-12 0)
(3.93367e-12 -6.68409e-12 0)
(4.10732e-12 -6.01065e-12 0)
(4.26178e-12 -5.29277e-12 0)
(4.39608e-12 -4.53686e-12 0)
(4.50914e-12 -3.74866e-12 0)
(4.60013e-12 -2.93432e-12 0)
(4.66852e-12 -2.09963e-12 0)
(4.71397e-12 -1.25072e-12 0)
(4.73623e-12 -3.93399e-13 0)
(4.73526e-12 4.66083e-13 0)
(4.71089e-12 1.32178e-12 0)
(4.66322e-12 2.16784e-12 0)
(4.59266e-12 2.99818e-12 0)
(4.4998e-12 3.80698e-12 0)
(4.38508e-12 4.58847e-12 0)
(4.24942e-12 5.33673e-12 0)
(4.09358e-12 6.046e-12 0)
(3.91874e-12 6.71051e-12 0)
(3.72649e-12 7.32422e-12 0)
(3.51808e-12 7.88111e-12 0)
(3.29514e-12 8.375e-12 0)
(3.05968e-12 8.79957e-12 0)
(2.81381e-12 9.14826e-12 0)
(2.55958e-12 9.41396e-12 0)
(2.29965e-12 9.5892e-12 0)
(2.03659e-12 9.66682e-12 0)
(1.7748e-12 9.63801e-12 0)
(1.51435e-12 9.49292e-12 0)
(1.26301e-12 9.22285e-12 0)
(1.02275e-12 8.81612e-12 0)
(7.93685e-13 8.2594e-12 0)
(5.87447e-13 7.54182e-12 0)
(4.09356e-13 6.64891e-12 0)
(2.51916e-13 5.55816e-12 0)
(1.25024e-13 4.25724e-12 0)
(4.64016e-14 2.73384e-12 0)
(-1.13527e-15 1.02488e-12 0)
(-1.97997e-15 -1.04944e-12 0)
(3.12945e-14 -2.80217e-12 0)
(7.8457e-14 -4.37194e-12 0)
(1.50986e-13 -5.70778e-12 0)
(2.47138e-13 -6.82801e-12 0)
(3.58814e-13 -7.74938e-12 0)
(4.82178e-13 -8.48845e-12 0)
(6.1994e-13 -9.05976e-12 0)
(7.66582e-13 -9.47698e-12 0)
(9.17992e-13 -9.75238e-12 0)
(1.078e-12 -9.89643e-12 0)
(1.23134e-12 -9.92053e-12 0)
(1.39355e-12 -9.8371e-12 0)
(1.54945e-12 -9.65076e-12 0)
(1.70262e-12 -9.37079e-12 0)
(1.85064e-12 -9.00512e-12 0)
(1.992e-12 -8.56148e-12 0)
(2.12569e-12 -8.04668e-12 0)
(2.2507e-12 -7.46763e-12 0)
(2.36574e-12 -6.83058e-12 0)
(2.47007e-12 -6.14221e-12 0)
(2.56293e-12 -5.40856e-12 0)
(2.64346e-12 -4.63608e-12 0)
(2.71124e-12 -3.8306e-12 0)
(2.76587e-12 -2.99843e-12 0)
(2.80699e-12 -2.14527e-12 0)
(2.8343e-12 -1.27766e-12 0)
(2.84746e-12 -4.01525e-13 0)
(2.84638e-12 4.7673e-13 0)
(2.83149e-12 1.35111e-12 0)
(2.80277e-12 2.21551e-12 0)
(2.76023e-12 3.06414e-12 0)
(2.70418e-12 3.89076e-12 0)
(2.63493e-12 4.68944e-12 0)
(2.55301e-12 5.45432e-12 0)
(2.45916e-12 6.17912e-12 0)
(2.35396e-12 6.85834e-12 0)
(2.23814e-12 7.48552e-12 0)
(2.11268e-12 8.05457e-12 0)
(1.9786e-12 8.55929e-12 0)
(1.83705e-12 8.99311e-12 0)
(1.68932e-12 9.34921e-12 0)
(1.53657e-12 9.62055e-12 0)
(1.3808e-12 9.79904e-12 0)
(1.21988e-12 9.8758e-12 0)
(1.06649e-12 9.84647e-12 0)
(9.08315e-13 9.69835e-12 0)
(7.57829e-13 9.42082e-12 0)
(6.11864e-13 9.00295e-12 0)
(4.77127e-13 8.43387e-12 0)
(3.57038e-13 7.69872e-12 0)
(2.41983e-13 6.77987e-12 0)
(1.48251e-13 5.66909e-12 0)
(8.17662e-14 4.34447e-12 0)
(2.69926e-14 2.78098e-12 0)
(1.81447e-15 1.04327e-12 0)
(-1.67989e-15 -1.05847e-12 0)
(1.19994e-14 -2.82812e-12 0)
(2.76741e-14 -4.41345e-12 0)
(5.17539e-14 -5.76349e-12 0)
(8.58491e-14 -6.89615e-12 0)
(1.24205e-13 -7.82816e-12 0)
(1.64436e-13 -8.57582e-12 0)
(2.1138e-13 -9.15396e-12 0)
(2.6097e-13 -9.5763e-12 0)
(3.09864e-13 -9.85536e-12 0)
(3.63823e-13 -1.00026e-11 0)
(4.16386e-13 -1.00297e-11 0)
(4.74461e-13 -9.94285e-12 0)
(5.23584e-13 -9.7535e-12 0)
(5.74401e-13 -9.47046e-12 0)
(6.2367e-13 -9.1013e-12 0)
(6.7066e-13 -8.65304e-12 0)
(7.1512e-13 -8.13279e-12 0)
(7.56717e-13 -7.54734e-12 0)
(7.95049e-13 -6.90356e-12 0)
(8.29714e-13 -6.20763e-12 0)
(8.60462e-13 -5.46627e-12 0)
(8.87267e-13 -4.68529e-12 0)
(9.09876e-13 -3.87114e-12 0)
(9.28146e-13 -3.02981e-12 0)
(9.41772e-13 -2.16768e-12 0)
(9.50554e-13 -1.29079e-12 0)
(9.54583e-13 -4.05597e-13 0)
(9.53831e-13 4.82045e-13 0)
(9.48409e-13 1.36592e-12 0)
(9.38415e-13 2.23974e-12 0)
(9.23855e-13 3.09733e-12 0)
(9.0473e-13 3.93281e-12 0)
(8.81342e-13 4.74001e-12 0)
(8.5363e-13 5.51306e-12 0)
(8.21971e-13 6.2459e-12 0)
(7.86597e-13 6.93227e-12 0)
(7.47601e-13 7.56616e-12 0)
(7.05568e-13 8.14137e-12 0)
(6.60691e-13 8.65138e-12 0)
(6.1333e-13 9.08965e-12 0)
(5.64194e-13 9.44925e-12 0)
(5.13622e-13 9.72328e-12 0)
(4.64287e-13 9.90476e-12 0)
(4.07002e-13 9.9851e-12 0)
(3.54749e-13 9.95204e-12 0)
(3.01778e-13 9.80065e-12 0)
(2.53122e-13 9.51922e-12 0)
(2.07101e-13 9.09635e-12 0)
(1.60087e-13 8.51923e-12 0)
(1.16184e-13 7.77539e-12 0)
(8.63183e-14 6.85013e-12 0)
(5.75513e-14 5.72348e-12 0)
(2.15755e-14 4.38102e-12 0)
(5.97877e-15 2.81047e-12 0)
(-1.17807e-15 1.05098e-12 0)
(-1.70085e-15 -1.05925e-12 0)
(-5.52999e-15 -2.82779e-12 0)
(-2.20686e-14 -4.41413e-12 0)
(-4.7469e-14 -5.76429e-12 0)
(-7.50837e-14 -6.89672e-12 0)
(-1.09896e-13 -7.82863e-12 0)
(-1.5251e-13 -8.57597e-12 0)
(-1.96374e-13 -9.15389e-12 0)
(-2.43264e-13 -9.57615e-12 0)
(-2.92867e-13 -9.85517e-12 0)
(-3.46124e-13 -1.00023e-11 0)
(-3.97534e-13 -1.00294e-11 0)
(-4.55553e-13 -9.94247e-12 0)
(-5.04715e-13 -9.75312e-12 0)
(-5.55301e-13 -9.47007e-12 0)
(-6.04517e-13 -9.1009e-12 0)
(-6.51677e-13 -8.65262e-12 0)
(-6.96307e-13 -8.1323e-12 0)
(-7.38103e-13 -7.54684e-12 0)
(-7.76707e-13 -6.90295e-12 0)
(-8.11822e-13 -6.20699e-12 0)
(-8.42983e-13 -5.46521e-12 0)
(-8.70041e-13 -4.68408e-12 0)
(-8.92903e-13 -3.8699e-12 0)
(-9.11369e-13 -3.02866e-12 0)
(-9.25384e-13 -2.16687e-12 0)
(-9.3496e-13 -1.29032e-12 0)
(-9.40055e-13 -4.05217e-13 0)
(-9.4043e-13 4.82292e-13 0)
(-9.36129e-13 1.36595e-12 0)
(-9.27289e-13 2.2398e-12 0)
(-9.1382e-13 3.0975e-12 0)
(-8.95806e-13 3.93307e-12 0)
(-8.73462e-13 4.74043e-12 0)
(-8.46788e-13 5.51336e-12 0)
(-8.16146e-13 6.24619e-12 0)
(-7.81716e-13 6.9325e-12 0)
(-7.43574e-13 7.56642e-12 0)
(-7.02195e-13 8.14155e-12 0)
(-6.57924e-13 8.65144e-12 0)
(-6.11117e-13 9.08963e-12 0)
(-5.62104e-13 9.44921e-12 0)
(-5.11476e-13 9.72307e-12 0)
(-4.62414e-13 9.90441e-12 0)
(-4.04705e-13 9.98467e-12 0)
(-3.51792e-13 9.95152e-12 0)
(-2.98991e-13 9.8e-12 0)
(-2.48877e-13 9.51821e-12 0)
(-2.02302e-13 9.09521e-12 0)
(-1.55586e-13 8.51918e-12 0)
(-1.08504e-13 7.77482e-12 0)
(-7.93874e-14 6.84659e-12 0)
(-5.29302e-14 5.72363e-12 0)
(-1.69148e-14 4.38425e-12 0)
(-8.74673e-15 2.80774e-12 0)
(1.51538e-15 1.05104e-12 0)
(-3.09288e-15 -1.05062e-12 0)
(-2.40352e-14 -2.80336e-12 0)
(-7.33239e-14 -4.37346e-12 0)
(-1.46479e-13 -5.70927e-12 0)
(-2.36275e-13 -6.82953e-12 0)
(-3.44549e-13 -7.7506e-12 0)
(-4.70338e-13 -8.48899e-12 0)
(-6.05364e-13 -9.05995e-12 0)
(-7.49565e-13 -9.47672e-12 0)
(-9.01721e-13 -9.75175e-12 0)
(-1.06103e-12 -9.89565e-12 0)
(-1.21336e-12 -9.91965e-12 0)
(-1.37552e-12 -9.83608e-12 0)
(-1.53145e-12 -9.64963e-12 0)
(-1.68435e-12 -9.36958e-12 0)
(-1.8323e-12 -9.00396e-12 0)
(-1.97375e-12 -8.56023e-12 0)
(-2.1076e-12 -8.04538e-12 0)
(-2.23273e-12 -7.46624e-12 0)
(-2.348e-12 -6.82911e-12 0)
(-2.45244e-12 -6.14062e-12 0)
(-2.54557e-12 -5.40682e-12 0)
(-2.6267e-12 -4.63419e-12 0)
(-2.69496e-12 -3.8285e-12 0)
(-2.75011e-12 -2.99633e-12 0)
(-2.79182e-12 -2.14338e-12 0)
(-2.81965e-12 -1.2762e-12 0)
(-2.83363e-12 -4.00307e-13 0)
(-2.83375e-12 4.77872e-13 0)
(-2.81977e-12 1.35247e-12 0)
(-2.79183e-12 2.21697e-12 0)
(-2.75026e-12 3.06571e-12 0)
(-2.69522e-12 3.89213e-12 0)
(-2.62717e-12 4.6909e-12 0)
(-2.54641e-12 5.45557e-12 0)
(-2.45347e-12 6.18049e-12 0)
(-2.34911e-12 6.85942e-12 0)
(-2.23412e-12 7.48655e-12 0)
(-2.10943e-12 8.05528e-12 0)
(-1.97592e-12 8.55991e-12 0)
(-1.8348e-12 8.99333e-12 0)
(-1.68726e-12 9.3493e-12 0)
(-1.53458e-12 9.62021e-12 0)
(-1.37902e-12 9.79841e-12 0)
(-1.21775e-12 9.87478e-12 0)
(-1.06359e-12 9.84512e-12 0)
(-9.05973e-13 9.6964e-12 0)
(-7.54064e-13 9.41892e-12 0)
(-6.06161e-13 9.00105e-12 0)
(-4.72199e-13 8.43065e-12 0)
(-3.5313e-13 7.69582e-12 0)
(-2.3477e-13 6.78119e-12 0)
(-1.37467e-13 5.66621e-12 0)
(-8.08026e-14 4.34063e-12 0)
(-3.34526e-14 2.78457e-12 0)
(-6.67871e-16 1.04193e-12 0)
(-1.436e-15 -1.03304e-12 0)
(-4.30014e-14 -2.7522e-12 0)
(-1.22895e-13 -4.29133e-12 0)
(-2.46882e-13 -5.59875e-12 0)
(-3.98979e-13 -6.6941e-12 0)
(-5.80532e-13 -7.59385e-12 0)
(-7.89855e-13 -8.31461e-12 0)
(-1.01607e-12 -8.87152e-12 0)
(-1.25736e-12 -9.27763e-12 0)
(-1.51114e-12 -9.54552e-12 0)
(-1.77181e-12 -9.68664e-12 0)
(-2.03418e-12 -9.71014e-12 0)
(-2.29831e-12 -9.62565e-12 0)
(-2.55871e-12 -9.44267e-12 0)
(-2.81338e-12 -9.16838e-12 0)
(-3.05955e-12 -8.81055e-12 0)
(-3.29502e-12 -8.37618e-12 0)
(-3.51773e-12 -7.87251e-12 0)
(-3.72567e-12 -7.3056e-12 0)
(-3.91736e-12 -6.68234e-12 0)
(-4.09131e-12 -6.00849e-12 0)
(-4.24607e-12 -5.29088e-12 0)
(-4.38047e-12 -4.53465e-12 0)
(-4.49383e-12 -3.74663e-12 0)
(-4.58534e-12 -2.93208e-12 0)
(-4.65443e-12 -2.09752e-12 0)
(-4.70058e-12 -1.24814e-12 0)
(-4.72343e-12 -3.9098e-13 0)
(-4.72299e-12 4.68918e-13 0)
(-4.69942e-12 1.32457e-12 0)
(-4.65284e-12 2.17092e-12 0)
(-4.58353e-12 3.00105e-12 0)
(-4.49164e-12 3.81016e-12 0)
(-4.3778e-12 4.59132e-12 0)
(-4.243e-12 5.33987e-12 0)
(-4.0881e-12 6.04874e-12 0)
(-3.91424e-12 6.71326e-12 0)
(-3.72272e-12 7.32638e-12 0)
(-3.51487e-12 7.88317e-12 0)
(-3.29254e-12 8.37648e-12 0)
(-3.05759e-12 8.8008e-12 0)
(-2.81182e-12 9.14866e-12 0)
(-2.55766e-12 9.41407e-12 0)
(-2.29799e-12 9.58856e-12 0)
(-2.03462e-12 9.66567e-12 0)
(-1.77237e-12 9.6361e-12 0)
(-1.5119e-12 9.49083e-12 0)
(-1.25863e-12 9.21969e-12 0)
(-1.01941e-12 8.81246e-12 0)
(-7.90625e-13 8.25715e-12 0)
(-5.76062e-13 7.53842e-12 0)
(-4.03714e-13 6.64253e-12 0)
(-2.54297e-13 5.55705e-12 0)
(-1.16299e-13 4.26023e-12 0)
(-4.61578e-14 2.73122e-12 0)
(2.19551e-15 1.02474e-12 0)
(-3.256e-15 -1.00613e-12 0)
(-6.21795e-14 -2.6752e-12 0)
(-1.75867e-13 -4.16693e-12 0)
(-3.48037e-13 -5.43165e-12 0)
(-5.63249e-13 -6.48943e-12 0)
(-8.19051e-13 -7.35753e-12 0)
(-1.11208e-12 -8.05214e-12 0)
(-1.42953e-12 -8.58818e-12 0)
(-1.76781e-12 -8.97883e-12 0)
(-2.1228e-12 -9.23588e-12 0)
(-2.4867e-12 -9.37081e-12 0)
(-2.85458e-12 -9.39239e-12 0)
(-3.22296e-12 -9.31014e-12 0)
(-3.58678e-12 -9.13245e-12 0)
(-3.94229e-12 -8.867e-12 0)
(-4.28595e-12 -8.52054e-12 0)
(-4.61469e-12 -8.10068e-12 0)
(-4.92543e-12 -7.61319e-12 0)
(-5.21573e-12 -7.06525e-12 0)
(-5.48316e-12 -6.46225e-12 0)
(-5.72581e-12 -5.81096e-12 0)
(-5.94173e-12 -5.11642e-12 0)
(-6.1295e-12 -4.38539e-12 0)
(-6.28767e-12 -3.62292e-12 0)
(-6.41514e-12 -2.83539e-12 0)
(-6.51104e-12 -2.02786e-12 0)
(-6.57506e-12 -1.20678e-12 0)
(-6.60689e-12 -3.77194e-13 0)
(-6.60637e-12 4.54205e-13 0)
(-6.57328e-12 1.28234e-12 0)
(-6.5079e-12 2.10063e-12 0)
(-6.41063e-12 2.90404e-12 0)
(-6.28207e-12 3.6863e-12 0)
(-6.12307e-12 4.44216e-12 0)
(-5.93473e-12 5.1655e-12 0)
(-5.7183e-12 5.85131e-12 0)
(-5.47533e-12 6.49339e-12 0)
(-5.20774e-12 7.0865e-12 0)
(-4.9175e-12 7.62441e-12 0)
(-4.60706e-12 8.10152e-12 0)
(-4.27892e-12 8.51145e-12 0)
(-3.93579e-12 8.84808e-12 0)
(-3.58089e-12 9.10449e-12 0)
(-3.21831e-12 9.27378e-12 0)
(-2.85094e-12 9.34877e-12 0)
(-2.48327e-12 9.32112e-12 0)
(-2.12142e-12 9.18169e-12 0)
(-1.76795e-12 8.92167e-12 0)
(-1.42588e-12 8.53013e-12 0)
(-1.11141e-12 7.99334e-12 0)
(-8.28164e-13 7.3026e-12 0)
(-5.59974e-13 6.44116e-12 0)
(-3.36193e-13 5.38785e-12 0)
(-1.85969e-13 4.1321e-12 0)
(-7.22642e-14 2.65692e-12 0)
(-2.57043e-15 9.9677e-13 0)
(-1.52121e-15 -9.69501e-13 0)
(-8.25686e-14 -2.57215e-12 0)
(-2.27305e-13 -3.99973e-12 0)
(-4.51436e-13 -5.20772e-12 0)
(-7.30526e-13 -6.21598e-12 0)
(-1.06101e-12 -7.04195e-12 0)
(-1.43806e-12 -7.70168e-12 0)
(-1.84697e-12 -8.21044e-12 0)
(-2.28195e-12 -8.58071e-12 0)
(-2.73778e-12 -8.82395e-12 0)
(-3.20477e-12 -8.9508e-12 0)
(-3.6769e-12 -8.97011e-12 0)
(-4.14896e-12 -8.89073e-12 0)
(-4.61521e-12 -8.72029e-12 0)
(-5.07055e-12 -8.46653e-12 0)
(-5.51083e-12 -8.13549e-12 0)
(-5.93174e-12 -7.73453e-12 0)
(-6.32974e-12 -7.26891e-12 0)
(-6.70142e-12 -6.74599e-12 0)
(-7.04394e-12 -6.17009e-12 0)
(-7.35455e-12 -5.54866e-12 0)
(-7.63093e-12 -4.8853e-12 0)
(-7.8712e-12 -4.18792e-12 0)
(-8.07364e-12 -3.45932e-12 0)
(-8.23683e-12 -2.70781e-12 0)
(-8.35981e-12 -1.93589e-12 0)
(-8.44167e-12 -1.15231e-12 0)
(-8.48203e-12 -3.59054e-13 0)
(-8.48084e-12 4.34522e-13 0)
(-8.43818e-12 1.22656e-12 0)
(-8.35432e-12 2.00737e-12 0)
(-8.22959e-12 2.77553e-12 0)
(-8.06479e-12 3.52133e-12 0)
(-7.86095e-12 4.24383e-12 0)
(-7.61948e-12 4.93331e-12 0)
(-7.34204e-12 5.58901e-12 0)
(-7.0308e-12 6.20082e-12 0)
(-6.68798e-12 6.76788e-12 0)
(-6.31619e-12 7.28018e-12 0)
(-5.91842e-12 7.73654e-12 0)
(-5.49808e-12 8.1268e-12 0)
(-5.05853e-12 8.4492e-12 0)
(-4.6041e-12 8.69322e-12 0)
(-4.13921e-12 8.85614e-12 0)
(-3.66858e-12 8.92739e-12 0)
(-3.19778e-12 8.90282e-12 0)
(-2.7318e-12 8.7709e-12 0)
(-2.27729e-12 8.52523e-12 0)
(-1.84697e-12 8.15191e-12 0)
(-1.43591e-12 7.6461e-12 0)
(-1.05172e-12 6.98848e-12 0)
(-7.356e-13 6.16318e-12 0)
(-4.62911e-13 5.16484e-12 0)
(-2.18907e-13 3.96923e-12 0)
(-8.28542e-14 2.54979e-12 0)
(1.22002e-15 9.60348e-13 0)
(-2.64892e-15 -9.23753e-13 0)
(-1.02531e-13 -2.44078e-12 0)
(-2.8254e-13 -3.79025e-12 0)
(-5.57469e-13 -4.92639e-12 0)
(-9.01291e-13 -5.87297e-12 0)
(-1.30706e-12 -6.64759e-12 0)
(-1.76869e-12 -7.2642e-12 0)
(-2.26932e-12 -7.73955e-12 0)
(-2.80095e-12 -8.08482e-12 0)
(-3.35696e-12 -8.3117e-12 0)
(-3.92618e-12 -8.42851e-12 0)
(-4.50141e-12 -8.44599e-12 0)
(-5.07618e-12 -8.36966e-12 0)
(-5.64376e-12 -8.20957e-12 0)
(-6.19781e-12 -7.96908e-12 0)
(-6.73325e-12 -7.65858e-12 0)
(-7.24512e-12 -7.27969e-12 0)
(-7.72927e-12 -6.8433e-12 0)
(-8.18129e-12 -6.34918e-12 0)
(-8.59788e-12 -5.80936e-12 0)
(-8.97552e-12 -5.2222e-12 0)
(-9.31186e-12 -4.60059e-12 0)
(-9.60395e-12 -3.94164e-12 0)
(-9.85005e-12 -3.25882e-12 0)
(-1.00482e-11 -2.54853e-12 0)
(-1.01974e-11 -1.82479e-12 0)
(-1.02966e-11 -1.08326e-12 0)
(-1.03455e-11 -3.39224e-13 0)
(-1.0344e-11 4.1205e-13 0)
(-1.02921e-11 1.15459e-12 0)
(-1.01898e-11 1.89371e-12 0)
(-1.00381e-11 2.61333e-12 0)
(-9.83737e-12 3.31923e-12 0)
(-9.5892e-12 3.99554e-12 0)
(-9.29511e-12 4.64815e-12 0)
(-8.95746e-12 5.26104e-12 0)
(-8.57873e-12 5.84025e-12 0)
(-8.16159e-12 6.37007e-12 0)
(-7.70929e-12 6.85553e-12 0)
(-7.22539e-12 7.28123e-12 0)
(-6.71402e-12 7.65166e-12 0)
(-6.17931e-12 7.95171e-12 0)
(-5.62654e-12 8.18458e-12 0)
(-5.06097e-12 8.33571e-12 0)
(-4.48798e-12 8.40625e-12 0)
(-3.91354e-12 8.38202e-12 0)
(-3.34755e-12 8.26131e-12 0)
(-2.7955e-12 8.02991e-12 0)
(-2.25957e-12 7.6855e-12 0)
(-1.76203e-12 7.209e-12 0)
(-1.31807e-12 6.59173e-12 0)
(-8.98061e-13 5.82704e-12 0)
(-5.40272e-13 4.88542e-12 0)
(-2.95773e-13 3.75375e-12 0)
(-1.15027e-13 2.4242e-12 0)
(-2.36249e-15 9.12942e-13 0)
(-1.73623e-15 -8.67156e-13 0)
(-1.25311e-13 -2.2832e-12 0)
(-3.38498e-13 -3.53363e-12 0)
(-6.66346e-13 -4.58653e-12 0)
(-1.07787e-12 -5.45814e-12 0)
(-1.55945e-12 -6.17046e-12 0)
(-2.10526e-12 -6.7377e-12 0)
(-2.69774e-12 -7.17314e-12 0)
(-3.32575e-12 -7.48976e-12 0)
(-3.98076e-12 -7.69661e-12 0)
(-4.65153e-12 -7.80366e-12 0)
(-5.32853e-12 -7.81762e-12 0)
(-6.00481e-12 -7.74688e-12 0)
(-6.67155e-12 -7.59703e-12 0)
(-7.32297e-12 -7.37536e-12 0)
(-7.95211e-12 -7.08656e-12 0)
(-8.55406e-12 -6.73729e-12 0)
(-9.12236e-12 -6.33181e-12 0)
(-9.65369e-12 -5.87653e-12 0)
(-1.01428e-11 -5.37515e-12 0)
(-1.0587e-11 -4.83397e-12 0)
(-1.09819e-11 -4.25679e-12 0)
(-1.13252e-11 -3.64906e-12 0)
(-1.16141e-11 -3.01537e-12 0)
(-1.18471e-11 -2.36007e-12 0)
(-1.20218e-11 -1.68824e-12 0)
(-1.21382e-11 -1.00373e-12 0)
(-1.21952e-11 -3.12551e-13 0)
(-1.21932e-11 3.81489e-13 0)
(-1.21318e-11 1.07149e-12 0)
(-1.20116e-11 1.75411e-12 0)
(-1.1833e-11 2.42231e-12 0)
(-1.1597e-11 3.07379e-12 0)
(-1.13051e-11 3.70124e-12 0)
(-1.09597e-11 4.30309e-12 0)
(-1.05628e-11 4.87159e-12 0)
(-1.01172e-11 5.40573e-12 0)
(-9.62703e-12 5.89679e-12 0)
(-9.09542e-12 6.34406e-12 0)
(-8.52696e-12 6.73881e-12 0)
(-7.92576e-12 7.08008e-12 0)
(-7.29759e-12 7.35855e-12 0)
(-6.64732e-12 7.57323e-12 0)
(-5.98244e-12 7.71428e-12 0)
(-5.30834e-12 7.77961e-12 0)
(-4.63427e-12 7.75856e-12 0)
(-3.96626e-12 7.64864e-12 0)
(-3.31227e-12 7.43827e-12 0)
(-2.69041e-12 7.12043e-12 0)
(-2.10259e-12 6.6825e-12 0)
(-1.54418e-12 6.12334e-12 0)
(-1.07738e-12 5.40992e-12 0)
(-6.84152e-13 4.54317e-12 0)
(-3.28444e-13 3.50384e-12 0)
(-1.21827e-13 2.26312e-12 0)
(1.37412e-15 8.57718e-13 0)
(-4.51109e-16 -8.01912e-13 0)
(-1.46967e-13 -2.09633e-12 0)
(-3.97543e-13 -3.23418e-12 0)
(-7.81095e-13 -4.18759e-12 0)
(-1.25763e-12 -4.97351e-12 0)
(-1.81856e-12 -5.61294e-12 0)
(-2.44958e-12 -6.1229e-12 0)
(-3.13291e-12 -6.51295e-12 0)
(-3.85643e-12 -6.79692e-12 0)
(-4.6103e-12 -6.98126e-12 0)
(-5.38057e-12 -7.07732e-12 0)
(-6.15775e-12 -7.08747e-12 0)
(-6.93337e-12 -7.02417e-12 0)
(-7.69867e-12 -6.886e-12 0)
(-8.44537e-12 -6.68726e-12 0)
(-9.16669e-12 -6.4227e-12 0)
(-9.85614e-12 -6.10945e-12 0)
(-1.05082e-11 -5.73824e-12 0)
(-1.1117e-11 -5.32981e-12 0)
(-1.16779e-11 -4.87083e-12 0)
(-1.21868e-11 -4.38557e-12 0)
(-1.26396e-11 -3.85669e-12 0)
(-1.30333e-11 -3.31236e-12 0)
(-1.33646e-11 -2.73126e-12 0)
(-1.36315e-11 -2.14467e-12 0)
(-1.38317e-11 -1.52781e-12 0)
(-1.39646e-11 -9.14782e-13 0)
(-1.40296e-11 -2.78593e-13 0)
(-1.40269e-11 3.42722e-13 0)
(-1.39562e-11 9.78289e-13 0)
(-1.38182e-11 1.58778e-12 0)
(-1.36132e-11 2.20276e-12 0)
(-1.33425e-11 2.78272e-12 0)
(-1.30076e-11 3.361e-12 0)
(-1.26111e-11 3.89607e-12 0)
(-1.21556e-11 4.42183e-12 0)
(-1.16451e-11 4.89544e-12 0)
(-1.1083e-11 5.35075e-12 0)
(-1.04735e-11 5.74659e-12 0)
(-9.82136e-12 6.11429e-12 0)
(-9.13235e-12 6.41423e-12 0)
(-8.41174e-12 6.67621e-12 0)
(-7.66642e-12 6.86227e-12 0)
(-6.9038e-12 6.99851e-12 0)
(-6.13109e-12 7.05049e-12 0)
(-5.35557e-12 7.04014e-12 0)
(-4.58888e-12 6.93573e-12 0)
(-3.84169e-12 6.7522e-12 0)
(-3.11765e-12 6.46201e-12 0)
(-2.43331e-12 6.0786e-12 0)
(-1.82416e-12 5.56404e-12 0)
(-1.25816e-12 4.92814e-12 0)
(-7.59295e-13 4.15386e-12 0)
(-4.08064e-13 3.20332e-12 0)
(-1.59473e-13 2.07566e-12 0)
(7.66399e-16 7.94363e-13 0)
(-8.85094e-16 -7.28001e-13 0)
(-1.69556e-13 -1.8763e-12 0)
(-4.5944e-13 -2.88845e-12 0)
(-8.99767e-13 -3.72565e-12 0)
(-1.44556e-12 -4.41739e-12 0)
(-2.08471e-12 -4.97713e-12 0)
(-2.80134e-12 -5.42114e-12 0)
(-3.57561e-12 -5.76331e-12 0)
(-4.39375e-12 -6.0095e-12 0)
(-5.24475e-12 -6.17191e-12 0)
(-6.11298e-12 -6.25268e-12 0)
(-6.98938e-12 -6.26391e-12 0)
(-7.86237e-12 -6.20398e-12 0)
(-8.72404e-12 -6.08605e-12 0)
(-9.56371e-12 -5.90546e-12 0)
(-1.03761e-11 -5.67769e-12 0)
(-1.11513e-11 -5.39463e-12 0)
(-1.18852e-11 -5.07446e-12 0)
(-1.25695e-11 -4.70542e-12 0)
(-1.32014e-11 -4.30948e-12 0)
(-1.37732e-11 -3.87089e-12 0)
(-1.42837e-11 -3.41499e-12 0)
(-1.47261e-11 -2.92285e-12 0)
(-1.50998e-11 -2.42201e-12 0)
(-1.53995e-11 -1.89156e-12 0)
(-1.56251e-11 -1.35981e-12 0)
(-1.57735e-11 -8.03689e-13 0)
(-1.58469e-11 -2.54383e-13 0)
(-1.58432e-11 3.11118e-13 0)
(-1.57642e-11 8.5892e-13 0)
(-1.56087e-11 1.41374e-12 0)
(-1.53781e-11 1.94184e-12 0)
(-1.50723e-11 2.46977e-12 0)
(-1.46946e-11 2.96447e-12 0)
(-1.42473e-11 3.45243e-12 0)
(-1.37345e-11 3.90029e-12 0)
(-1.31596e-11 4.33396e-12 0)
(-1.25259e-11 4.72174e-12 0)
(-1.18402e-11 5.0851e-12 0)
(-1.11065e-11 5.39571e-12 0)
(-1.03314e-11 5.67406e-12 0)
(-9.52017e-12 5.89265e-12 0)
(-8.68253e-12 6.06928e-12 0)
(-7.82352e-12 6.17891e-12 0)
(-6.95369e-12 6.23584e-12 0)
(-6.08054e-12 6.21807e-12 0)
(-5.21786e-12 6.13456e-12 0)
(-4.37e-12 5.96784e-12 0)
(-3.55688e-12 5.72273e-12 0)
(-2.7907e-12 5.37673e-12 0)
(-2.07003e-12 4.93326e-12 0)
(-1.43516e-12 4.38555e-12 0)
(-9.14382e-13 3.68743e-12 0)
(-4.53818e-13 2.86075e-12 0)
(-1.61441e-13 1.86199e-12 0)
(-2.55043e-16 7.20783e-13 0)
(-5.42864e-15 -6.39726e-13 0)
(-1.92813e-13 -1.62547e-12 0)
(-5.28099e-13 -2.49067e-12 0)
(-1.02772e-12 -3.19811e-12 0)
(-1.6447e-12 -3.78222e-12 0)
(-2.36042e-12 -4.25334e-12 0)
(-3.16344e-12 -4.62734e-12 0)
(-4.02715e-12 -4.91543e-12 0)
(-4.93852e-12 -5.1229e-12 0)
(-5.88419e-12 -5.25934e-12 0)
(-6.84984e-12 -5.32735e-12 0)
(-7.82162e-12 -5.33608e-12 0)
(-8.79128e-12 -5.28456e-12 0)
(-9.74599e-12 -5.18417e-12 0)
(-1.06787e-11 -5.03011e-12 0)
(-1.15781e-11 -4.83664e-12 0)
(-1.24391e-11 -4.59483e-12 0)
(-1.32515e-11 -4.32307e-12 0)
(-1.4012e-11 -4.00787e-12 0)
(-1.47112e-11 -3.67182e-12 0)
(-1.53472e-11 -3.29689e-12 0)
(-1.59119e-11 -2.91022e-12 0)
(-1.64041e-11 -2.48914e-12 0)
(-1.68179e-11 -2.06596e-12 0)
(-1.71517e-11 -1.61209e-12 0)
(-1.74008e-11 -1.16301e-12 0)
(-1.7566e-11 -6.8479e-13 0)
(-1.76456e-11 -2.18817e-13 0)
(-1.76419e-11 2.69308e-13 0)
(-1.75531e-11 7.33335e-13 0)
(-1.73804e-11 1.2109e-12 0)
(-1.71235e-11 1.65446e-12 0)
(-1.67845e-11 2.1078e-12 0)
(-1.63652e-11 2.52332e-12 0)
(-1.58689e-11 2.9445e-12 0)
(-1.52993e-11 3.32039e-12 0)
(-1.46596e-11 3.69602e-12 0)
(-1.39583e-11 4.01886e-12 0)
(-1.31973e-11 4.33466e-12 0)
(-1.23834e-11 4.59351e-12 0)
(-1.15226e-11 4.83695e-12 0)
(-1.0624e-11 5.01631e-12 0)
(-9.69316e-12 5.17259e-12 0)
(-8.7422e-12 5.26021e-12 0)
(-7.77629e-12 5.31454e-12 0)
(-6.80904e-12 5.29412e-12 0)
(-5.84837e-12 5.23053e-12 0)
(-4.90966e-12 5.08502e-12 0)
(-4.0018e-12 4.88084e-12 0)
(-3.14251e-12 4.5879e-12 0)
(-2.3507e-12 4.22306e-12 0)
(-1.64233e-12 3.74258e-12 0)
(-1.01029e-12 3.17031e-12 0)
(-5.29096e-13 2.47254e-12 0)
(-2.02834e-13 1.60647e-12 0)
(-5.37003e-15 6.33822e-13 0)
(-2.7648e-16 -5.3829e-13 0)
(-2.27078e-13 -1.34279e-12 0)
(-6.01331e-13 -2.03841e-12 0)
(-1.16197e-12 -2.60781e-12 0)
(-1.85241e-12 -3.0701e-12 0)
(-2.64724e-12 -3.44659e-12 0)
(-3.53497e-12 -3.74587e-12 0)
(-4.4873e-12 -3.97283e-12 0)
(-5.48981e-12 -4.14108e-12 0)
(-6.52904e-12 -4.24751e-12 0)
(-7.58864e-12 -4.30493e-12 0)
(-8.65529e-12 -4.30734e-12 0)
(-9.71866e-12 -4.271e-12 0)
(-1.07659e-11 -4.18363e-12 0)
(-1.17882e-11 -4.06678e-12 0)
(-1.27748e-11 -3.90188e-12 0)
(-1.37186e-11 -3.71697e-12 0)
(-1.46099e-11 -3.48596e-12 0)
(-1.54433e-11 -3.24447e-12 0)
(-1.62106e-11 -2.95818e-12 0)
(-1.69076e-11 -2.67129e-12 0)
(-1.75275e-11 -2.34113e-12 0)
(-1.80681e-11 -2.02006e-12 0)
(-1.85227e-11 -1.65775e-12 0)
(-1.88895e-11 -1.31394e-12 0)
(-1.91628e-11 -9.29313e-13 0)
(-1.93436e-11 -5.66553e-13 0)
(-1.9431e-11 -1.63645e-13 0)
(-1.94266e-11 2.05701e-13 0)
(-1.93293e-11 6.07737e-13 0)
(-1.91405e-11 9.64355e-13 0)
(-1.8858e-11 1.34839e-12 0)
(-1.84834e-11 1.6841e-12 0)
(-1.80206e-11 2.04764e-12 0)
(-1.74748e-11 2.3587e-12 0)
(-1.68491e-11 2.69231e-12 0)
(-1.61492e-11 2.96738e-12 0)
(-1.53785e-11 3.25771e-12 0)
(-1.45421e-11 3.48773e-12 0)
(-1.36494e-11 3.72353e-12 0)
(-1.27069e-11 3.8951e-12 0)
(-1.17217e-11 4.06586e-12 0)
(-1.07014e-11 4.16868e-12 0)
(-9.65812e-12 4.26127e-12 0)
(-8.59926e-12 4.28506e-12 0)
(-7.53722e-12 4.28837e-12 0)
(-6.48401e-12 4.22003e-12 0)
(-5.45293e-12 4.11898e-12 0)
(-4.45549e-12 3.9442e-12 0)
(-3.51003e-12 3.72225e-12 0)
(-2.62767e-12 3.41739e-12 0)
(-1.83962e-12 3.049e-12 0)
(-1.16061e-12 2.58985e-12 0)
(-5.98201e-13 2.01369e-12 0)
(-2.21851e-13 1.33619e-12 0)
(-3.97214e-16 5.31282e-13 0)
(-1.20999e-14 -4.17043e-13 0)
(-2.61647e-13 -1.01854e-12 0)
(-6.89784e-13 -1.52724e-12 0)
(-1.31261e-12 -1.94759e-12 0)
(-2.07255e-12 -2.28448e-12 0)
(-2.94794e-12 -2.56157e-12 0)
(-3.91527e-12 -2.78098e-12 0)
(-4.95518e-12 -2.94968e-12 0)
(-6.04756e-12 -3.07223e-12 0)
(-7.1783e-12 -3.15279e-12 0)
(-8.32966e-12 -3.19287e-12 0)
(-9.4904e-12 -3.19779e-12 0)
(-1.06448e-11 -3.16746e-12 0)
(-1.17842e-11 -3.10697e-12 0)
(-1.28938e-11 -3.01567e-12 0)
(-1.39676e-11 -2.89911e-12 0)
(-1.49917e-11 -2.75576e-12 0)
(-1.59621e-11 -2.59146e-12 0)
(-1.68662e-11 -2.40438e-12 0)
(-1.77019e-11 -2.2009e-12 0)
(-1.8458e-11 -1.97824e-12 0)
(-1.91336e-11 -1.74354e-12 0)
(-1.97189e-11 -1.49394e-12 0)
(-2.02155e-11 -1.2371e-12 0)
(-2.06147e-11 -9.7147e-13 0)
(-2.09157e-11 -7.00753e-13 0)
(-2.11135e-11 -4.17556e-13 0)
(-2.12114e-11 -1.30062e-13 0)
(-2.12057e-11 1.61107e-13 0)
(-2.10994e-11 4.47063e-13 0)
(-2.08895e-11 7.28108e-13 0)
(-2.0579e-11 9.9642e-13 0)
(-2.01692e-11 1.25994e-12 0)
(-1.96653e-11 1.51443e-12 0)
(-1.90703e-11 1.76111e-12 0)
(-1.83888e-11 1.99312e-12 0)
(-1.76261e-11 2.21198e-12 0)
(-1.67862e-11 2.41347e-12 0)
(-1.58796e-11 2.59577e-12 0)
(-1.49089e-11 2.75814e-12 0)
(-1.38839e-11 2.89739e-12 0)
(-1.28122e-11 3.01162e-12 0)
(-1.17063e-11 3.09829e-12 0)
(-1.0571e-11 3.15705e-12 0)
(-9.42209e-12 3.18341e-12 0)
(-8.26703e-12 3.17756e-12 0)
(-7.12421e-12 3.13379e-12 0)
(-5.99969e-12 3.05381e-12 0)
(-4.91523e-12 2.92881e-12 0)
(-3.88307e-12 2.76124e-12 0)
(-2.92836e-12 2.54171e-12 0)
(-2.0563e-12 2.26617e-12 0)
(-1.30115e-12 1.92865e-12 0)
(-6.87154e-13 1.51873e-12 0)
(-2.64007e-13 1.00786e-12 0)
(-1.37187e-14 4.13037e-13 0)
(-1.04464e-14 -2.65773e-13 0)
(-3.22245e-13 -6.35955e-13 0)
(-7.96208e-13 -9.54303e-13 0)
(-1.48309e-12 -1.20628e-12 0)
(-2.31118e-12 -1.41749e-12 0)
(-3.26154e-12 -1.59037e-12 0)
(-4.31001e-12 -1.72746e-12 0)
(-5.43239e-12 -1.83334e-12 0)
(-6.61168e-12 -1.9089e-12 0)
(-7.83099e-12 -1.96041e-12 0)
(-9.07431e-12 -1.98486e-12 0)
(-1.03254e-11 -1.98948e-12 0)
(-1.15724e-11 -1.96882e-12 0)
(-1.28004e-11 -1.93347e-12 0)
(-1.39996e-11 -1.87424e-12 0)
(-1.51569e-11 -1.80468e-12 0)
(-1.62642e-11 -1.7117e-12 0)
(-1.73101e-11 -1.61376e-12 0)
(-1.82884e-11 -1.49259e-12 0)
(-1.91888e-11 -1.37171e-12 0)
(-2.00067e-11 -1.22766e-12 0)
(-2.07341e-11 -1.08897e-12 0)
(-2.13676e-11 -9.27324e-13 0)
(-2.19011e-11 -7.7748e-13 0)
(-2.23347e-11 -6.11263e-13 0)
(-2.26634e-11 -4.5915e-13 0)
(-2.28853e-11 -2.7229e-13 0)
(-2.29922e-11 -9.31364e-14 0)
(-2.2986e-11 1.11386e-13 0)
(-2.28649e-11 2.90039e-13 0)
(-2.26322e-11 4.7975e-13 0)
(-2.22919e-11 6.31475e-13 0)
(-2.18475e-11 8.03418e-13 0)
(-2.13026e-11 9.48726e-13 0)
(-2.06607e-11 1.11267e-12 0)
(-1.99256e-11 1.24327e-12 0)
(-1.91017e-11 1.38959e-12 0)
(-1.81972e-11 1.50052e-12 0)
(-1.72146e-11 1.62337e-12 0)
(-1.61659e-11 1.71019e-12 0)
(-1.50603e-11 1.8049e-12 0)
(-1.39054e-11 1.86345e-12 0)
(-1.27088e-11 1.92737e-12 0)
(-1.14856e-11 1.95363e-12 0)
(-1.02444e-11 1.97869e-12 0)
(-9.00025e-12 1.96586e-12 0)
(-7.76478e-12 1.94651e-12 0)
(-6.55569e-12 1.88868e-12 0)
(-5.3847e-12 1.81678e-12 0)
(-4.27079e-12 1.70558e-12 0)
(-3.23124e-12 1.57244e-12 0)
(-2.29222e-12 1.40109e-12 0)
(-1.47083e-12 1.19338e-12 0)
(-7.88134e-13 9.43061e-13 0)
(-3.18947e-13 6.30097e-13 0)
(-1.03272e-14 2.64128e-13 0)
(-4.41083e-14 -9.29034e-14 0)
(-3.49769e-13 -2.25353e-13 0)
(-8.83912e-13 -3.30884e-13 0)
(-1.62926e-12 -4.2608e-13 0)
(-2.52786e-12 -4.94991e-13 0)
(-3.54906e-12 -5.53367e-13 0)
(-4.67404e-12 -6.00101e-13 0)
(-5.88031e-12 -6.36662e-13 0)
(-7.14783e-12 -6.63885e-13 0)
(-8.45784e-12 -6.80889e-13 0)
(-9.79239e-12 -6.89397e-13 0)
(-1.11363e-11 -6.90366e-13 0)
(-1.24749e-11 -6.84335e-13 0)
(-1.37944e-11 -6.70703e-13 0)
(-1.50814e-11 -6.51103e-13 0)
(-1.63248e-11 -6.25421e-13 0)
(-1.75133e-11 -5.95242e-13 0)
(-1.86373e-11 -5.58918e-13 0)
(-1.96872e-11 -5.19545e-13 0)
(-2.06553e-11 -4.74621e-13 0)
(-2.15338e-11 -4.2766e-13 0)
(-2.23169e-11 -3.75382e-13 0)
(-2.29984e-11 -3.21925e-13 0)
(-2.35704e-11 -2.52377e-13 0)
(-2.40317e-11 -1.82297e-13 0)
(-2.43849e-11 -1.16682e-13 0)
(-2.46257e-11 -5.78137e-14 0)
(-2.47408e-11 -1.17473e-14 0)
(-2.4734e-11 1.88414e-14 0)
(-2.46056e-11 6.60864e-14 0)
(-2.43513e-11 1.24363e-13 0)
(-2.39847e-11 1.91254e-13 0)
(-2.35106e-11 2.6049e-13 0)
(-2.29253e-11 3.27686e-13 0)
(-2.22322e-11 3.79606e-13 0)
(-2.14391e-11 4.32047e-13 0)
(-2.05521e-11 4.77132e-13 0)
(-1.95771e-11 5.22244e-13 0)
(-1.85238e-11 5.58476e-13 0)
(-1.73991e-11 5.95595e-13 0)
(-1.62105e-11 6.24239e-13 0)
(-1.49688e-11 6.50848e-13 0)
(-1.36863e-11 6.66774e-13 0)
(-1.23733e-11 6.81237e-13 0)
(-1.10422e-11 6.85395e-13 0)
(-9.70653e-12 6.85368e-13 0)
(-8.38203e-12 6.73996e-13 0)
(-7.08238e-12 6.59061e-13 0)
(-5.82483e-12 6.31026e-13 0)
(-4.63001e-12 5.9436e-13 0)
(-3.51731e-12 5.46928e-13 0)
(-2.50577e-12 4.89765e-13 0)
(-1.61597e-12 4.20542e-13 0)
(-8.80959e-13 3.25667e-13 0)
(-3.51303e-13 2.26558e-13 0)
(-4.4762e-14 9.32537e-14 0)
)
;

boundaryField
{
    top
    {
        type            slip;
    }
    bottom
    {
        type            slip;
    }
    rotatingWall
    {
        type            rotatingWallVelocity;
        origin          (0 0 0);
        axis            (0 1 0);
        omega           constant 1140;
        value           uniform (0 0 0);
    }
    wall
    {
        type            rotatingWallVelocity;
        origin          (0 0 0);
        axis            (0 1 0);
        omega           constant 0;
        value           uniform (0 -0 -0);
    }
    frontAndBack
    {
        type            empty;
    }
}


// ************************************************************************* //
