/*--------------------------------*- C++ -*----------------------------------*\
| =========                 |                                                 |
| \\      /  F ield         | OpenFOAM: The Open Source CFD Toolbox           |
|  \\    /   O peration     | Version:  5.0                                   |
|   \\  /    A nd           | Web:      www.OpenFOAM.org                      |
|    \\/     M anipulation  |                                                 |
\*---------------------------------------------------------------------------*/
FoamFile
{
    version     2.0;
    format      ascii;
    class       volVectorField;
    location    "13";
    object      U;
}
// * * * * * * * * * * * * * * * * * * * * * * * * * * * * * * * * * * * * * //

dimensions      [0 1 -1 0 0 0 0];

internalField   nonuniform List<vector> 
1568
(
(-7.50523e-08 2.88878e-07 0)
(-2.45114e-06 -1.24184e-07 0)
(-3.84306e-06 -4.78656e-07 0)
(2.71651e-07 -5.774e-07 0)
(4.6255e-06 -1.00649e-06 0)
(8.14237e-06 -6.56506e-07 0)
(1.05756e-05 -2.03615e-07 0)
(1.18661e-05 -4.76671e-08 0)
(1.2291e-05 -5.8231e-08 0)
(1.2277e-05 -1.11549e-08 0)
(1.20051e-05 4.62942e-08 0)
(1.16134e-05 7.44663e-08 0)
(1.12057e-05 8.22168e-08 0)
(1.08453e-05 6.66807e-08 0)
(1.05564e-05 4.32226e-08 0)
(1.03576e-05 9.66116e-09 0)
(1.02336e-05 -3.3016e-08 0)
(1.01568e-05 -8.09234e-08 0)
(1.013e-05 -1.20438e-07 0)
(1.01567e-05 -1.3687e-07 0)
(1.0211e-05 -1.36715e-07 0)
(1.02756e-05 -1.29627e-07 0)
(1.03392e-05 -1.16276e-07 0)
(1.0393e-05 -9.9173e-08 0)
(1.04297e-05 -7.9426e-08 0)
(1.04464e-05 -6.05352e-08 0)
(1.04458e-05 -4.14318e-08 0)
(1.04249e-05 -2.31117e-08 0)
(1.03793e-05 -1.39025e-10 0)
(1.02972e-05 2.38894e-08 0)
(1.01705e-05 5.34035e-08 0)
(1.00107e-05 8.41622e-08 0)
(9.82559e-06 1.14478e-07 0)
(9.61456e-06 1.40653e-07 0)
(9.37668e-06 1.69388e-07 0)
(9.11793e-06 1.96371e-07 0)
(8.83706e-06 2.20497e-07 0)
(8.53359e-06 2.41717e-07 0)
(8.21044e-06 2.65921e-07 0)
(7.86795e-06 2.96033e-07 0)
(7.50512e-06 3.30308e-07 0)
(7.12444e-06 3.5806e-07 0)
(6.72567e-06 3.82724e-07 0)
(6.30402e-06 4.06424e-07 0)
(5.85476e-06 4.31026e-07 0)
(5.37324e-06 4.5588e-07 0)
(4.85456e-06 4.79885e-07 0)
(4.29551e-06 4.98855e-07 0)
(3.70277e-06 5.1224e-07 0)
(3.0963e-06 5.24456e-07 0)
(2.49795e-06 5.48056e-07 0)
(1.90728e-06 5.83251e-07 0)
(1.32126e-06 5.96223e-07 0)
(7.21349e-07 5.36954e-07 0)
(2.76444e-07 3.40184e-07 0)
(2.62787e-08 7.50714e-08 0)
(-1.95794e-07 -6.9708e-07 0)
(4.32306e-06 3.59695e-06 0)
(3.62135e-06 -2.57286e-06 0)
(4.35811e-06 -5.53314e-06 0)
(5.35671e-06 -5.36275e-06 0)
(6.22019e-06 -4.3599e-06 0)
(7.11489e-06 -2.93984e-06 0)
(7.92021e-06 -1.50644e-06 0)
(8.52833e-06 -4.60441e-07 0)
(8.91923e-06 1.2631e-07 0)
(9.11366e-06 4.43989e-07 0)
(9.13554e-06 5.66215e-07 0)
(9.06301e-06 5.60287e-07 0)
(8.96601e-06 4.93883e-07 0)
(8.84574e-06 3.90405e-07 0)
(8.72692e-06 2.81448e-07 0)
(8.62803e-06 1.97936e-07 0)
(8.55634e-06 1.32019e-07 0)
(8.51253e-06 6.53184e-08 0)
(8.49667e-06 7.70184e-09 0)
(8.49737e-06 -2.79416e-08 0)
(8.50931e-06 -3.92497e-08 0)
(8.52497e-06 -3.79452e-08 0)
(8.53863e-06 -2.30021e-08 0)
(8.54459e-06 -3.25448e-09 0)
(8.53867e-06 2.07915e-08 0)
(8.51859e-06 4.37629e-08 0)
(8.48099e-06 7.59643e-08 0)
(8.42452e-06 1.13565e-07 0)
(8.34928e-06 1.69329e-07 0)
(8.25044e-06 2.1457e-07 0)
(8.12776e-06 2.54112e-07 0)
(7.9809e-06 2.8186e-07 0)
(7.811e-06 3.17133e-07 0)
(7.6196e-06 3.41548e-07 0)
(7.4082e-06 3.66149e-07 0)
(7.17943e-06 3.89385e-07 0)
(6.93659e-06 4.16565e-07 0)
(6.67996e-06 4.34781e-07 0)
(6.40891e-06 4.56314e-07 0)
(6.12202e-06 4.73893e-07 0)
(5.81413e-06 4.94234e-07 0)
(5.48133e-06 5.19931e-07 0)
(5.12633e-06 5.54529e-07 0)
(4.74832e-06 5.92074e-07 0)
(4.34601e-06 6.38481e-07 0)
(3.92097e-06 6.87888e-07 0)
(3.47093e-06 7.3877e-07 0)
(2.99717e-06 7.76995e-07 0)
(2.50559e-06 7.90619e-07 0)
(2.00697e-06 7.79458e-07 0)
(1.50592e-06 7.49962e-07 0)
(1.00588e-06 6.97878e-07 0)
(5.39537e-07 5.92966e-07 0)
(4.16489e-07 4.32152e-07 0)
(-1.64769e-07 2.44796e-07 0)
(-9.20124e-08 -2.51186e-06 0)
(2.00575e-06 -4.45794e-07 0)
(2.02268e-06 -3.07911e-06 0)
(2.53228e-06 -4.79953e-06 0)
(3.12351e-06 -5.00872e-06 0)
(3.69146e-06 -4.25081e-06 0)
(4.37021e-06 -3.11521e-06 0)
(5.09839e-06 -1.96077e-06 0)
(5.76114e-06 -1.0087e-06 0)
(6.28101e-06 -3.21639e-07 0)
(6.64818e-06 1.31922e-07 0)
(6.85704e-06 3.85853e-07 0)
(6.96132e-06 4.7339e-07 0)
(6.99516e-06 4.64901e-07 0)
(6.96585e-06 4.02442e-07 0)
(6.90801e-06 3.15627e-07 0)
(6.84061e-06 2.24432e-07 0)
(6.77595e-06 1.35992e-07 0)
(6.71781e-06 5.50016e-08 0)
(6.66838e-06 -8.92657e-09 0)
(6.62804e-06 -4.90297e-08 0)
(6.59791e-06 -6.62573e-08 0)
(6.57431e-06 -6.37725e-08 0)
(6.55281e-06 -4.60214e-08 0)
(6.53074e-06 -1.69568e-08 0)
(6.50426e-06 1.87425e-08 0)
(6.46939e-06 6.0362e-08 0)
(6.42317e-06 1.08538e-07 0)
(6.36438e-06 1.65478e-07 0)
(6.29374e-06 2.29755e-07 0)
(6.21075e-06 2.96634e-07 0)
(6.11481e-06 3.60604e-07 0)
(6.00563e-06 4.21053e-07 0)
(5.88329e-06 4.77528e-07 0)
(5.7473e-06 5.29932e-07 0)
(5.59716e-06 5.77426e-07 0)
(5.43356e-06 6.21887e-07 0)
(5.25766e-06 6.63483e-07 0)
(5.07008e-06 7.04571e-07 0)
(4.86949e-06 7.46978e-07 0)
(4.65394e-06 7.92826e-07 0)
(4.42081e-06 8.43026e-07 0)
(4.16855e-06 8.98542e-07 0)
(3.89665e-06 9.58519e-07 0)
(3.60443e-06 1.02413e-06 0)
(3.28968e-06 1.09364e-06 0)
(2.95128e-06 1.16496e-06 0)
(2.58858e-06 1.2332e-06 0)
(2.20563e-06 1.29035e-06 0)
(1.81549e-06 1.32965e-06 0)
(1.43364e-06 1.34852e-06 0)
(1.06047e-06 1.33775e-06 0)
(7.04723e-07 1.25633e-06 0)
(3.53241e-07 1.05659e-06 0)
(2.77552e-07 7.34093e-07 0)
(-1.99414e-07 3.73533e-07 0)
(-1.25534e-07 -2.86196e-06 0)
(3.78541e-07 -1.31116e-06 0)
(8.1044e-07 -3.76345e-06 0)
(1.26481e-06 -5.19445e-06 0)
(1.54287e-06 -5.47095e-06 0)
(1.92028e-06 -4.89247e-06 0)
(2.36886e-06 -3.85372e-06 0)
(2.92122e-06 -2.69838e-06 0)
(3.48657e-06 -1.65714e-06 0)
(3.99053e-06 -8.29854e-07 0)
(4.39703e-06 -2.31596e-07 0)
(4.69355e-06 1.50936e-07 0)
(4.88543e-06 3.51608e-07 0)
(4.9937e-06 4.2642e-07 0)
(5.03277e-06 4.20025e-07 0)
(5.01896e-06 3.64699e-07 0)
(4.97755e-06 2.85942e-07 0)
(4.91983e-06 1.99752e-07 0)
(4.85361e-06 1.16902e-07 0)
(4.78486e-06 4.89018e-08 0)
(4.7188e-06 2.24288e-09 0)
(4.65839e-06 -2.12144e-08 0)
(4.60483e-06 -2.32849e-08 0)
(4.55549e-06 -7.37307e-09 0)
(4.50957e-06 2.17361e-08 0)
(4.46463e-06 6.14468e-08 0)
(4.41781e-06 1.09336e-07 0)
(4.36681e-06 1.66325e-07 0)
(4.31083e-06 2.31669e-07 0)
(4.25013e-06 3.05071e-07 0)
(4.18474e-06 3.8159e-07 0)
(4.11488e-06 4.58178e-07 0)
(4.04084e-06 5.31172e-07 0)
(3.96175e-06 5.99994e-07 0)
(3.87588e-06 6.62411e-07 0)
(3.78214e-06 7.19577e-07 0)
(3.68026e-06 7.71802e-07 0)
(3.56999e-06 8.21884e-07 0)
(3.45103e-06 8.70981e-07 0)
(3.32243e-06 9.22306e-07 0)
(3.18207e-06 9.77634e-07 0)
(3.02789e-06 1.03977e-06 0)
(2.85915e-06 1.10925e-06 0)
(2.67522e-06 1.18698e-06 0)
(2.4744e-06 1.27173e-06 0)
(2.25438e-06 1.36171e-06 0)
(2.0126e-06 1.45234e-06 0)
(1.74877e-06 1.53751e-06 0)
(1.46948e-06 1.60777e-06 0)
(1.1904e-06 1.65444e-06 0)
(9.28454e-07 1.66563e-06 0)
(6.83278e-07 1.62363e-06 0)
(4.4813e-07 1.4947e-06 0)
(2.11531e-07 1.24259e-06 0)
(1.89008e-07 8.51451e-07 0)
(-1.65817e-07 4.45951e-07 0)
(-1.88851e-07 -2.47116e-06 0)
(-1.83648e-07 -1.94815e-06 0)
(1.85494e-07 -4.08088e-06 0)
(3.0749e-07 -5.29683e-06 0)
(4.45214e-07 -5.61045e-06 0)
(5.74315e-07 -5.1937e-06 0)
(8.20839e-07 -4.31112e-06 0)
(1.18547e-06 -3.24707e-06 0)
(1.61026e-06 -2.21054e-06 0)
(2.03215e-06 -1.32289e-06 0)
(2.40636e-06 -6.32863e-07 0)
(2.70756e-06 -1.4827e-07 0)
(2.92503e-06 1.51979e-07 0)
(3.05979e-06 3.09509e-07 0)
(3.13068e-06 3.6934e-07 0)
(3.14427e-06 3.60375e-07 0)
(3.11756e-06 3.10821e-07 0)
(3.06402e-06 2.41446e-07 0)
(2.99263e-06 1.68489e-07 0)
(2.91171e-06 1.04415e-07 0)
(2.82822e-06 5.75521e-08 0)
(2.74699e-06 3.08939e-08 0)
(2.6707e-06 2.49474e-08 0)
(2.60014e-06 3.72266e-08 0)
(2.53558e-06 6.50241e-08 0)
(2.47641e-06 1.05143e-07 0)
(2.42108e-06 1.56024e-07 0)
(2.36824e-06 2.16328e-07 0)
(2.3174e-06 2.85431e-07 0)
(2.26881e-06 3.61185e-07 0)
(2.22269e-06 4.40961e-07 0)
(2.17913e-06 5.21273e-07 0)
(2.13801e-06 5.99522e-07 0)
(2.09837e-06 6.73234e-07 0)
(2.05859e-06 7.4172e-07 0)
(2.01734e-06 8.05098e-07 0)
(1.9737e-06 8.64923e-07 0)
(1.9267e-06 9.22891e-07 0)
(1.87537e-06 9.81848e-07 0)
(1.81834e-06 1.04406e-06 0)
(1.7537e-06 1.11231e-06 0)
(1.67971e-06 1.18861e-06 0)
(1.59543e-06 1.27458e-06 0)
(1.49973e-06 1.36969e-06 0)
(1.39095e-06 1.47275e-06 0)
(1.26672e-06 1.58032e-06 0)
(1.12462e-06 1.68738e-06 0)
(9.64546e-07 1.78608e-06 0)
(7.94513e-07 1.86582e-06 0)
(6.28091e-07 1.91324e-06 0)
(4.8901e-07 1.91638e-06 0)
(3.54024e-07 1.85516e-06 0)
(2.29379e-07 1.69315e-06 0)
(8.56716e-08 1.39746e-06 0)
(9.12761e-08 9.48279e-07 0)
(-1.31903e-07 4.84063e-07 0)
(-1.68505e-07 -2.00193e-06 0)
(-3.72982e-07 -2.24513e-06 0)
(-1.72907e-07 -4.11334e-06 0)
(-3.03284e-07 -5.21787e-06 0)
(-3.24518e-07 -5.57639e-06 0)
(-4.18164e-07 -5.28511e-06 0)
(-3.539e-07 -4.54786e-06 0)
(-1.73945e-07 -3.59114e-06 0)
(9.23434e-08 -2.60191e-06 0)
(3.9475e-07 -1.70594e-06 0)
(6.89282e-07 -9.6966e-07 0)
(9.44403e-07 -4.16218e-07 0)
(1.14097e-06 -3.74738e-08 0)
(1.27218e-06 1.94776e-07 0)
(1.3428e-06 3.15631e-07 0)
(1.36071e-06 3.56304e-07 0)
(1.33656e-06 3.43476e-07 0)
(1.28128e-06 2.99637e-07 0)
(1.2039e-06 2.43047e-07 0)
(1.11309e-06 1.87827e-07 0)
(1.01644e-06 1.43183e-07 0)
(9.19714e-07 1.14314e-07 0)
(8.2695e-07 1.03037e-07 0)
(7.40695e-07 1.09029e-07 0)
(6.62536e-07 1.30402e-07 0)
(5.93156e-07 1.65091e-07 0)
(5.32397e-07 2.10895e-07 0)
(4.79778e-07 2.66488e-07 0)
(4.35282e-07 3.30101e-07 0)
(3.99241e-07 3.99986e-07 0)
(3.71858e-07 4.73294e-07 0)
(3.53209e-07 5.47565e-07 0)
(3.43138e-07 6.2025e-07 0)
(3.40646e-07 6.90006e-07 0)
(3.44163e-07 7.56027e-07 0)
(3.52171e-07 8.19003e-07 0)
(3.63293e-07 8.79964e-07 0)
(3.76207e-07 9.41092e-07 0)
(3.89457e-07 1.00476e-06 0)
(4.01381e-07 1.07379e-06 0)
(4.09992e-07 1.15049e-06 0)
(4.13581e-07 1.23709e-06 0)
(4.10962e-07 1.33451e-06 0)
(4.00962e-07 1.44248e-06 0)
(3.8192e-07 1.55894e-06 0)
(3.51689e-07 1.68007e-06 0)
(3.07947e-07 1.79946e-06 0)
(2.5075e-07 1.90822e-06 0)
(1.89704e-07 1.99506e-06 0)
(1.34717e-07 2.04609e-06 0)
(1.00276e-07 2.04345e-06 0)
(7.1443e-08 1.96271e-06 0)
(3.84817e-08 1.77921e-06 0)
(-1.88348e-08 1.46086e-06 0)
(2.19334e-08 9.88551e-07 0)
(-1.0776e-07 4.85064e-07 0)
(-1.94525e-07 -1.58817e-06 0)
(-4.33369e-07 -2.31243e-06 0)
(-3.86763e-07 -3.99063e-06 0)
(-6.48433e-07 -5.00577e-06 0)
(-8.72276e-07 -5.37967e-06 0)
(-1.11459e-06 -5.18313e-06 0)
(-1.22579e-06 -4.57822e-06 0)
(-1.21702e-06 -3.73838e-06 0)
(-1.10919e-06 -2.82548e-06 0)
(-9.40619e-07 -1.95975e-06 0)
(-7.50569e-07 -1.21464e-06 0)
(-5.71354e-07 -6.24206e-07 0)
(-4.25731e-07 -1.92035e-07 0)
(-3.25942e-07 9.84823e-08 0)
(-2.74482e-07 2.73532e-07 0)
(-2.68893e-07 3.60565e-07 0)
(-3.01261e-07 3.84965e-07 0)
(-3.64684e-07 3.69181e-07 0)
(-4.50668e-07 3.3191e-07 0)
(-5.51161e-07 2.87806e-07 0)
(-6.5882e-07 2.47312e-07 0)
(-7.67442e-07 2.16907e-07 0)
(-8.72236e-07 2.00069e-07 0)
(-9.69679e-07 1.97764e-07 0)
(-1.05723e-06 2.09479e-07 0)
(-1.1332e-06 2.33771e-07 0)
(-1.19673e-06 2.68952e-07 0)
(-1.24737e-06 3.13323e-07 0)
(-1.28465e-06 3.6527e-07 0)
(-1.30814e-06 4.2278e-07 0)
(-1.31765e-06 4.837e-07 0)
(-1.31304e-06 5.45817e-07 0)
(-1.29442e-06 6.07345e-07 0)
(-1.26271e-06 6.67066e-07 0)
(-1.21951e-06 7.24809e-07 0)
(-1.16651e-06 7.81084e-07 0)
(-1.10534e-06 8.37318e-07 0)
(-1.03757e-06 8.9552e-07 0)
(-9.64905e-07 9.58291e-07 0)
(-8.89301e-07 1.02823e-06 0)
(-8.12795e-07 1.10784e-06 0)
(-7.37131e-07 1.199e-06 0)
(-6.63548e-07 1.30265e-06 0)
(-5.93287e-07 1.41815e-06 0)
(-5.2792e-07 1.54313e-06 0)
(-4.69681e-07 1.67298e-06 0)
(-4.21281e-07 1.80041e-06 0)
(-3.83222e-07 1.91528e-06 0)
(-3.49973e-07 2.00534e-06 0)
(-3.0048e-07 2.05585e-06 0)
(-2.32238e-07 2.04802e-06 0)
(-1.60167e-07 1.95867e-06 0)
(-1.14515e-07 1.76675e-06 0)
(-1.04582e-07 1.4494e-06 0)
(-3.11122e-08 9.78823e-07 0)
(-9.87687e-08 4.52135e-07 0)
(-1.18566e-07 -1.26305e-06 0)
(-3.37416e-07 -2.24043e-06 0)
(-4.68235e-07 -3.74097e-06 0)
(-8.25305e-07 -4.67121e-06 0)
(-1.22602e-06 -5.04941e-06 0)
(-1.59291e-06 -4.92977e-06 0)
(-1.85173e-06 -4.43943e-06 0)
(-1.99356e-06 -3.71535e-06 0)
(-2.03244e-06 -2.89318e-06 0)
(-1.9967e-06 -2.08204e-06 0)
(-1.91896e-06 -1.35596e-06 0)
(-1.82928e-06 -7.5531e-07 0)
(-1.75106e-06 -2.92899e-07 0)
(-1.69944e-06 3.80162e-08 0)
(-1.68149e-06 2.55289e-07 0)
(-1.69933e-06 3.81353e-07 0)
(-1.74904e-06 4.39014e-07 0)
(-1.82566e-06 4.49446e-07 0)
(-1.92261e-06 4.30816e-07 0)
(-2.03297e-06 3.97927e-07 0)
(-2.15003e-06 3.61826e-07 0)
(-2.26778e-06 3.30106e-07 0)
(-2.38114e-06 3.07236e-07 0)
(-2.48609e-06 2.95437e-07 0)
(-2.57944e-06 2.95165e-07 0)
(-2.65882e-06 3.05903e-07 0)
(-2.72262e-06 3.26437e-07 0)
(-2.76972e-06 3.55364e-07 0)
(-2.79924e-06 3.91e-07 0)
(-2.81052e-06 4.31626e-07 0)
(-2.80327e-06 4.755e-07 0)
(-2.77739e-06 5.21077e-07 0)
(-2.73304e-06 5.66894e-07 0)
(-2.67102e-06 6.12069e-07 0)
(-2.5929e-06 6.56493e-07 0)
(-2.50043e-06 7.01047e-07 0)
(-2.39533e-06 7.47278e-07 0)
(-2.2793e-06 7.97451e-07 0)
(-2.15426e-06 8.54095e-07 0)
(-2.02227e-06 9.19933e-07 0)
(-1.88542e-06 9.97395e-07 0)
(-1.74544e-06 1.08836e-06 0)
(-1.6036e-06 1.19351e-06 0)
(-1.46108e-06 1.31197e-06 0)
(-1.31945e-06 1.4409e-06 0)
(-1.18112e-06 1.57508e-06 0)
(-1.04917e-06 1.70646e-06 0)
(-9.24687e-07 1.82417e-06 0)
(-8.01763e-07 1.91443e-06 0)
(-6.62596e-07 1.96128e-06 0)
(-5.13651e-07 1.94976e-06 0)
(-3.59618e-07 1.86269e-06 0)
(-2.439e-07 1.67749e-06 0)
(-1.74814e-07 1.37383e-06 0)
(-4.72673e-08 9.34503e-07 0)
(-1.04769e-07 4.00944e-07 0)
(-3.93821e-08 -1.03317e-06 0)
(-3.03926e-07 -2.08437e-06 0)
(-5.13319e-07 -3.38815e-06 0)
(-9.39374e-07 -4.23091e-06 0)
(-1.43761e-06 -4.60653e-06 0)
(-1.90448e-06 -4.55391e-06 0)
(-2.27909e-06 -4.16458e-06 0)
(-2.54639e-06 -3.54978e-06 0)
(-2.71325e-06 -2.8227e-06 0)
(-2.79939e-06 -2.07981e-06 0)
(-2.8306e-06 -1.39185e-06 0)
(-2.83279e-06 -8.02159e-07 0)
(-2.82816e-06 -3.299e-07 0)
(-2.83306e-06 2.38915e-08 0)
(-2.85732e-06 2.70059e-07 0)
(-2.90549e-06 4.25652e-07 0)
(-2.97743e-06 5.09995e-07 0)
(-3.07035e-06 5.42198e-07 0)
(-3.17955e-06 5.39405e-07 0)
(-3.29948e-06 5.16024e-07 0)
(-3.42436e-06 4.83299e-07 0)
(-3.5487e-06 4.49395e-07 0)
(-3.6676e-06 4.19673e-07 0)
(-3.7768e-06 3.97143e-07 0)
(-3.8728e-06 3.8314e-07 0)
(-3.95278e-06 3.77898e-07 0)
(-4.01468e-06 3.80913e-07 0)
(-4.05699e-06 3.91079e-07 0)
(-4.07849e-06 4.06929e-07 0)
(-4.07822e-06 4.26973e-07 0)
(-4.0557e-06 4.50108e-07 0)
(-4.01094e-06 4.75362e-07 0)
(-3.94428e-06 5.0163e-07 0)
(-3.85654e-06 5.28197e-07 0)
(-3.74905e-06 5.55285e-07 0)
(-3.62342e-06 5.84001e-07 0)
(-3.48138e-06 6.1622e-07 0)
(-3.32479e-06 6.5427e-07 0)
(-3.15562e-06 7.00832e-07 0)
(-2.97598e-06 7.58613e-07 0)
(-2.7879e-06 8.30077e-07 0)
(-2.5931e-06 9.16955e-07 0)
(-2.39284e-06 1.01976e-06 0)
(-2.18827e-06 1.13729e-06 0)
(-1.98102e-06 1.2663e-06 0)
(-1.77376e-06 1.40103e-06 0)
(-1.5701e-06 1.53299e-06 0)
(-1.37183e-06 1.65104e-06 0)
(-1.17356e-06 1.74171e-06 0)
(-9.61858e-07 1.79066e-06 0)
(-7.36347e-07 1.78153e-06 0)
(-5.20511e-07 1.69873e-06 0)
(-3.44874e-07 1.52573e-06 0)
(-2.32191e-07 1.24987e-06 0)
(-4.98659e-08 8.50956e-07 0)
(-1.17157e-07 3.49535e-07 0)
(-4.42352e-08 -8.44091e-07 0)
(-2.75859e-07 -1.86792e-06 0)
(-5.43373e-07 -2.98255e-06 0)
(-1.00403e-06 -3.73124e-06 0)
(-1.55517e-06 -4.09204e-06 0)
(-2.08969e-06 -4.08764e-06 0)
(-2.54909e-06 -3.78372e-06 0)
(-2.91449e-06 -3.26806e-06 0)
(-3.18673e-06 -2.63404e-06 0)
(-3.37805e-06 -1.96557e-06 0)
(-3.50745e-06 -1.32799e-06 0)
(-3.5961e-06 -7.64817e-07 0)
(-3.66377e-06 -2.99375e-07 0)
(-3.72651e-06 6.17178e-08 0)
(-3.79539e-06 3.23508e-07 0)
(-3.87685e-06 4.98167e-07 0)
(-3.97313e-06 6.01336e-07 0)
(-4.08348e-06 6.49594e-07 0)
(-4.20499e-06 6.58544e-07 0)
(-4.33355e-06 6.41799e-07 0)
(-4.46448e-06 6.10433e-07 0)
(-4.59294e-06 5.72853e-07 0)
(-4.71447e-06 5.34994e-07 0)
(-4.82503e-06 5.0041e-07 0)
(-4.92094e-06 4.71009e-07 0)
(-4.9991e-06 4.47778e-07 0)
(-5.05726e-06 4.30906e-07 0)
(-5.09381e-06 4.19847e-07 0)
(-5.10731e-06 4.1319e-07 0)
(-5.09641e-06 4.09635e-07 0)
(-5.0604e-06 4.08927e-07 0)
(-4.99954e-06 4.10937e-07 0)
(-4.91448e-06 4.14484e-07 0)
(-4.80586e-06 4.19225e-07 0)
(-4.67475e-06 4.25754e-07 0)
(-4.5226e-06 4.35509e-07 0)
(-4.35112e-06 4.5053e-07 0)
(-4.16218e-06 4.73334e-07 0)
(-3.9578e-06 5.06654e-07 0)
(-3.74004e-06 5.53251e-07 0)
(-3.51083e-06 6.15506e-07 0)
(-3.27182e-06 6.95037e-07 0)
(-3.02426e-06 7.92153e-07 0)
(-2.76927e-06 9.05415e-07 0)
(-2.50859e-06 1.03124e-06 0)
(-2.24518e-06 1.1636e-06 0)
(-1.98314e-06 1.29388e-06 0)
(-1.72494e-06 1.41105e-06 0)
(-1.46615e-06 1.50221e-06 0)
(-1.19492e-06 1.55363e-06 0)
(-9.11334e-07 1.55096e-06 0)
(-6.43331e-07 1.48053e-06 0)
(-4.23179e-07 1.32977e-06 0)
(-2.75919e-07 1.08528e-06 0)
(-5.2917e-08 7.38124e-07 0)
(-1.27509e-07 2.96248e-07 0)
(-6.32486e-08 -6.77312e-07 0)
(-2.51225e-07 -1.61757e-06 0)
(-5.55945e-07 -2.55326e-06 0)
(-1.02922e-06 -3.20187e-06 0)
(-1.60511e-06 -3.53493e-06 0)
(-2.17944e-06 -3.56099e-06 0)
(-2.6958e-06 -3.3256e-06 0)
(-3.13287e-06 -2.89646e-06 0)
(-3.48679e-06 -2.34947e-06 0)
(-3.76366e-06 -1.75629e-06 0)
(-3.97621e-06 -1.17576e-06 0)
(-4.14079e-06 -6.49975e-07 0)
(-4.27417e-06 -2.04101e-07 0)
(-4.39103e-06 1.51301e-07 0)
(-4.50268e-06 4.16765e-07 0)
(-4.61656e-06 6.00252e-07 0)
(-4.73657e-06 7.13997e-07 0)
(-4.86358e-06 7.71894e-07 0)
(-4.99625e-06 7.87779e-07 0)
(-5.13181e-06 7.74115e-07 0)
(-5.26664e-06 7.41537e-07 0)
(-5.3967e-06 6.98415e-07 0)
(-5.51818e-06 6.50959e-07 0)
(-5.62747e-06 6.03021e-07 0)
(-5.72096e-06 5.56804e-07 0)
(-5.79532e-06 5.13937e-07 0)
(-5.84822e-06 4.75455e-07 0)
(-5.87826e-06 4.41407e-07 0)
(-5.88412e-06 4.10309e-07 0)
(-5.86376e-06 3.80723e-07 0)
(-5.81611e-06 3.53951e-07 0)
(-5.74214e-06 3.30798e-07 0)
(-5.64273e-06 3.09537e-07 0)
(-5.51815e-06 2.90187e-07 0)
(-5.36919e-06 2.73874e-07 0)
(-5.1972e-06 2.62345e-07 0)
(-5.00382e-06 2.57835e-07 0)
(-4.79092e-06 2.62965e-07 0)
(-4.56045e-06 2.8057e-07 0)
(-4.31437e-06 3.13393e-07 0)
(-4.05451e-06 3.63774e-07 0)
(-3.78239e-06 4.33198e-07 0)
(-3.49916e-06 5.21825e-07 0)
(-3.20598e-06 6.28025e-07 0)
(-2.90464e-06 7.48057e-07 0)
(-2.59838e-06 8.75817e-07 0)
(-2.29176e-06 1.00282e-06 0)
(-1.9879e-06 1.11843e-06 0)
(-1.68305e-06 1.21057e-06 0)
(-1.36653e-06 1.2666e-06 0)
(-1.03955e-06 1.27402e-06 0)
(-7.32586e-07 1.22157e-06 0)
(-4.79465e-07 1.09797e-06 0)
(-3.06048e-07 8.96196e-07 0)
(-5.74518e-08 6.04008e-07 0)
(-1.32114e-07 2.42021e-07 0)
(-7.99507e-08 -5.33567e-07 0)
(-2.1648e-07 -1.34951e-06 0)
(-5.52068e-07 -2.11625e-06 0)
(-1.02354e-06 -2.6629e-06 0)
(-1.60512e-06 -2.95781e-06 0)
(-2.19729e-06 -2.99881e-06 0)
(-2.74697e-06 -2.81577e-06 0)
(-3.23189e-06 -2.45965e-06 0)
(-3.64471e-06 -1.99126e-06 0)
(-3.98662e-06 -1.47078e-06 0)
(-4.26525e-06 -9.50059e-07 0)
(-4.49232e-06 -4.68455e-07 0)
(-4.68129e-06 -5.14582e-08 0)
(-4.84507e-06 2.8793e-07 0)
(-4.99441e-06 5.46932e-07 0)
(-5.13712e-06 7.30083e-07 0)
(-5.27801e-06 8.46505e-07 0)
(-5.41923e-06 9.07629e-07 0)
(-5.56074e-06 9.25379e-07 0)
(-5.70096e-06 9.11027e-07 0)
(-5.83724e-06 8.74378e-07 0)
(-5.96636e-06 8.23611e-07 0)
(-6.08512e-06 7.64943e-07 0)
(-6.19066e-06 7.0217e-07 0)
(-6.27976e-06 6.37557e-07 0)
(-6.34885e-06 5.73778e-07 0)
(-6.39549e-06 5.12718e-07 0)
(-6.41871e-06 4.55508e-07 0)
(-6.41737e-06 3.9994e-07 0)
(-6.38838e-06 3.43488e-07 0)
(-6.33094e-06 2.88297e-07 0)
(-6.24728e-06 2.38721e-07 0)
(-6.13775e-06 1.91344e-07 0)
(-6.00197e-06 1.46562e-07 0)
(-5.84072e-06 1.05967e-07 0)
(-5.65535e-06 7.16327e-08 0)
(-5.44748e-06 4.59853e-08 0)
(-5.21883e-06 3.17606e-08 0)
(-4.97124e-06 3.18226e-08 0)
(-4.70654e-06 4.893e-08 0)
(-4.42636e-06 8.53506e-08 0)
(-4.13208e-06 1.42471e-07 0)
(-3.82477e-06 2.20334e-07 0)
(-3.50553e-06 3.17232e-07 0)
(-3.17623e-06 4.29394e-07 0)
(-2.84031e-06 5.5084e-07 0)
(-2.50268e-06 6.73385e-07 0)
(-2.16697e-06 7.87047e-07 0)
(-1.83006e-06 8.80684e-07 0)
(-1.48199e-06 9.42982e-07 0)
(-1.12487e-06 9.63374e-07 0)
(-7.91429e-07 9.32463e-07 0)
(-5.15242e-07 8.42725e-07 0)
(-3.25811e-07 6.86006e-07 0)
(-6.79591e-08 4.61634e-07 0)
(-1.33669e-07 1.82941e-07 0)
(-9.10213e-08 -4.10073e-07 0)
(-1.92875e-07 -1.07702e-06 0)
(-5.38923e-07 -1.68312e-06 0)
(-9.96514e-07 -2.12876e-06 0)
(-1.56904e-06 -2.37824e-06 0)
(-2.16164e-06 -2.42147e-06 0)
(-2.72493e-06 -2.27634e-06 0)
(-3.23675e-06 -1.98013e-06 0)
(-3.68753e-06 -1.58081e-06 0)
(-4.07474e-06 -1.12823e-06 0)
(-4.40174e-06 -6.67248e-07 0)
(-4.67631e-06 -2.33523e-07 0)
(-4.90877e-06 1.48199e-07 0)
(-5.10998e-06 4.63771e-07 0)
(-5.28966e-06 7.08137e-07 0)
(-5.45548e-06 8.83168e-07 0)
(-5.61274e-06 9.95357e-07 0)
(-5.7644e-06 1.05386e-06 0)
(-5.91146e-06 1.06877e-06 0)
(-6.05339e-06 1.05001e-06 0)
(-6.18851e-06 1.00658e-06 0)
(-6.31436e-06 9.46277e-07 0)
(-6.42813e-06 8.76038e-07 0)
(-6.52732e-06 7.99808e-07 0)
(-6.60984e-06 7.1733e-07 0)
(-6.67231e-06 6.31305e-07 0)
(-6.7118e-06 5.4604e-07 0)
(-6.72764e-06 4.64154e-07 0)
(-6.7189e-06 3.81047e-07 0)
(-6.68252e-06 2.90063e-07 0)
(-6.61928e-06 2.07946e-07 0)
(-6.53016e-06 1.3692e-07 0)
(-6.41375e-06 6.40848e-08 0)
(-6.27094e-06 -6.465e-09 0)
(-6.10266e-06 -7.18752e-08 0)
(-5.91012e-06 -1.2973e-07 0)
(-5.69476e-06 -1.77326e-07 0)
(-5.45819e-06 -2.11861e-07 0)
(-5.20207e-06 -2.30414e-07 0)
(-4.928e-06 -2.30275e-07 0)
(-4.63745e-06 -2.09241e-07 0)
(-4.33159e-06 -1.66034e-07 0)
(-4.01135e-06 -1.00656e-07 0)
(-3.67773e-06 -1.4803e-08 0)
(-3.33263e-06 8.78834e-08 0)
(-2.97963e-06 2.01681e-07 0)
(-2.62393e-06 3.18892e-07 0)
(-2.26951e-06 4.30269e-07 0)
(-1.91364e-06 5.25783e-07 0)
(-1.54683e-06 5.9555e-07 0)
(-1.1721e-06 6.30799e-07 0)
(-8.22279e-07 6.24439e-07 0)
(-5.35684e-07 5.70429e-07 0)
(-3.35484e-07 4.66558e-07 0)
(-6.92063e-08 3.1198e-07 0)
(-1.34318e-07 1.21297e-07 0)
(-9.76753e-08 -2.98714e-07 0)
(-1.74253e-07 -8.04401e-07 0)
(-5.20834e-07 -1.26301e-06 0)
(-9.54169e-07 -1.61119e-06 0)
(-1.50655e-06 -1.8104e-06 0)
(-2.08574e-06 -1.84577e-06 0)
(-2.64635e-06 -1.72614e-06 0)
(-3.16698e-06 -1.47787e-06 0)
(-3.63692e-06 -1.1381e-06 0)
(-4.05093e-06 -7.47458e-07 0)
(-4.40904e-06 -3.4409e-07 0)
(-4.71571e-06 4.03934e-08 0)
(-4.97846e-06 3.82875e-07 0)
(-5.20614e-06 6.69063e-07 0)
(-5.40725e-06 8.9252e-07 0)
(-5.58895e-06 1.05314e-06 0)
(-5.75668e-06 1.15533e-06 0)
(-5.91394e-06 1.20622e-06 0)
(-6.06247e-06 1.21419e-06 0)
(-6.20261e-06 1.18781e-06 0)
(-6.33349e-06 1.13517e-06 0)
(-6.45345e-06 1.06335e-06 0)
(-6.56026e-06 9.78327e-07 0)
(-6.65135e-06 8.84469e-07 0)
(-6.72472e-06 7.83545e-07 0)
(-6.77829e-06 6.76047e-07 0)
(-6.81094e-06 5.66061e-07 0)
(-6.82012e-06 4.62343e-07 0)
(-6.80314e-06 3.57537e-07 0)
(-6.76196e-06 2.44115e-07 0)
(-6.69665e-06 1.35899e-07 0)
(-6.60415e-06 3.30058e-08 0)
(-6.48433e-06 -6.74405e-08 0)
(-6.33885e-06 -1.63821e-07 0)
(-6.16872e-06 -2.53879e-07 0)
(-5.97496e-06 -3.35073e-07 0)
(-5.75882e-06 -4.04661e-07 0)
(-5.52175e-06 -4.59684e-07 0)
(-5.26521e-06 -4.97246e-07 0)
(-4.9906e-06 -5.14657e-07 0)
(-4.69915e-06 -5.09808e-07 0)
(-4.39177e-06 -4.81479e-07 0)
(-4.06919e-06 -4.29709e-07 0)
(-3.73228e-06 -3.56086e-07 0)
(-3.38288e-06 -2.64049e-07 0)
(-3.0247e-06 -1.58932e-07 0)
(-2.6631e-06 -4.78254e-08 0)
(-2.30228e-06 6.08972e-08 0)
(-1.93971e-06 1.58386e-07 0)
(-1.56616e-06 2.36271e-07 0)
(-1.18477e-06 2.87535e-07 0)
(-8.3075e-07 3.06946e-07 0)
(-5.3844e-07 2.91821e-07 0)
(-3.39378e-07 2.39975e-07 0)
(-6.41036e-08 1.6087e-07 0)
(-1.39517e-07 6.11654e-08 0)
(-1.03442e-07 -1.92716e-07 0)
(-1.62324e-07 -5.39151e-07 0)
(-4.95072e-07 -8.64594e-07 0)
(-8.99151e-07 -1.11912e-06 0)
(-1.42309e-06 -1.2652e-06 0)
(-1.97805e-06 -1.28514e-06 0)
(-2.52248e-06 -1.18097e-06 0)
(-3.03636e-06 -9.70317e-07 0)
(-3.50861e-06 -6.81197e-07 0)
(-3.93229e-06 -3.46152e-07 0)
(-4.30495e-06 2.95304e-09 0)
(-4.62843e-06 3.38673e-07 0)
(-4.90786e-06 6.40045e-07 0)
(-5.15021e-06 8.93287e-07 0)
(-5.36273e-06 1.09136e-06 0)
(-5.55196e-06 1.23283e-06 0)
(-5.72318e-06 1.32044e-06 0)
(-5.88022e-06 1.35963e-06 0)
(-6.02536e-06 1.35726e-06 0)
(-6.15953e-06 1.32066e-06 0)
(-6.28252e-06 1.25697e-06 0)
(-6.39329e-06 1.17259e-06 0)
(-6.49023e-06 1.07297e-06 0)
(-6.57138e-06 9.62131e-07 0)
(-6.63492e-06 8.42623e-07 0)
(-6.67977e-06 7.16723e-07 0)
(-6.70494e-06 5.87565e-07 0)
(-6.70765e-06 4.56036e-07 0)
(-6.68568e-06 3.22845e-07 0)
(-6.64041e-06 1.88338e-07 0)
(-6.57209e-06 5.55114e-08 0)
(-6.47866e-06 -7.38103e-08 0)
(-6.35971e-06 -1.99807e-07 0)
(-6.21634e-06 -3.20807e-07 0)
(-6.04957e-06 -4.34472e-07 0)
(-5.86039e-06 -5.38146e-07 0)
(-5.64995e-06 -6.28993e-07 0)
(-5.41949e-06 -7.04028e-07 0)
(-5.17032e-06 -7.60344e-07 0)
(-4.90357e-06 -7.95304e-07 0)
(-4.62023e-06 -8.06827e-07 0)
(-4.32094e-06 -7.93757e-07 0)
(-4.00614e-06 -7.56124e-07 0)
(-3.67653e-06 -6.9541e-07 0)
(-3.33387e-06 -6.14768e-07 0)
(-2.98186e-06 -5.19083e-07 0)
(-2.62594e-06 -4.14737e-07 0)
(-2.27036e-06 -3.09122e-07 0)
(-1.91258e-06 -2.09837e-07 0)
(-1.54338e-06 -1.23763e-07 0)
(-1.16651e-06 -5.62567e-08 0)
(-8.15631e-07 -1.04657e-08 0)
(-5.31791e-07 1.21662e-08 0)
(-3.35681e-07 1.47903e-08 0)
(-5.45355e-08 4.2514e-09 0)
(-1.40319e-07 5.17969e-09 0)
(-1.09243e-07 -9.31844e-08 0)
(-1.43255e-07 -2.88998e-07 0)
(-4.60983e-07 -4.92202e-07 0)
(-8.32118e-07 -6.58503e-07 0)
(-1.32126e-06 -7.51031e-07 0)
(-1.84305e-06 -7.50681e-07 0)
(-2.35971e-06 -6.54391e-07 0)
(-2.85303e-06 -4.72846e-07 0)
(-3.31227e-06 -2.26477e-07 0)
(-3.72964e-06 5.92155e-08 0)
(-4.10102e-06 3.58108e-07 0)
(-4.42626e-06 6.4684e-07 0)
(-4.70861e-06 9.06887e-07 0)
(-4.95335e-06 1.12544e-06 0)
(-5.16658e-06 1.29536e-06 0)
(-5.35411e-06 1.41443e-06 0)
(-5.52101e-06 1.48417e-06 0)
(-5.67123e-06 1.50865e-06 0)
(-5.80738e-06 1.4934e-06 0)
(-5.9308e-06 1.44465e-06 0)
(-6.04186e-06 1.36859e-06 0)
(-6.1401e-06 1.27091e-06 0)
(-6.22453e-06 1.15648e-06 0)
(-6.29382e-06 1.02921e-06 0)
(-6.34667e-06 8.91933e-07 0)
(-6.38202e-06 7.4703e-07 0)
(-6.39859e-06 5.97142e-07 0)
(-6.39469e-06 4.4411e-07 0)
(-6.36919e-06 2.88492e-07 0)
(-6.32199e-06 1.3112e-07 0)
(-6.25292e-06 -2.5361e-08 0)
(-6.16113e-06 -1.79056e-07 0)
(-6.04639e-06 -3.28823e-07 0)
(-5.90936e-06 -4.72728e-07 0)
(-5.75094e-06 -6.08347e-07 0)
(-5.57203e-06 -7.32982e-07 0)
(-5.37361e-06 -8.43735e-07 0)
(-5.15678e-06 -9.37662e-07 0)
(-4.92256e-06 -1.01187e-06 0)
(-4.67185e-06 -1.06375e-06 0)
(-4.40534e-06 -1.0913e-06 0)
(-4.12345e-06 -1.09336e-06 0)
(-3.8263e-06 -1.06994e-06 0)
(-3.51433e-06 -1.02239e-06 0)
(-3.18916e-06 -9.53551e-07 0)
(-2.85439e-06 -8.67758e-07 0)
(-2.51538e-06 -7.70642e-07 0)
(-2.17627e-06 -6.68574e-07 0)
(-1.8344e-06 -5.67907e-07 0)
(-1.48043e-06 -4.74078e-07 0)
(-1.11758e-06 -3.90827e-07 0)
(-7.82187e-07 -3.1979e-07 0)
(-5.07943e-07 -2.59388e-07 0)
(-3.25211e-07 -2.06375e-07 0)
(-5.94953e-08 -1.47779e-07 0)
(-1.38329e-07 -5.01443e-08 0)
(-1.14266e-07 -4.26303e-11 0)
(-1.29099e-07 -6.09151e-08 0)
(-4.18408e-07 -1.50594e-07 0)
(-7.53527e-07 -2.3463e-07 0)
(-1.20181e-06 -2.75193e-07 0)
(-1.68221e-06 -2.52131e-07 0)
(-2.16042e-06 -1.58529e-07 0)
(-2.62039e-06 5.06917e-10 0)
(-3.0523e-06 2.10812e-07 0)
(-3.4482e-06 4.52941e-07 0)
(-3.80301e-06 7.05923e-07 0)
(-4.11523e-06 9.50275e-07 0)
(-4.38663e-06 1.16998e-06 0)
(-4.62117e-06 1.35351e-06 0)
(-4.82385e-06 1.49402e-06 0)
(-4.9998e-06 1.58888e-06 0)
(-5.15386e-06 1.63881e-06 0)
(-5.28993e-06 1.64677e-06 0)
(-5.41078e-06 1.61719e-06 0)
(-5.51814e-06 1.55526e-06 0)
(-5.61281e-06 1.4663e-06 0)
(-5.69488e-06 1.3553e-06 0)
(-5.76387e-06 1.22666e-06 0)
(-5.819e-06 1.08405e-06 0)
(-5.85936e-06 9.3043e-07 0)
(-5.88408e-06 7.68274e-07 0)
(-5.89208e-06 5.99899e-07 0)
(-5.8822e-06 4.26978e-07 0)
(-5.85359e-06 2.50859e-07 0)
(-5.80583e-06 7.29981e-08 0)
(-5.73863e-06 -1.04526e-07 0)
(-5.6516e-06 -2.79683e-07 0)
(-5.54462e-06 -4.50566e-07 0)
(-5.41819e-06 -6.1494e-07 0)
(-5.2731e-06 -7.7021e-07 0)
(-5.11013e-06 -9.13631e-07 0)
(-4.93011e-06 -1.04231e-06 0)
(-4.73389e-06 -1.15334e-06 0)
(-4.52221e-06 -1.24389e-06 0)
(-4.29571e-06 -1.31147e-06 0)
(-4.05481e-06 -1.35412e-06 0)
(-3.79958e-06 -1.3707e-06 0)
(-3.5299e-06 -1.36115e-06 0)
(-3.24591e-06 -1.32667e-06 0)
(-2.94893e-06 -1.26971e-06 0)
(-2.64238e-06 -1.19401e-06 0)
(-2.33143e-06 -1.10443e-06 0)
(-2.01999e-06 -1.00637e-06 0)
(-1.70505e-06 -9.04964e-07 0)
(-1.37689e-06 -8.04303e-07 0)
(-1.03912e-06 -7.06671e-07 0)
(-7.24788e-07 -6.11934e-07 0)
(-4.7533e-07 -5.1715e-07 0)
(-3.04566e-07 -4.14453e-07 0)
(-5.31872e-08 -2.91775e-07 0)
(-1.30234e-07 -1.03734e-07 0)
(-1.20046e-07 8.50816e-08 0)
(-1.04217e-07 1.44268e-07 0)
(-3.69558e-07 1.56361e-07 0)
(-6.63103e-07 1.47111e-07 0)
(-1.06424e-06 1.55052e-07 0)
(-1.4949e-06 2.01021e-07 0)
(-1.92419e-06 2.95022e-07 0)
(-2.33845e-06 4.36383e-07 0)
(-2.72924e-06 6.16101e-07 0)
(-3.08904e-06 8.19867e-07 0)
(-3.41241e-06 1.03126e-06 0)
(-3.69701e-06 1.23438e-06 0)
(-3.94357e-06 1.41568e-06 0)
(-4.15502e-06 1.56501e-06 0)
(-4.33549e-06 1.6761e-06 0)
(-4.4894e-06 1.74623e-06 0)
(-4.62145e-06 1.7757e-06 0)
(-4.73534e-06 1.76659e-06 0)
(-4.83399e-06 1.72229e-06 0)
(-4.91935e-06 1.64716e-06 0)
(-4.99265e-06 1.54572e-06 0)
(-5.05442e-06 1.42234e-06 0)
(-5.10465e-06 1.28091e-06 0)
(-5.143e-06 1.12485e-06 0)
(-5.16893e-06 9.57009e-07 0)
(-5.1818e-06 7.79855e-07 0)
(-5.18086e-06 5.95536e-07 0)
(-5.16529e-06 4.05833e-07 0)
(-5.13442e-06 2.1233e-07 0)
(-5.08774e-06 1.67873e-08 0)
(-5.02495e-06 -1.78775e-07 0)
(-4.94581e-06 -3.72105e-07 0)
(-4.8503e-06 -5.60894e-07 0)
(-4.73886e-06 -7.42602e-07 0)
(-4.61219e-06 -9.1454e-07 0)
(-4.47095e-06 -1.0739e-06 0)
(-4.31579e-06 -1.21785e-06 0)
(-4.14729e-06 -1.34357e-06 0)
(-3.96592e-06 -1.44834e-06 0)
(-3.772e-06 -1.52979e-06 0)
(-3.56563e-06 -1.58605e-06 0)
(-3.34657e-06 -1.61599e-06 0)
(-3.11435e-06 -1.61949e-06 0)
(-2.86879e-06 -1.59759e-06 0)
(-2.61084e-06 -1.55222e-06 0)
(-2.34363e-06 -1.48657e-06 0)
(-2.07205e-06 -1.40475e-06 0)
(-1.79959e-06 -1.31123e-06 0)
(-1.52284e-06 -1.21001e-06 0)
(-1.23162e-06 -1.10389e-06 0)
(-9.28344e-07 -9.93808e-07 0)
(-6.48452e-07 -8.78263e-07 0)
(-4.22616e-07 -7.51443e-07 0)
(-2.76671e-07 -6.0539e-07 0)
(-5.17759e-08 -4.20594e-07 0)
(-1.252e-07 -1.5435e-07 0)
(-1.2591e-07 1.59966e-07 0)
(-8.12066e-08 3.22615e-07 0)
(-3.12368e-07 4.23171e-07 0)
(-5.60547e-07 4.80817e-07 0)
(-9.0736e-07 5.32044e-07 0)
(-1.2794e-06 5.99187e-07 0)
(-1.64904e-06 6.9483e-07 0)
(-2.00532e-06 8.21826e-07 0)
(-2.34154e-06 9.75337e-07 0)
(-2.651e-06 1.14536e-06 0)
(-2.9284e-06 1.31942e-06 0)
(-3.17101e-06 1.48486e-06 0)
(-3.37891e-06 1.63048e-06 0)
(-3.55427e-06 1.74746e-06 0)
(-3.70068e-06 1.83032e-06 0)
(-3.82152e-06 1.87639e-06 0)
(-3.92205e-06 1.88588e-06 0)
(-4.00523e-06 1.86023e-06 0)
(-4.07418e-06 1.80186e-06 0)
(-4.13106e-06 1.71446e-06 0)
(-4.17746e-06 1.6019e-06 0)
(-4.21433e-06 1.46792e-06 0)
(-4.24207e-06 1.31595e-06 0)
(-4.2607e-06 1.14907e-06 0)
(-4.27002e-06 9.6997e-07 0)
(-4.2697e-06 7.8098e-07 0)
(-4.25928e-06 5.84157e-07 0)
(-4.23822e-06 3.8131e-07 0)
(-4.20597e-06 1.74176e-07 0)
(-4.16207e-06 -3.53602e-08 0)
(-4.10621e-06 -2.45144e-07 0)
(-4.03817e-06 -4.52754e-07 0)
(-3.95798e-06 -6.5556e-07 0)
(-3.86605e-06 -8.50797e-07 0)
(-3.76304e-06 -1.03568e-06 0)
(-3.6495e-06 -1.20744e-06 0)
(-3.52585e-06 -1.36337e-06 0)
(-3.39239e-06 -1.50074e-06 0)
(-3.24927e-06 -1.61704e-06 0)
(-3.0965e-06 -1.70998e-06 0)
(-2.93382e-06 -1.77783e-06 0)
(-2.76064e-06 -1.81942e-06 0)
(-2.57607e-06 -1.83463e-06 0)
(-2.37962e-06 -1.82436e-06 0)
(-2.17173e-06 -1.78996e-06 0)
(-1.95519e-06 -1.73403e-06 0)
(-1.73448e-06 -1.66008e-06 0)
(-1.5126e-06 -1.57175e-06 0)
(-1.28544e-06 -1.47197e-06 0)
(-1.04216e-06 -1.3623e-06 0)
(-7.85218e-07 -1.2425e-06 0)
(-5.44933e-07 -1.10947e-06 0)
(-3.60715e-07 -9.5639e-07 0)
(-2.3885e-07 -7.70811e-07 0)
(-3.72422e-08 -5.33955e-07 0)
(-1.17319e-07 -1.99721e-07 0)
(-1.3023e-07 2.21377e-07 0)
(-5.01978e-08 4.67718e-07 0)
(-2.49541e-07 6.46528e-07 0)
(-4.45887e-07 7.60772e-07 0)
(-7.30238e-07 8.47974e-07 0)
(-1.03391e-06 9.32656e-07 0)
(-1.33287e-06 1.02954e-06 0)
(-1.619e-06 1.14412e-06 0)
(-1.88754e-06 1.27482e-06 0)
(-2.13296e-06 1.41517e-06 0)
(-2.35038e-06 1.55603e-06 0)
(-2.53704e-06 1.6876e-06 0)
(-2.69271e-06 1.80087e-06 0)
(-2.81887e-06 1.88812e-06 0)
(-2.91988e-06 1.944e-06 0)
(-2.99577e-06 1.96789e-06 0)
(-3.05599e-06 1.95996e-06 0)
(-3.09936e-06 1.91926e-06 0)
(-3.13071e-06 1.84837e-06 0)
(-3.15219e-06 1.75061e-06 0)
(-3.16577e-06 1.62919e-06 0)
(-3.17276e-06 1.48729e-06 0)
(-3.17392e-06 1.32785e-06 0)
(-3.16961e-06 1.15363e-06 0)
(-3.15994e-06 9.67033e-07 0)
(-3.14488e-06 7.70271e-07 0)
(-3.12428e-06 5.65226e-07 0)
(-3.09784e-06 3.53722e-07 0)
(-3.06514e-06 1.37477e-07 0)
(-3.02574e-06 -8.14737e-08 0)
(-2.97931e-06 -3.00923e-07 0)
(-2.92562e-06 -5.18173e-07 0)
(-2.86465e-06 -7.30402e-07 0)
(-2.79685e-06 -9.34568e-07 0)
(-2.72284e-06 -1.12793e-06 0)
(-2.6431e-06 -1.30779e-06 0)
(-2.55775e-06 -1.47167e-06 0)
(-2.46678e-06 -1.617e-06 0)
(-2.36999e-06 -1.74146e-06 0)
(-2.26706e-06 -1.84291e-06 0)
(-2.15736e-06 -1.91976e-06 0)
(-2.03994e-06 -1.97077e-06 0)
(-1.91301e-06 -1.9956e-06 0)
(-1.7764e-06 -1.99565e-06 0)
(-1.62974e-06 -1.97142e-06 0)
(-1.4753e-06 -1.9247e-06 0)
(-1.31706e-06 -1.85864e-06 0)
(-1.15735e-06 -1.77623e-06 0)
(-9.9132e-07 -1.6795e-06 0)
(-8.07477e-07 -1.56891e-06 0)
(-6.06507e-07 -1.44306e-06 0)
(-4.21005e-07 -1.29783e-06 0)
(-2.76268e-07 -1.1237e-06 0)
(-1.92932e-07 -9.07613e-07 0)
(-3.03969e-08 -6.26073e-07 0)
(-1.12853e-07 -2.40741e-07 0)
(-1.28712e-07 2.6971e-07 0)
(-2.51147e-08 5.82931e-07 0)
(-1.8116e-07 8.22416e-07 0)
(-3.19094e-07 9.79891e-07 0)
(-5.32348e-07 1.09402e-06 0)
(-7.57608e-07 1.19117e-06 0)
(-9.74842e-07 1.28763e-06 0)
(-1.17907e-06 1.39069e-06 0)
(-1.3675e-06 1.50127e-06 0)
(-1.53599e-06 1.6156e-06 0)
(-1.68036e-06 1.72725e-06 0)
(-1.79804e-06 1.82881e-06 0)
(-1.8887e-06 1.9133e-06 0)
(-1.95257e-06 1.97461e-06 0)
(-1.99496e-06 2.00937e-06 0)
(-2.02024e-06 2.01371e-06 0)
(-2.02898e-06 1.98848e-06 0)
(-2.02274e-06 1.93451e-06 0)
(-2.00836e-06 1.85391e-06 0)
(-1.98738e-06 1.74866e-06 0)
(-1.96206e-06 1.6217e-06 0)
(-1.93403e-06 1.47535e-06 0)
(-1.90434e-06 1.31246e-06 0)
(-1.87367e-06 1.13504e-06 0)
(-1.84246e-06 9.4566e-07 0)
(-1.811e-06 7.45875e-07 0)
(-1.77939e-06 5.37903e-07 0)
(-1.74758e-06 3.22921e-07 0)
(-1.71526e-06 1.0313e-07 0)
(-1.68204e-06 -1.20016e-07 0)
(-1.64753e-06 -3.43608e-07 0)
(-1.61138e-06 -5.65313e-07 0)
(-1.57351e-06 -7.81395e-07 0)
(-1.5344e-06 -9.89333e-07 0)
(-1.49477e-06 -1.18571e-06 0)
(-1.45491e-06 -1.36876e-06 0)
(-1.41467e-06 -1.53557e-06 0)
(-1.37358e-06 -1.68457e-06 0)
(-1.33111e-06 -1.81287e-06 0)
(-1.28659e-06 -1.91925e-06 0)
(-1.23903e-06 -2.00159e-06 0)
(-1.18743e-06 -2.05959e-06 0)
(-1.12829e-06 -2.0923e-06 0)
(-1.06081e-06 -2.10077e-06 0)
(-9.86757e-07 -2.08457e-06 0)
(-9.05489e-07 -2.04643e-06 0)
(-8.20851e-07 -1.98801e-06 0)
(-7.34603e-07 -1.91241e-06 0)
(-6.40948e-07 -1.82045e-06 0)
(-5.27448e-07 -1.71218e-06 0)
(-3.94801e-07 -1.58502e-06 0)
(-2.68865e-07 -1.4341e-06 0)
(-1.84276e-07 -1.24847e-06 0)
(-1.3718e-07 -1.0101e-06 0)
(-6.44087e-09 -6.92445e-07 0)
(-1.01935e-07 -2.7213e-07 0)
(-1.22478e-07 3.02484e-07 0)
(7.04252e-09 6.63425e-07 0)
(-1.04913e-07 9.43958e-07 0)
(-1.79261e-07 1.1296e-06 0)
(-3.1347e-07 1.26031e-06 0)
(-4.50799e-07 1.36421e-06 0)
(-5.76105e-07 1.45801e-06 0)
(-6.87701e-07 1.55011e-06 0)
(-7.84923e-07 1.6429e-06 0)
(-8.65043e-07 1.73479e-06 0)
(-9.24877e-07 1.82132e-06 0)
(-9.62477e-07 1.89741e-06 0)
(-9.7751e-07 1.95756e-06 0)
(-9.71049e-07 1.99573e-06 0)
(-9.43272e-07 2.01133e-06 0)
(-9.01505e-07 2.00081e-06 0)
(-8.47785e-07 1.96247e-06 0)
(-7.86669e-07 1.89916e-06 0)
(-7.19539e-07 1.81213e-06 0)
(-6.49654e-07 1.70331e-06 0)
(-5.79666e-07 1.57455e-06 0)
(-5.11575e-07 1.4283e-06 0)
(-4.46853e-07 1.26629e-06 0)
(-3.86405e-07 1.09086e-06 0)
(-3.3105e-07 9.03663e-07 0)
(-2.81346e-07 7.06791e-07 0)
(-2.37772e-07 5.01489e-07 0)
(-2.00457e-07 2.895e-07 0)
(-1.69292e-07 7.19408e-08 0)
(-1.43841e-07 -1.49045e-07 0)
(-1.236e-07 -3.71315e-07 0)
(-1.07994e-07 -5.91313e-07 0)
(-9.69517e-08 -8.05874e-07 0)
(-9.09686e-08 -1.01125e-06 0)
(-9.08445e-08 -1.20522e-06 0)
(-9.67619e-08 -1.38522e-06 0)
(-1.0815e-07 -1.54994e-06 0)
(-1.2403e-07 -1.69691e-06 0)
(-1.43379e-07 -1.82473e-06 0)
(-1.65218e-07 -1.93115e-06 0)
(-1.88146e-07 -2.01552e-06 0)
(-2.10296e-07 -2.07665e-06 0)
(-2.2875e-07 -2.11469e-06 0)
(-2.42416e-07 -2.12816e-06 0)
(-2.50265e-07 -2.11925e-06 0)
(-2.52129e-07 -2.08863e-06 0)
(-2.50948e-07 -2.03754e-06 0)
(-2.48296e-07 -1.96858e-06 0)
(-2.3737e-07 -1.8831e-06 0)
(-2.05053e-07 -1.77983e-06 0)
(-1.49872e-07 -1.65649e-06 0)
(-9.97412e-08 -1.50686e-06 0)
(-7.15142e-08 -1.31895e-06 0)
(-7.59608e-08 -1.07063e-06 0)
(3.70189e-09 -7.34621e-07 0)
(-8.81157e-08 -2.91609e-07 0)
(-1.10996e-07 3.17139e-07 0)
(3.12343e-08 7.02547e-07 0)
(-2.09155e-08 1.00197e-06 0)
(-2.67046e-08 1.19993e-06 0)
(-7.44024e-08 1.33672e-06 0)
(-1.15172e-07 1.44147e-06 0)
(-1.3992e-07 1.53051e-06 0)
(-1.50217e-07 1.61231e-06 0)
(-1.47174e-07 1.68988e-06 0)
(-1.29463e-07 1.76308e-06 0)
(-9.47877e-08 1.82882e-06 0)
(-4.27411e-08 1.88363e-06 0)
(3.04533e-08 1.92278e-06 0)
(1.20439e-07 1.94348e-06 0)
(2.22863e-07 1.94277e-06 0)
(3.36501e-07 1.92126e-06 0)
(4.59317e-07 1.87588e-06 0)
(5.85281e-07 1.80813e-06 0)
(7.124e-07 1.71873e-06 0)
(8.37457e-07 1.6108e-06 0)
(9.57583e-07 1.48478e-06 0)
(1.07034e-06 1.34377e-06 0)
(1.17404e-06 1.1877e-06 0)
(1.26749e-06 1.02007e-06 0)
(1.34962e-06 8.40692e-07 0)
(1.41942e-06 6.53283e-07 0)
(1.47611e-06 4.56959e-07 0)
(1.51915e-06 2.551e-07 0)
(1.54852e-06 4.6174e-08 0)
(1.56468e-06 -1.65896e-07 0)
(1.56849e-06 -3.81185e-07 0)
(1.56071e-06 -5.93298e-07 0)
(1.54164e-06 -8.0075e-07 0)
(1.51048e-06 -9.97099e-07 0)
(1.46637e-06 -1.18263e-06 0)
(1.40923e-06 -1.35309e-06 0)
(1.34024e-06 -1.51005e-06 0)
(1.26101e-06 -1.64923e-06 0)
(1.17305e-06 -1.77163e-06 0)
(1.07766e-06 -1.87308e-06 0)
(9.76545e-07 -1.95542e-06 0)
(8.72396e-07 -2.01559e-06 0)
(7.68335e-07 -2.05513e-06 0)
(6.6712e-07 -2.0711e-06 0)
(5.70558e-07 -2.06722e-06 0)
(4.75978e-07 -2.04195e-06 0)
(3.8391e-07 -1.9982e-06 0)
(2.94893e-07 -1.93567e-06 0)
(2.14234e-07 -1.85714e-06 0)
(1.56651e-07 -1.76086e-06 0)
(1.2357e-07 -1.64529e-06 0)
(9.50539e-08 -1.50324e-06 0)
(4.75674e-08 -1.32195e-06 0)
(-5.88178e-09 -1.07939e-06 0)
(2.69001e-08 -7.41244e-07 0)
(-7.03425e-08 -3.00167e-07 0)
(-1.0159e-07 3.16162e-07 0)
(5.96287e-08 6.90771e-07 0)
(6.94442e-08 9.8627e-07 0)
(1.38676e-07 1.17922e-06 0)
(1.83992e-07 1.31125e-06 0)
(2.4637e-07 1.41049e-06 0)
(3.28285e-07 1.49243e-06 0)
(4.25173e-07 1.56422e-06 0)
(5.34587e-07 1.6293e-06 0)
(6.56863e-07 1.68698e-06 0)
(7.9333e-07 1.73645e-06 0)
(9.44353e-07 1.77378e-06 0)
(1.11092e-06 1.79735e-06 0)
(1.28862e-06 1.80545e-06 0)
(1.47623e-06 1.79618e-06 0)
(1.67002e-06 1.76621e-06 0)
(1.86717e-06 1.7177e-06 0)
(2.06357e-06 1.64866e-06 0)
(2.25621e-06 1.56349e-06 0)
(2.44153e-06 1.4603e-06 0)
(2.61636e-06 1.34454e-06 0)
(2.77768e-06 1.21303e-06 0)
(2.92382e-06 1.0714e-06 0)
(3.05311e-06 9.16081e-07 0)
(3.16443e-06 7.54023e-07 0)
(3.25618e-06 5.81218e-07 0)
(3.32726e-06 4.04658e-07 0)
(3.37645e-06 2.18607e-07 0)
(3.40353e-06 2.94547e-08 0)
(3.409e-06 -1.68748e-07 0)
(3.39436e-06 -3.6678e-07 0)
(3.36082e-06 -5.67113e-07 0)
(3.3087e-06 -7.5734e-07 0)
(3.23697e-06 -9.4046e-07 0)
(3.14442e-06 -1.10695e-06 0)
(3.03128e-06 -1.26378e-06 0)
(2.89939e-06 -1.40329e-06 0)
(2.75137e-06 -1.53176e-06 0)
(2.58923e-06 -1.64002e-06 0)
(2.41446e-06 -1.73391e-06 0)
(2.22893e-06 -1.80646e-06 0)
(2.0364e-06 -1.86414e-06 0)
(1.8407e-06 -1.89979e-06 0)
(1.64543e-06 -1.91861e-06 0)
(1.4526e-06 -1.915e-06 0)
(1.26243e-06 -1.8952e-06 0)
(1.07261e-06 -1.85578e-06 0)
(8.8519e-07 -1.80122e-06 0)
(7.06944e-07 -1.72888e-06 0)
(5.52734e-07 -1.64274e-06 0)
(4.25948e-07 -1.53797e-06 0)
(3.05805e-07 -1.41085e-06 0)
(1.85515e-07 -1.24732e-06 0)
(6.93627e-08 -1.02197e-06 0)
(4.89471e-08 -7.08679e-07 0)
(-5.86593e-08 -2.93341e-07 0)
(-9.85636e-08 2.99677e-07 0)
(1.01063e-07 6.27303e-07 0)
(1.65346e-07 8.92648e-07 0)
(3.15513e-07 1.06096e-06 0)
(4.59327e-07 1.17482e-06 0)
(6.2879e-07 1.26052e-06 0)
(8.20117e-07 1.3311e-06 0)
(1.02677e-06 1.39251e-06 0)
(1.24503e-06 1.44572e-06 0)
(1.47497e-06 1.49088e-06 0)
(1.7167e-06 1.52629e-06 0)
(1.97042e-06 1.55118e-06 0)
(2.23462e-06 1.56328e-06 0)
(2.50723e-06 1.56278e-06 0)
(2.78478e-06 1.54642e-06 0)
(3.06407e-06 1.51517e-06 0)
(3.34099e-06 1.46697e-06 0)
(3.61263e-06 1.40468e-06 0)
(3.87483e-06 1.32704e-06 0)
(4.1246e-06 1.23826e-06 0)
(4.35746e-06 1.13669e-06 0)
(4.57082e-06 1.02595e-06 0)
(4.76189e-06 9.02815e-07 0)
(4.92985e-06 7.72143e-07 0)
(5.07246e-06 6.31612e-07 0)
(5.18845e-06 4.87334e-07 0)
(5.27528e-06 3.35923e-07 0)
(5.33165e-06 1.81403e-07 0)
(5.35625e-06 1.7436e-08 0)
(5.35026e-06 -1.5117e-07 0)
(5.31534e-06 -3.27037e-07 0)
(5.25383e-06 -4.99288e-07 0)
(5.16596e-06 -6.67392e-07 0)
(5.05046e-06 -8.21401e-07 0)
(4.90562e-06 -9.65357e-07 0)
(4.73196e-06 -1.09444e-06 0)
(4.53265e-06 -1.21522e-06 0)
(4.31153e-06 -1.32143e-06 0)
(4.07147e-06 -1.41558e-06 0)
(3.81304e-06 -1.49148e-06 0)
(3.53886e-06 -1.55449e-06 0)
(3.25315e-06 -1.60064e-06 0)
(2.96167e-06 -1.63379e-06 0)
(2.66784e-06 -1.64873e-06 0)
(2.37519e-06 -1.64902e-06 0)
(2.08417e-06 -1.63113e-06 0)
(1.79473e-06 -1.59911e-06 0)
(1.50711e-06 -1.55047e-06 0)
(1.22997e-06 -1.48902e-06 0)
(9.76513e-07 -1.41418e-06 0)
(7.51173e-07 -1.3286e-06 0)
(5.38362e-07 -1.22558e-06 0)
(3.32274e-07 -1.08923e-06 0)
(1.52442e-07 -9.02125e-07 0)
(8.71042e-08 -6.32325e-07 0)
(-5.24139e-08 -2.69425e-07 0)
(-1.06319e-07 2.73758e-07 0)
(1.38016e-07 5.33006e-07 0)
(2.64221e-07 7.5466e-07 0)
(5.00048e-07 8.80982e-07 0)
(7.464e-07 9.64177e-07 0)
(1.02394e-06 1.02764e-06 0)
(1.3243e-06 1.08182e-06 0)
(1.63919e-06 1.12932e-06 0)
(1.96558e-06 1.16959e-06 0)
(2.3029e-06 1.20168e-06 0)
(2.65143e-06 1.2248e-06 0)
(3.00954e-06 1.23872e-06 0)
(3.37555e-06 1.24269e-06 0)
(3.74581e-06 1.2367e-06 0)
(4.11722e-06 1.21912e-06 0)
(4.48506e-06 1.18995e-06 0)
(4.84615e-06 1.1485e-06 0)
(5.19598e-06 1.09629e-06 0)
(5.53142e-06 1.03347e-06 0)
(5.84784e-06 9.62314e-07 0)
(6.14186e-06 8.83094e-07 0)
(6.40904e-06 7.96578e-07 0)
(6.64789e-06 7.00738e-07 0)
(6.85615e-06 5.97812e-07 0)
(7.03283e-06 4.87978e-07 0)
(7.17504e-06 3.75341e-07 0)
(7.28032e-06 2.59423e-07 0)
(7.34509e-06 1.4037e-07 0)
(7.36868e-06 1.36461e-08 0)
(7.35196e-06 -1.19552e-07 0)
(7.29733e-06 -2.59024e-07 0)
(7.20596e-06 -3.96591e-07 0)
(7.07844e-06 -5.28405e-07 0)
(6.91389e-06 -6.48587e-07 0)
(6.71166e-06 -7.58973e-07 0)
(6.47294e-06 -8.59174e-07 0)
(6.2018e-06 -9.53912e-07 0)
(5.9045e-06 -1.04009e-06 0)
(5.58346e-06 -1.11609e-06 0)
(5.23951e-06 -1.17744e-06 0)
(4.87413e-06 -1.22789e-06 0)
(4.49344e-06 -1.26638e-06 0)
(4.10323e-06 -1.29448e-06 0)
(3.70892e-06 -1.30877e-06 0)
(3.31335e-06 -1.31117e-06 0)
(2.91993e-06 -1.29922e-06 0)
(2.52898e-06 -1.27473e-06 0)
(2.14349e-06 -1.23563e-06 0)
(1.76916e-06 -1.1852e-06 0)
(1.41799e-06 -1.12697e-06 0)
(1.09266e-06 -1.06762e-06 0)
(7.83483e-07 -1.00052e-06 0)
(4.92863e-07 -9.01784e-07 0)
(2.3911e-07 -7.49549e-07 0)
(1.13236e-07 -5.30033e-07 0)
(-5.81479e-08 -2.39294e-07 0)
(-6.27325e-08 2.06141e-07 0)
(2.22816e-07 3.00401e-07 0)
(3.82197e-07 4.60109e-07 0)
(6.96669e-07 5.09409e-07 0)
(1.04466e-06 5.62321e-07 0)
(1.4255e-06 6.16227e-07 0)
(1.82718e-06 6.67756e-07 0)
(2.24422e-06 7.09844e-07 0)
(2.67478e-06 7.41397e-07 0)
(3.11842e-06 7.61444e-07 0)
(3.57367e-06 7.74029e-07 0)
(4.03791e-06 7.80567e-07 0)
(4.50723e-06 7.82131e-07 0)
(4.97774e-06 7.77563e-07 0)
(5.4445e-06 7.66731e-07 0)
(5.90348e-06 7.46093e-07 0)
(6.35018e-06 7.17857e-07 0)
(6.7807e-06 6.80909e-07 0)
(7.18987e-06 6.42227e-07 0)
(7.57394e-06 5.99156e-07 0)
(7.92925e-06 5.55948e-07 0)
(8.25252e-06 5.03322e-07 0)
(8.54031e-06 4.46298e-07 0)
(8.79127e-06 3.77037e-07 0)
(9.00302e-06 3.05552e-07 0)
(9.17359e-06 2.30531e-07 0)
(9.29869e-06 1.6826e-07 0)
(9.3757e-06 1.00365e-07 0)
(9.40296e-06 1.81842e-08 0)
(9.38153e-06 -8.64629e-08 0)
(9.30921e-06 -1.88491e-07 0)
(9.18537e-06 -2.86403e-07 0)
(9.01106e-06 -3.70958e-07 0)
(8.78881e-06 -4.49538e-07 0)
(8.52225e-06 -5.0975e-07 0)
(8.21373e-06 -5.65681e-07 0)
(7.86775e-06 -6.1675e-07 0)
(7.49083e-06 -6.7542e-07 0)
(7.08674e-06 -7.182e-07 0)
(6.65558e-06 -7.44406e-07 0)
(6.19924e-06 -7.56573e-07 0)
(5.72367e-06 -7.75417e-07 0)
(5.23621e-06 -7.85417e-07 0)
(4.74099e-06 -7.89918e-07 0)
(4.24271e-06 -7.8439e-07 0)
(3.74588e-06 -7.77112e-07 0)
(3.25595e-06 -7.62002e-07 0)
(2.77678e-06 -7.40897e-07 0)
(2.31276e-06 -7.00882e-07 0)
(1.86804e-06 -6.50015e-07 0)
(1.44642e-06 -6.02484e-07 0)
(1.04559e-06 -5.71017e-07 0)
(6.78393e-07 -5.29961e-07 0)
(3.64466e-07 -4.60996e-07 0)
(1.91405e-07 -3.44742e-07 0)
(-3.57092e-08 -1.80145e-07 0)
(4.79751e-08 8.18937e-08 0)
(2.39558e-07 2.52662e-07 0)
(5.84646e-07 3.30183e-07 0)
(9.83183e-07 3.51364e-07 0)
(1.38859e-06 3.57344e-07 0)
(1.82694e-06 3.62086e-07 0)
(2.30374e-06 3.68073e-07 0)
(2.81578e-06 3.74823e-07 0)
(3.3534e-06 3.81052e-07 0)
(3.9069e-06 3.85288e-07 0)
(4.46962e-06 3.87029e-07 0)
(5.03686e-06 3.85898e-07 0)
(5.60508e-06 3.82586e-07 0)
(6.17099e-06 3.77054e-07 0)
(6.73101e-06 3.69382e-07 0)
(7.27936e-06 3.58794e-07 0)
(7.80947e-06 3.45535e-07 0)
(8.31523e-06 3.28898e-07 0)
(8.79264e-06 3.06897e-07 0)
(9.23802e-06 2.76207e-07 0)
(9.65057e-06 2.47516e-07 0)
(1.0028e-05 2.22842e-07 0)
(1.03657e-05 1.95927e-07 0)
(1.0658e-05 1.66912e-07 0)
(1.08988e-05 1.37147e-07 0)
(1.10854e-05 1.04701e-07 0)
(1.12227e-05 6.72492e-08 0)
(1.1316e-05 2.74622e-08 0)
(1.13594e-05 2.25792e-10 0)
(1.13413e-05 -1.52725e-08 0)
(1.12528e-05 -3.8765e-08 0)
(1.10953e-05 -7.38848e-08 0)
(1.08738e-05 -1.09832e-07 0)
(1.05922e-05 -1.46246e-07 0)
(1.02613e-05 -1.82436e-07 0)
(9.88831e-06 -2.1688e-07 0)
(9.47396e-06 -2.56941e-07 0)
(9.01456e-06 -2.9873e-07 0)
(8.51024e-06 -3.32815e-07 0)
(7.97746e-06 -3.65634e-07 0)
(7.42927e-06 -3.95386e-07 0)
(6.86621e-06 -4.19858e-07 0)
(6.28732e-06 -4.39254e-07 0)
(5.70007e-06 -4.53804e-07 0)
(5.11066e-06 -4.62816e-07 0)
(4.5231e-06 -4.65216e-07 0)
(3.94031e-06 -4.59336e-07 0)
(3.36908e-06 -4.43992e-07 0)
(2.82445e-06 -4.22913e-07 0)
(2.324e-06 -4.06965e-07 0)
(1.86494e-06 -4.07314e-07 0)
(1.41552e-06 -4.1479e-07 0)
(9.65169e-07 -3.92564e-07 0)
(5.47488e-07 -3.18499e-07 0)
(2.31938e-07 -2.04942e-07 0)
(3.87765e-08 -7.22964e-08 0)
)
;

boundaryField
{
    top
    {
        type            slip;
    }
    bottom
    {
        type            slip;
    }
    rotatingWall
    {
        type            rotatingWallVelocity;
        origin          (0 0 0);
        axis            (0 1 0);
        omega           constant 1140;
        value           uniform (0 0 0);
    }
    wall
    {
        type            rotatingWallVelocity;
        origin          (0 0 0);
        axis            (0 1 0);
        omega           constant 0;
        value           uniform (0 -0 -0);
    }
    frontAndBack
    {
        type            empty;
    }
}


// ************************************************************************* //
