/*--------------------------------*- C++ -*----------------------------------*\
| =========                 |                                                 |
| \\      /  F ield         | OpenFOAM: The Open Source CFD Toolbox           |
|  \\    /   O peration     | Version:  5.0                                   |
|   \\  /    A nd           | Web:      www.OpenFOAM.org                      |
|    \\/     M anipulation  |                                                 |
\*---------------------------------------------------------------------------*/
FoamFile
{
    version     2.0;
    format      ascii;
    class       volVectorField;
    location    "168";
    object      U;
}
// * * * * * * * * * * * * * * * * * * * * * * * * * * * * * * * * * * * * * //

dimensions      [0 1 -1 0 0 0 0];

internalField   nonuniform List<vector> 
1568
(
(7.69201e-13 -3.41368e-13 0)
(-1.22473e-12 5.96832e-12 0)
(9.37984e-12 -1.38572e-11 0)
(3.29569e-11 -1.2302e-11 0)
(4.65905e-11 -6.84723e-12 0)
(6.47041e-11 -1.22169e-11 0)
(8.88417e-11 -1.31352e-11 0)
(1.12146e-10 -1.25221e-11 0)
(1.35816e-10 -1.32263e-11 0)
(1.60975e-10 -1.37685e-11 0)
(1.86433e-10 -1.37779e-11 0)
(2.11631e-10 -1.35961e-11 0)
(2.36535e-10 -1.32716e-11 0)
(2.6088e-10 -1.28614e-11 0)
(2.84347e-10 -1.24045e-11 0)
(3.06734e-10 -1.18105e-11 0)
(3.27789e-10 -1.10971e-11 0)
(3.47367e-10 -1.03636e-11 0)
(3.65311e-10 -9.50252e-12 0)
(3.81484e-10 -8.55855e-12 0)
(3.95745e-10 -7.49142e-12 0)
(4.0805e-10 -6.41641e-12 0)
(4.18186e-10 -4.83115e-12 0)
(4.2622e-10 -3.35212e-12 0)
(4.32221e-10 -2.05251e-12 0)
(4.36159e-10 -9.791e-13 0)
(4.37831e-10 -8.21488e-14 0)
(4.3725e-10 4.983e-13 0)
(4.34314e-10 1.52044e-12 0)
(4.29217e-10 2.42875e-12 0)
(4.22229e-10 3.72011e-12 0)
(4.13488e-10 5.00812e-12 0)
(4.02906e-10 6.32337e-12 0)
(3.90586e-10 7.2232e-12 0)
(3.76687e-10 8.20249e-12 0)
(3.61334e-10 8.85051e-12 0)
(3.44597e-10 9.67492e-12 0)
(3.26569e-10 1.02172e-11 0)
(3.07489e-10 1.08539e-11 0)
(2.87389e-10 1.12618e-11 0)
(2.66431e-10 1.16746e-11 0)
(2.44862e-10 1.18361e-11 0)
(2.22877e-10 1.20556e-11 0)
(2.0059e-10 1.21249e-11 0)
(1.78266e-10 1.21616e-11 0)
(1.56124e-10 1.19839e-11 0)
(1.34409e-10 1.17584e-11 0)
(1.133e-10 1.13226e-11 0)
(9.30437e-11 1.08044e-11 0)
(7.39721e-11 1.00771e-11 0)
(5.61904e-11 9.29511e-12 0)
(3.9929e-11 8.35104e-12 0)
(2.67337e-11 6.86109e-12 0)
(1.42912e-11 7.05911e-12 0)
(5.01004e-12 3.43512e-12 0)
(8.57263e-13 1.44239e-12 0)
(9.57599e-12 -7.74074e-12 0)
(2.31899e-12 -1.62878e-11 0)
(1.94808e-11 -1.99305e-11 0)
(2.2732e-11 -2.22121e-11 0)
(4.32153e-11 -3.00627e-11 0)
(6.08093e-11 -3.23063e-11 0)
(8.02331e-11 -3.40697e-11 0)
(1.02526e-10 -3.58903e-11 0)
(1.24857e-10 -3.71968e-11 0)
(1.47757e-10 -3.78781e-11 0)
(1.7109e-10 -3.79348e-11 0)
(1.94624e-10 -3.76927e-11 0)
(2.17772e-10 -3.70792e-11 0)
(2.40277e-10 -3.60146e-11 0)
(2.62062e-10 -3.44958e-11 0)
(2.82789e-10 -3.27179e-11 0)
(3.02331e-10 -3.05864e-11 0)
(3.20522e-10 -2.82112e-11 0)
(3.37218e-10 -2.5569e-11 0)
(3.52246e-10 -2.28282e-11 0)
(3.65541e-10 -1.98753e-11 0)
(3.76972e-10 -1.68218e-11 0)
(3.86576e-10 -1.37197e-11 0)
(3.94276e-10 -1.08814e-11 0)
(4.00048e-10 -7.81005e-12 0)
(4.03757e-10 -4.54239e-12 0)
(4.05348e-10 -9.36206e-13 0)
(4.04798e-10 2.64716e-12 0)
(4.02229e-10 6.14131e-12 0)
(3.97706e-10 9.28696e-12 0)
(3.91265e-10 1.21676e-11 0)
(3.83138e-10 1.48057e-11 0)
(3.73509e-10 1.74266e-11 0)
(3.62331e-10 1.98846e-11 0)
(3.49579e-10 2.22762e-11 0)
(3.35344e-10 2.44221e-11 0)
(3.19834e-10 2.64296e-11 0)
(3.03219e-10 2.81171e-11 0)
(2.85451e-10 2.96454e-11 0)
(2.66855e-10 3.08799e-11 0)
(2.47484e-10 3.19292e-11 0)
(2.27372e-10 3.26585e-11 0)
(2.06788e-10 3.31961e-11 0)
(1.86069e-10 3.33383e-11 0)
(1.6528e-10 3.32461e-11 0)
(1.44686e-10 3.28244e-11 0)
(1.24404e-10 3.21067e-11 0)
(1.04742e-10 3.10249e-11 0)
(8.5987e-11 2.96053e-11 0)
(6.81685e-11 2.77153e-11 0)
(5.15613e-11 2.56576e-11 0)
(3.69047e-11 2.25416e-11 0)
(2.32464e-11 1.91553e-11 0)
(1.33783e-11 1.51771e-11 0)
(5.43029e-12 1.00861e-11 0)
(4.27377e-13 4.44021e-12 0)
(-5.22623e-13 -1.34774e-11 0)
(8.17924e-13 -1.6751e-11 0)
(1.02476e-11 -3.61294e-11 0)
(2.7064e-11 -4.12473e-11 0)
(3.67677e-11 -4.71529e-11 0)
(5.30313e-11 -5.34471e-11 0)
(7.29807e-11 -5.62871e-11 0)
(9.26976e-11 -5.90713e-11 0)
(1.12742e-10 -6.12682e-11 0)
(1.3428e-10 -6.23898e-11 0)
(1.56058e-10 -6.25323e-11 0)
(1.77442e-10 -6.20237e-11 0)
(1.98685e-10 -6.09079e-11 0)
(2.19545e-10 -5.91421e-11 0)
(2.39593e-10 -5.68289e-11 0)
(2.58738e-10 -5.39555e-11 0)
(2.76816e-10 -5.05754e-11 0)
(2.93653e-10 -4.67792e-11 0)
(3.09087e-10 -4.25721e-11 0)
(3.23035e-10 -3.80452e-11 0)
(3.35376e-10 -3.3213e-11 0)
(3.46076e-10 -2.81961e-11 0)
(3.55038e-10 -2.29907e-11 0)
(3.62213e-10 -1.78248e-11 0)
(3.67475e-10 -1.25144e-11 0)
(3.70859e-10 -7.15549e-12 0)
(3.72382e-10 -1.61891e-12 0)
(3.72079e-10 3.79524e-12 0)
(3.69901e-10 9.2551e-12 0)
(3.6594e-10 1.43797e-11 0)
(3.603e-10 1.94969e-11 0)
(3.5302e-10 2.42969e-11 0)
(3.4413e-10 2.90352e-11 0)
(3.33736e-10 3.32698e-11 0)
(3.21961e-10 3.73077e-11 0)
(3.0891e-10 4.07841e-11 0)
(2.9463e-10 4.40851e-11 0)
(2.79228e-10 4.68151e-11 0)
(2.62915e-10 4.92483e-11 0)
(2.45687e-10 5.11587e-11 0)
(2.27702e-10 5.27366e-11 0)
(2.09206e-10 5.38235e-11 0)
(1.90304e-10 5.46319e-11 0)
(1.711e-10 5.49463e-11 0)
(1.51893e-10 5.48739e-11 0)
(1.3279e-10 5.42561e-11 0)
(1.14038e-10 5.31275e-11 0)
(9.58185e-11 5.13442e-11 0)
(7.83294e-11 4.90336e-11 0)
(6.20987e-11 4.59206e-11 0)
(4.65751e-11 4.211e-11 0)
(3.26631e-11 3.76807e-11 0)
(2.17953e-11 3.1725e-11 0)
(1.10043e-11 2.48984e-11 0)
(3.56071e-12 1.65232e-11 0)
(1.72611e-13 6.73956e-12 0)
(-3.30856e-12 -9.59932e-12 0)
(5.16995e-12 -3.18879e-11 0)
(1.06294e-11 -4.04842e-11 0)
(2.04663e-11 -5.47364e-11 0)
(3.28301e-11 -6.37155e-11 0)
(4.76446e-11 -6.96541e-11 0)
(6.53201e-11 -7.43984e-11 0)
(8.29247e-11 -7.86692e-11 0)
(1.01487e-10 -8.13993e-11 0)
(1.21096e-10 -8.26701e-11 0)
(1.40833e-10 -8.31211e-11 0)
(1.60521e-10 -8.25346e-11 0)
(1.79974e-10 -8.10161e-11 0)
(1.9892e-10 -7.86955e-11 0)
(2.17305e-10 -7.56102e-11 0)
(2.34881e-10 -7.175e-11 0)
(2.51442e-10 -6.73086e-11 0)
(2.66906e-10 -6.2225e-11 0)
(2.81149e-10 -5.66848e-11 0)
(2.9401e-10 -5.06532e-11 0)
(3.05406e-10 -4.42974e-11 0)
(3.15258e-10 -3.75832e-11 0)
(3.23514e-10 -3.07513e-11 0)
(3.3008e-10 -2.37207e-11 0)
(3.34934e-10 -1.66865e-11 0)
(3.38086e-10 -9.43269e-12 0)
(3.39564e-10 -2.22894e-12 0)
(3.39397e-10 5.02055e-12 0)
(3.37626e-10 1.20287e-11 0)
(3.34272e-10 1.89753e-11 0)
(3.29242e-10 2.5586e-11 0)
(3.22596e-10 3.20415e-11 0)
(3.14495e-10 3.80478e-11 0)
(3.0501e-10 4.37965e-11 0)
(2.94166e-10 4.89993e-11 0)
(2.82114e-10 5.38599e-11 0)
(2.69007e-10 5.80925e-11 0)
(2.54872e-10 6.19703e-11 0)
(2.39809e-10 6.52039e-11 0)
(2.24032e-10 6.79519e-11 0)
(2.07646e-10 7.00901e-11 0)
(1.9069e-10 7.18012e-11 0)
(1.73353e-10 7.28428e-11 0)
(1.55835e-10 7.34161e-11 0)
(1.38233e-10 7.32822e-11 0)
(1.20725e-10 7.25284e-11 0)
(1.03431e-10 7.09986e-11 0)
(8.67454e-11 6.87016e-11 0)
(7.08234e-11 6.54972e-11 0)
(5.56782e-11 6.14631e-11 0)
(4.19554e-11 5.63046e-11 0)
(2.94118e-11 5.0143e-11 0)
(1.77562e-11 4.23128e-11 0)
(1.00374e-11 3.32004e-11 0)
(3.79776e-12 2.16433e-11 0)
(3.56663e-13 8.68656e-12 0)
(1.74148e-12 -1.18204e-11 0)
(2.48775e-12 -3.29556e-11 0)
(1.00711e-11 -5.12381e-11 0)
(1.82755e-11 -6.42856e-11 0)
(2.90249e-11 -7.5463e-11 0)
(4.27238e-11 -8.30678e-11 0)
(5.79348e-11 -8.95091e-11 0)
(7.34266e-11 -9.47239e-11 0)
(9.03321e-11 -9.80033e-11 0)
(1.08148e-10 -9.97892e-11 0)
(1.25946e-10 -1.00353e-10 0)
(1.43645e-10 -9.97448e-11 0)
(1.61177e-10 -9.80097e-11 0)
(1.78405e-10 -9.51976e-11 0)
(1.9508e-10 -9.13526e-11 0)
(2.10987e-10 -8.67083e-11 0)
(2.26045e-10 -8.12218e-11 0)
(2.40112e-10 -7.50685e-11 0)
(2.53025e-10 -6.82848e-11 0)
(2.64735e-10 -6.10558e-11 0)
(2.75137e-10 -5.3351e-11 0)
(2.8413e-10 -4.53545e-11 0)
(2.91654e-10 -3.70515e-11 0)
(2.97639e-10 -2.86202e-11 0)
(3.02067e-10 -1.99688e-11 0)
(3.04976e-10 -1.12933e-11 0)
(3.06371e-10 -2.53543e-12 0)
(3.06298e-10 6.08515e-12 0)
(3.0477e-10 1.45815e-11 0)
(3.01796e-10 2.27296e-11 0)
(2.97377e-10 3.05899e-11 0)
(2.91477e-10 3.80809e-11 0)
(2.84147e-10 4.52608e-11 0)
(2.75517e-10 5.19728e-11 0)
(2.65709e-10 5.8277e-11 0)
(2.54812e-10 6.40915e-11 0)
(2.42922e-10 6.94192e-11 0)
(2.30118e-10 7.41132e-11 0)
(2.16472e-10 7.82791e-11 0)
(2.02122e-10 8.17831e-11 0)
(1.87232e-10 8.46497e-11 0)
(1.71909e-10 8.67756e-11 0)
(1.56254e-10 8.82709e-11 0)
(1.40354e-10 8.89425e-11 0)
(1.24373e-10 8.88478e-11 0)
(1.08487e-10 8.78803e-11 0)
(9.28569e-11 8.60359e-11 0)
(7.76757e-11 8.32335e-11 0)
(6.32139e-11 7.9436e-11 0)
(4.98568e-11 7.44046e-11 0)
(3.71202e-11 6.8094e-11 0)
(2.55797e-11 6.04965e-11 0)
(1.7007e-11 5.12787e-11 0)
(8.04731e-12 3.9784e-11 0)
(2.36835e-12 2.59876e-11 0)
(-2.2814e-13 1.01328e-11 0)
(4.37693e-13 -1.5149e-11 0)
(2.69117e-12 -3.71639e-11 0)
(8.36946e-12 -5.75435e-11 0)
(1.62435e-11 -7.35382e-11 0)
(2.59853e-11 -8.62173e-11 0)
(3.79147e-11 -9.59083e-11 0)
(5.07095e-11 -1.0413e-10 0)
(6.44514e-11 -1.10192e-10 0)
(7.96153e-11 -1.13962e-10 0)
(9.53099e-11 -1.162e-10 0)
(1.11025e-10 -1.17024e-10 0)
(1.26828e-10 -1.16389e-10 0)
(1.42558e-10 -1.14338e-10 0)
(1.57978e-10 -1.11025e-10 0)
(1.72882e-10 -1.06614e-10 0)
(1.87137e-10 -1.01162e-10 0)
(2.00626e-10 -9.47779e-11 0)
(2.13211e-10 -8.76044e-11 0)
(2.24783e-10 -7.97406e-11 0)
(2.35259e-10 -7.1268e-11 0)
(2.44573e-10 -6.23328e-11 0)
(2.52632e-10 -5.30007e-11 0)
(2.59385e-10 -4.33669e-11 0)
(2.64794e-10 -3.34903e-11 0)
(2.68814e-10 -2.34462e-11 0)
(2.71455e-10 -1.32972e-11 0)
(2.72765e-10 -3.16625e-12 0)
(2.7274e-10 6.88493e-12 0)
(2.71396e-10 1.67086e-11 0)
(2.68751e-10 2.62633e-11 0)
(2.64794e-10 3.54231e-11 0)
(2.59543e-10 4.4176e-11 0)
(2.53069e-10 5.24938e-11 0)
(2.45436e-10 6.03886e-11 0)
(2.36732e-10 6.77709e-11 0)
(2.2703e-10 7.46098e-11 0)
(2.16398e-10 8.08294e-11 0)
(2.04943e-10 8.63922e-11 0)
(1.92753e-10 9.12547e-11 0)
(1.79942e-10 9.54197e-11 0)
(1.66623e-10 9.88142e-11 0)
(1.529e-10 1.01405e-10 0)
(1.38853e-10 1.03118e-10 0)
(1.24609e-10 1.03928e-10 0)
(1.10338e-10 1.038e-10 0)
(9.61417e-11 1.02697e-10 0)
(8.21614e-11 1.00515e-10 0)
(6.87545e-11 9.72078e-11 0)
(5.59247e-11 9.27293e-11 0)
(4.36902e-11 8.68305e-11 0)
(3.29524e-11 7.93406e-11 0)
(2.32193e-11 7.03528e-11 0)
(1.36109e-11 5.93202e-11 0)
(7.5655e-12 4.57921e-11 0)
(3.09736e-12 3.0191e-11 0)
(1.79613e-13 1.13251e-11 0)
(-6.19092e-13 -1.54139e-11 0)
(3.09162e-12 -4.09342e-11 0)
(7.52909e-12 -6.27295e-11 0)
(1.43507e-11 -8.10554e-11 0)
(2.27573e-11 -9.58991e-11 0)
(3.26408e-11 -1.07827e-10 0)
(4.35258e-11 -1.17336e-10 0)
(5.5783e-11 -1.24149e-10 0)
(6.90705e-11 -1.28658e-10 0)
(8.26301e-11 -1.31411e-10 0)
(9.63524e-11 -1.32367e-10 0)
(1.10252e-10 -1.31609e-10 0)
(1.24086e-10 -1.29307e-10 0)
(1.37625e-10 -1.25621e-10 0)
(1.50745e-10 -1.20671e-10 0)
(1.63315e-10 -1.1456e-10 0)
(1.75196e-10 -1.0742e-10 0)
(1.86279e-10 -9.93626e-11 0)
(1.96481e-10 -9.05125e-11 0)
(2.05724e-10 -8.09717e-11 0)
(2.13926e-10 -7.08642e-11 0)
(2.21045e-10 -6.0297e-11 0)
(2.27025e-10 -4.93595e-11 0)
(2.31812e-10 -3.81566e-11 0)
(2.35386e-10 -2.67866e-11 0)
(2.37749e-10 -1.53176e-11 0)
(2.38924e-10 -3.86141e-12 0)
(2.38933e-10 7.47364e-12 0)
(2.37792e-10 1.85996e-11 0)
(2.35499e-10 2.94165e-11 0)
(2.32045e-10 3.98598e-11 0)
(2.27459e-10 4.98726e-11 0)
(2.21796e-10 5.93994e-11 0)
(2.15103e-10 6.83837e-11 0)
(2.07444e-10 7.67869e-11 0)
(1.98901e-10 8.45279e-11 0)
(1.8954e-10 9.15822e-11 0)
(1.79449e-10 9.79098e-11 0)
(1.68721e-10 1.03463e-10 0)
(1.5744e-10 1.08191e-10 0)
(1.45712e-10 1.1205e-10 0)
(1.33626e-10 1.14991e-10 0)
(1.21271e-10 1.16962e-10 0)
(1.08755e-10 1.17922e-10 0)
(9.62149e-11 1.17808e-10 0)
(8.37504e-11 1.16552e-10 0)
(7.15057e-11 1.14073e-10 0)
(5.97298e-11 1.10291e-10 0)
(4.84952e-11 1.05078e-10 0)
(3.80763e-11 9.83339e-11 0)
(2.83518e-11 8.98579e-11 0)
(1.95535e-11 7.93255e-11 0)
(1.29546e-11 6.67523e-11 0)
(6.22747e-12 5.17821e-11 0)
(1.60986e-12 3.33235e-11 0)
(2.13811e-13 1.27027e-11 0)
(-1.57156e-13 -1.60508e-11 0)
(2.75699e-12 -4.35812e-11 0)
(6.41275e-12 -6.73163e-11 0)
(1.18593e-11 -8.76403e-11 0)
(1.89266e-11 -1.04383e-10 0)
(2.74122e-11 -1.17763e-10 0)
(3.68224e-11 -1.28035e-10 0)
(4.73311e-11 -1.35597e-10 0)
(5.85838e-11 -1.40852e-10 0)
(7.01287e-11 -1.43992e-10 0)
(8.19366e-11 -1.45099e-10 0)
(9.38835e-11 -1.44325e-10 0)
(1.0576e-10 -1.41853e-10 0)
(1.17403e-10 -1.37847e-10 0)
(1.28693e-10 -1.32439e-10 0)
(1.39513e-10 -1.25768e-10 0)
(1.49761e-10 -1.17964e-10 0)
(1.5933e-10 -1.09145e-10 0)
(1.68139e-10 -9.94451e-11 0)
(1.76122e-10 -8.89934e-11 0)
(1.83218e-10 -7.79051e-11 0)
(1.89375e-10 -6.62876e-11 0)
(1.94547e-10 -5.42858e-11 0)
(1.98687e-10 -4.19892e-11 0)
(2.01789e-10 -2.9507e-11 0)
(2.03854e-10 -1.69353e-11 0)
(2.0489e-10 -4.38434e-12 0)
(2.04915e-10 8.04655e-12 0)
(2.03936e-10 2.02446e-11 0)
(2.01969e-10 3.21103e-11 0)
(1.99018e-10 4.35659e-11 0)
(1.95081e-10 5.45517e-11 0)
(1.90206e-10 6.50088e-11 0)
(1.84451e-10 7.48695e-11 0)
(1.77858e-10 8.40806e-11 0)
(1.70494e-10 9.26038e-11 0)
(1.62443e-10 1.00375e-10 0)
(1.53765e-10 1.07359e-10 0)
(1.44519e-10 1.1349e-10 0)
(1.34796e-10 1.18724e-10 0)
(1.2469e-10 1.23001e-10 0)
(1.1428e-10 1.26272e-10 0)
(1.03636e-10 1.28473e-10 0)
(9.28554e-11 1.29538e-10 0)
(8.20676e-11 1.29405e-10 0)
(7.13499e-11 1.28007e-10 0)
(6.08225e-11 1.25248e-10 0)
(5.07937e-11 1.21028e-10 0)
(4.12534e-11 1.15255e-10 0)
(3.21558e-11 1.07744e-10 0)
(2.41926e-11 9.8257e-11 0)
(1.71135e-11 8.68279e-11 0)
(1.00372e-11 7.28805e-11 0)
(5.35271e-12 5.58803e-11 0)
(2.14577e-12 3.65171e-11 0)
(1.19328e-14 1.36665e-11 0)
(-7.13542e-14 -1.73744e-11 0)
(2.19393e-12 -4.64653e-11 0)
(5.19566e-12 -7.21066e-11 0)
(9.48802e-12 -9.37973e-11 0)
(1.54542e-11 -1.11631e-10 0)
(2.26374e-11 -1.25907e-10 0)
(3.0408e-11 -1.37044e-10 0)
(3.90044e-11 -1.45419e-10 0)
(4.83044e-11 -1.51264e-10 0)
(5.78855e-11 -1.54697e-10 0)
(6.77007e-11 -1.5595e-10 0)
(7.76873e-11 -1.55195e-10 0)
(8.76176e-11 -1.52597e-10 0)
(9.73403e-11 -1.48325e-10 0)
(1.06784e-10 -1.42536e-10 0)
(1.15848e-10 -1.35369e-10 0)
(1.24435e-10 -1.26976e-10 0)
(1.32459e-10 -1.17498e-10 0)
(1.39841e-10 -1.07074e-10 0)
(1.46538e-10 -9.58246e-11 0)
(1.52501e-10 -8.38978e-11 0)
(1.57666e-10 -7.14152e-11 0)
(1.61999e-10 -5.85019e-11 0)
(1.65483e-10 -4.52752e-11 0)
(1.68091e-10 -3.18503e-11 0)
(1.69826e-10 -1.83434e-11 0)
(1.70702e-10 -4.86065e-12 0)
(1.70731e-10 8.48987e-12 0)
(1.69915e-10 2.16047e-11 0)
(1.68262e-10 3.43904e-11 0)
(1.65781e-10 4.6741e-11 0)
(1.62494e-10 5.858e-11 0)
(1.58422e-10 6.98527e-11 0)
(1.53596e-10 8.04866e-11 0)
(1.48084e-10 9.04248e-11 0)
(1.41934e-10 9.96156e-11 0)
(1.35192e-10 1.08004e-10 0)
(1.27923e-10 1.15517e-10 0)
(1.20184e-10 1.22113e-10 0)
(1.12044e-10 1.27738e-10 0)
(1.03585e-10 1.32335e-10 0)
(9.48704e-11 1.35839e-10 0)
(8.59554e-11 1.38186e-10 0)
(7.69345e-11 1.39308e-10 0)
(6.79299e-11 1.3914e-10 0)
(5.89973e-11 1.376e-10 0)
(5.02414e-11 1.34592e-10 0)
(4.19125e-11 1.30016e-10 0)
(3.40019e-11 1.23713e-10 0)
(2.66405e-11 1.15523e-10 0)
(1.99387e-11 1.05334e-10 0)
(1.38054e-11 9.26778e-11 0)
(8.9628e-12 7.7565e-11 0)
(4.36839e-12 5.9929e-11 0)
(1.25647e-12 3.83968e-11 0)
(-1.62165e-14 1.44464e-11 0)
(-3.29445e-13 -1.83261e-11 0)
(1.76757e-12 -4.87602e-11 0)
(4.01374e-12 -7.57762e-11 0)
(7.474e-12 -9.84943e-11 0)
(1.22906e-11 -1.17328e-10 0)
(1.79856e-11 -1.32541e-10 0)
(2.40238e-11 -1.44575e-10 0)
(3.07946e-11 -1.53633e-10 0)
(3.82255e-11 -1.59899e-10 0)
(4.58908e-11 -1.63622e-10 0)
(5.37343e-11 -1.65022e-10 0)
(6.17238e-11 -1.64261e-10 0)
(6.96861e-11 -1.61566e-10 0)
(7.74927e-11 -1.57084e-10 0)
(8.50829e-11 -1.50983e-10 0)
(9.23714e-11 -1.4342e-10 0)
(9.92757e-11 -1.34552e-10 0)
(1.05728e-10 -1.24536e-10 0)
(1.11682e-10 -1.13512e-10 0)
(1.17079e-10 -1.01617e-10 0)
(1.21871e-10 -8.89931e-11 0)
(1.26035e-10 -7.57907e-11 0)
(1.29532e-10 -6.21186e-11 0)
(1.3233e-10 -4.81212e-11 0)
(1.34422e-10 -3.39119e-11 0)
(1.35815e-10 -1.96059e-11 0)
(1.3652e-10 -5.31406e-12 0)
(1.36546e-10 8.84545e-12 0)
(1.359e-10 2.27548e-11 0)
(1.34574e-10 3.63123e-11 0)
(1.32569e-10 4.94175e-11 0)
(1.29909e-10 6.19959e-11 0)
(1.2662e-10 7.39611e-11 0)
(1.22735e-10 8.52564e-11 0)
(1.18292e-10 9.58153e-11 0)
(1.13334e-10 1.05567e-10 0)
(1.079e-10 1.14452e-10 0)
(1.02043e-10 1.22417e-10 0)
(9.5814e-11 1.29404e-10 0)
(8.92663e-11 1.35357e-10 0)
(8.24627e-11 1.40213e-10 0)
(7.54566e-11 1.43907e-10 0)
(6.82969e-11 1.46375e-10 0)
(6.10633e-11 1.47551e-10 0)
(5.38582e-11 1.47352e-10 0)
(4.67187e-11 1.45691e-10 0)
(3.97393e-11 1.42465e-10 0)
(3.31594e-11 1.37557e-10 0)
(2.69109e-11 1.30831e-10 0)
(2.09968e-11 1.22079e-10 0)
(1.58063e-11 1.11083e-10 0)
(1.12199e-11 9.78391e-11 0)
(6.76477e-12 8.1781e-11 0)
(3.45596e-12 6.24725e-11 0)
(1.32866e-12 4.06055e-11 0)
(-7.67817e-15 1.50305e-11 0)
(-3.60458e-13 -1.87903e-11 0)
(1.43392e-12 -5.03535e-11 0)
(3.04504e-12 -7.8272e-11 0)
(5.50484e-12 -1.01931e-10 0)
(9.08692e-12 -1.2166e-10 0)
(1.33405e-11 -1.37693e-10 0)
(1.77342e-11 -1.50365e-10 0)
(2.2799e-11 -1.59895e-10 0)
(2.83982e-11 -1.66501e-10 0)
(3.4107e-11 -1.70459e-10 0)
(3.99945e-11 -1.71985e-10 0)
(4.60137e-11 -1.71267e-10 0)
(5.19989e-11 -1.68497e-10 0)
(5.78826e-11 -1.6386e-10 0)
(6.36106e-11 -1.57524e-10 0)
(6.91187e-11 -1.49669e-10 0)
(7.43345e-11 -1.40437e-10 0)
(7.92108e-11 -1.30005e-10 0)
(8.37085e-11 -1.18509e-10 0)
(8.77947e-11 -1.06122e-10 0)
(9.14222e-11 -9.29627e-11 0)
(9.45659e-11 -7.91938e-11 0)
(9.72035e-11 -6.49423e-11 0)
(9.93154e-11 -5.03428e-11 0)
(1.00901e-10 -3.55081e-11 0)
(1.01963e-10 -2.05716e-11 0)
(1.02504e-10 -5.64134e-12 0)
(1.02517e-10 9.1453e-12 0)
(1.02004e-10 2.3673e-11 0)
(1.00974e-10 3.78217e-11 0)
(9.94393e-11 5.15052e-11 0)
(9.7413e-11 6.46301e-11 0)
(9.49089e-11 7.71286e-11 0)
(9.19536e-11 8.89229e-11 0)
(8.85765e-11 9.99471e-11 0)
(8.48072e-11 1.10136e-10 0)
(8.06847e-11 1.19415e-10 0)
(7.62492e-11 1.27736e-10 0)
(7.1535e-11 1.35036e-10 0)
(6.65813e-11 1.41251e-10 0)
(6.14379e-11 1.46315e-10 0)
(5.61513e-11 1.50167e-10 0)
(5.07564e-11 1.52739e-10 0)
(4.53137e-11 1.53956e-10 0)
(3.99158e-11 1.5373e-10 0)
(3.45765e-11 1.51964e-10 0)
(2.93667e-11 1.48563e-10 0)
(2.45e-11 1.43386e-10 0)
(1.98734e-11 1.36275e-10 0)
(1.55363e-11 1.271e-10 0)
(1.18055e-11 1.15645e-10 0)
(8.24094e-12 1.01568e-10 0)
(5.13307e-12 8.48044e-11 0)
(2.69092e-12 6.52764e-11 0)
(8.07425e-13 4.16907e-11 0)
(5.24174e-14 1.56175e-11 0)
(-3.63665e-13 -1.91368e-11 0)
(1.0965e-12 -5.14818e-11 0)
(2.03678e-12 -8.00908e-11 0)
(3.55197e-12 -1.04456e-10 0)
(5.95899e-12 -1.2477e-10 0)
(8.81586e-12 -1.41334e-10 0)
(1.16432e-11 -1.54416e-10 0)
(1.49898e-11 -1.64264e-10 0)
(1.87625e-11 -1.71151e-10 0)
(2.2578e-11 -1.75296e-10 0)
(2.65018e-11 -1.76919e-10 0)
(3.05262e-11 -1.76245e-10 0)
(3.45721e-11 -1.7343e-10 0)
(3.854e-11 -1.68693e-10 0)
(4.24028e-11 -1.62201e-10 0)
(4.61263e-11 -1.54127e-10 0)
(4.96571e-11 -1.44643e-10 0)
(5.2957e-11 -1.33909e-10 0)
(5.6e-11 -1.22087e-10 0)
(5.87608e-11 -1.09323e-10 0)
(6.12135e-11 -9.57895e-11 0)
(6.3336e-11 -8.16096e-11 0)
(6.51216e-11 -6.69411e-11 0)
(6.65523e-11 -5.19009e-11 0)
(6.76213e-11 -3.66238e-11 0)
(6.83353e-11 -2.12232e-11 0)
(6.86918e-11 -5.84054e-12 0)
(6.86807e-11 9.39518e-12 0)
(6.831e-11 2.43456e-11 0)
(6.75834e-11 3.89065e-11 0)
(6.65054e-11 5.29938e-11 0)
(6.50953e-11 6.65178e-11 0)
(6.33722e-11 7.93955e-11 0)
(6.13446e-11 9.1553e-11 0)
(5.90373e-11 1.0291e-10 0)
(5.6461e-11 1.13403e-10 0)
(5.3646e-11 1.2297e-10 0)
(5.06308e-11 1.31543e-10 0)
(4.74271e-11 1.39057e-10 0)
(4.40642e-11 1.45449e-10 0)
(4.05845e-11 1.50654e-10 0)
(3.70197e-11 1.54608e-10 0)
(3.33873e-11 1.57238e-10 0)
(2.97293e-11 1.58474e-10 0)
(2.61384e-11 1.58212e-10 0)
(2.25863e-11 1.56355e-10 0)
(1.91365e-11 1.52801e-10 0)
(1.59604e-11 1.47416e-10 0)
(1.29979e-11 1.40059e-10 0)
(1.01905e-11 1.30533e-10 0)
(7.71047e-12 1.18642e-10 0)
(5.59282e-12 1.0429e-10 0)
(3.62532e-12 8.7018e-11 0)
(1.57995e-12 6.6414e-11 0)
(4.61433e-13 4.29504e-11 0)
(-1.34735e-13 1.58104e-11 0)
(-3.34662e-13 -1.93578e-11 0)
(7.09537e-13 -5.2161e-11 0)
(1.09354e-12 -8.12176e-11 0)
(1.66626e-12 -1.05946e-10 0)
(2.93716e-12 -1.26607e-10 0)
(4.43225e-12 -1.43472e-10 0)
(5.71813e-12 -1.5682e-10 0)
(7.36955e-12 -1.66894e-10 0)
(9.32195e-12 -1.73954e-10 0)
(1.12474e-11 -1.7823e-10 0)
(1.32764e-11 -1.7993e-10 0)
(1.52812e-11 -1.79276e-10 0)
(1.74121e-11 -1.76458e-10 0)
(1.94698e-11 -1.71663e-10 0)
(2.14917e-11 -1.65081e-10 0)
(2.34422e-11 -1.56877e-10 0)
(2.52877e-11 -1.47238e-10 0)
(2.70121e-11 -1.36319e-10 0)
(2.86096e-11 -1.24293e-10 0)
(3.00515e-11 -1.11309e-10 0)
(3.13254e-11 -9.75344e-11 0)
(3.24299e-11 -8.31083e-11 0)
(3.33527e-11 -6.81809e-11 0)
(3.40983e-11 -5.28717e-11 0)
(3.46674e-11 -3.73092e-11 0)
(3.5049e-11 -2.16118e-11 0)
(3.52219e-11 -5.9399e-12 0)
(3.51687e-11 9.5743e-12 0)
(3.49014e-11 2.47951e-11 0)
(3.44629e-11 3.96168e-11 0)
(3.386e-11 5.39523e-11 0)
(3.30833e-11 6.77244e-11 0)
(3.21382e-11 8.08405e-11 0)
(3.10293e-11 9.32191e-11 0)
(2.97699e-11 1.0479e-10 0)
(2.83827e-11 1.15465e-10 0)
(2.68777e-11 1.25206e-10 0)
(2.52658e-11 1.33924e-10 0)
(2.35629e-11 1.4156e-10 0)
(2.17864e-11 1.48052e-10 0)
(1.99627e-11 1.53334e-10 0)
(1.8109e-11 1.57337e-10 0)
(1.62311e-11 1.59989e-10 0)
(1.43257e-11 1.61205e-10 0)
(1.258e-11 1.60906e-10 0)
(1.07694e-11 1.5899e-10 0)
(9.05799e-12 1.55333e-10 0)
(7.59398e-12 1.49804e-10 0)
(6.19935e-12 1.42243e-10 0)
(4.86455e-12 1.32523e-10 0)
(4.00431e-12 1.2046e-10 0)
(2.9167e-12 1.05623e-10 0)
(1.57712e-12 8.80778e-11 0)
(1.09061e-12 6.75882e-11 0)
(3.06133e-13 4.31515e-11 0)
(9.66899e-14 1.59967e-11 0)
(-3.26342e-13 -1.94011e-11 0)
(3.34778e-13 -5.23692e-11 0)
(1.46202e-13 -8.15423e-11 0)
(-1.30936e-13 -1.06374e-10 0)
(8.42605e-15 -1.27157e-10 0)
(1.57082e-13 -1.44145e-10 0)
(-8.63888e-14 -1.57608e-10 0)
(-1.07556e-13 -1.67796e-10 0)
(5.55256e-14 -1.74949e-10 0)
(1.0763e-13 -1.79293e-10 0)
(1.90836e-13 -1.81033e-10 0)
(3.48958e-13 -1.80399e-10 0)
(5.39209e-13 -1.776e-10 0)
(7.10747e-13 -1.72789e-10 0)
(8.95e-13 -1.66175e-10 0)
(1.08611e-12 -1.57936e-10 0)
(1.26451e-12 -1.48239e-10 0)
(1.42912e-12 -1.37249e-10 0)
(1.58041e-12 -1.25133e-10 0)
(1.71049e-12 -1.12062e-10 0)
(1.81596e-12 -9.81776e-11 0)
(1.90185e-12 -8.3643e-11 0)
(1.98355e-12 -6.85883e-11 0)
(2.06613e-12 -5.31525e-11 0)
(2.14111e-12 -3.74716e-11 0)
(2.17689e-12 -2.16903e-11 0)
(2.14736e-12 -5.94435e-12 0)
(2.05425e-12 9.63747e-12 0)
(1.91593e-12 2.49484e-11 0)
(1.76588e-12 3.98903e-11 0)
(1.61592e-12 5.43457e-11 0)
(1.45698e-12 6.82227e-11 0)
(1.27967e-12 8.14343e-11 0)
(1.08936e-12 9.39018e-11 0)
(8.79393e-13 1.05548e-10 0)
(6.65732e-13 1.16309e-10 0)
(4.52322e-13 1.26099e-10 0)
(2.32915e-13 1.34867e-10 0)
(2.11773e-14 1.42541e-10 0)
(-1.82343e-13 1.4906e-10 0)
(-3.64972e-13 1.54359e-10 0)
(-5.1867e-13 1.58367e-10 0)
(-6.55048e-13 1.61013e-10 0)
(-7.8048e-13 1.62203e-10 0)
(-8.33455e-13 1.61866e-10 0)
(-8.49586e-13 1.59907e-10 0)
(-8.40427e-13 1.56187e-10 0)
(-6.81944e-13 1.50575e-10 0)
(-4.34349e-13 1.42931e-10 0)
(-1.88535e-13 1.33105e-10 0)
(-7.7375e-14 1.20873e-10 0)
(1.96025e-13 1.06105e-10 0)
(6.45927e-13 8.84805e-11 0)
(-1.31465e-13 6.74401e-11 0)
(-3.71579e-13 4.34259e-11 0)
(-1.1061e-13 1.59282e-11 0)
(-3.25526e-13 -1.93216e-11 0)
(2.03895e-14 -5.2058e-11 0)
(-6.92213e-13 -8.10901e-11 0)
(-1.88196e-12 -1.05786e-10 0)
(-2.86123e-12 -1.26464e-10 0)
(-4.03209e-12 -1.43388e-10 0)
(-5.78051e-12 -1.56804e-10 0)
(-7.45261e-12 -1.66973e-10 0)
(-9.0447e-12 -1.7412e-10 0)
(-1.08123e-11 -1.78467e-10 0)
(-1.26557e-11 -1.80229e-10 0)
(-1.43221e-11 -1.79617e-10 0)
(-1.6068e-11 -1.76837e-10 0)
(-1.77457e-11 -1.72068e-10 0)
(-1.93747e-11 -1.65491e-10 0)
(-2.09223e-11 -1.57293e-10 0)
(-2.23836e-11 -1.47636e-10 0)
(-2.37526e-11 -1.36689e-10 0)
(-2.50222e-11 -1.24614e-10 0)
(-2.61815e-11 -1.11577e-10 0)
(-2.72239e-11 -9.77211e-11 0)
(-2.813e-11 -8.31985e-11 0)
(-2.88842e-11 -6.816e-11 0)
(-2.94876e-11 -5.27679e-11 0)
(-2.99478e-11 -3.71568e-11 0)
(-3.02821e-11 -2.1487e-11 0)
(-3.05059e-11 -5.85685e-12 0)
(-3.06207e-11 9.62309e-12 0)
(-3.05998e-11 2.48603e-11 0)
(-3.04302e-11 3.97377e-11 0)
(-3.01198e-11 5.41564e-11 0)
(-2.96702e-11 6.79955e-11 0)
(-2.90874e-11 8.11724e-11 0)
(-2.83822e-11 9.35995e-11 0)
(-2.75519e-11 1.05199e-10 0)
(-2.66077e-11 1.15909e-10 0)
(-2.55535e-11 1.25651e-10 0)
(-2.43901e-11 1.34367e-10 0)
(-2.31329e-11 1.41994e-10 0)
(-2.1783e-11 1.48463e-10 0)
(-2.03438e-11 1.5372e-10 0)
(-1.88238e-11 1.57688e-10 0)
(-1.72575e-11 1.60293e-10 0)
(-1.56126e-11 1.61455e-10 0)
(-1.39913e-11 1.61087e-10 0)
(-1.22536e-11 1.59089e-10 0)
(-1.05629e-11 1.55349e-10 0)
(-8.73745e-12 1.49727e-10 0)
(-6.98137e-12 1.42078e-10 0)
(-5.39569e-12 1.32279e-10 0)
(-3.55483e-12 1.20128e-10 0)
(-2.24968e-12 1.05322e-10 0)
(-1.78028e-12 8.77545e-11 0)
(-3.92161e-13 6.71006e-11 0)
(-1.50656e-13 4.28475e-11 0)
(1.28922e-13 1.58165e-11 0)
(-4.23534e-13 -1.89886e-11 0)
(-2.426e-13 -5.13487e-11 0)
(-1.61269e-12 -7.98986e-11 0)
(-3.58887e-12 -1.04187e-10 0)
(-5.67135e-12 -1.2456e-10 0)
(-8.15124e-12 -1.41226e-10 0)
(-1.13796e-11 -1.54436e-10 0)
(-1.46743e-11 -1.64454e-10 0)
(-1.79886e-11 -1.71496e-10 0)
(-2.15581e-11 -1.7578e-10 0)
(-2.52174e-11 -1.7753e-10 0)
(-2.87945e-11 -1.76936e-10 0)
(-3.23855e-11 -1.74195e-10 0)
(-3.59035e-11 -1.69501e-10 0)
(-3.93092e-11 -1.63029e-10 0)
(-4.25621e-11 -1.54947e-10 0)
(-4.56378e-11 -1.45428e-10 0)
(-4.85182e-11 -1.34639e-10 0)
(-5.11809e-11 -1.22741e-10 0)
(-5.35974e-11 -1.09882e-10 0)
(-5.57483e-11 -9.62231e-11 0)
(-5.76281e-11 -8.19043e-11 0)
(-5.92266e-11 -6.70838e-11 0)
(-6.05224e-11 -5.19057e-11 0)
(-6.15247e-11 -3.65281e-11 0)
(-6.22358e-11 -2.1075e-11 0)
(-6.26418e-11 -5.67186e-12 0)
(-6.27483e-11 9.59547e-12 0)
(-6.25598e-11 2.46219e-11 0)
(-6.20678e-11 3.92971e-11 0)
(-6.12857e-11 5.35027e-11 0)
(-6.02291e-11 6.71423e-11 0)
(-5.88981e-11 8.01125e-11 0)
(-5.73078e-11 9.23514e-11 0)
(-5.54651e-11 1.03773e-10 0)
(-5.33798e-11 1.14307e-10 0)
(-5.10688e-11 1.23889e-10 0)
(-4.85507e-11 1.32455e-10 0)
(-4.58462e-11 1.39938e-10 0)
(-4.29664e-11 1.46291e-10 0)
(-3.99296e-11 1.51435e-10 0)
(-3.67685e-11 1.55313e-10 0)
(-3.35214e-11 1.57845e-10 0)
(-3.01984e-11 1.58959e-10 0)
(-2.68247e-11 1.5856e-10 0)
(-2.34182e-11 1.56559e-10 0)
(-2.00677e-11 1.5284e-10 0)
(-1.66926e-11 1.47281e-10 0)
(-1.33486e-11 1.39741e-10 0)
(-1.01995e-11 1.30051e-10 0)
(-7.59126e-12 1.18033e-10 0)
(-4.97872e-12 1.03593e-10 0)
(-2.22566e-12 8.61297e-11 0)
(-1.68709e-12 6.56306e-11 0)
(-1.14844e-12 4.229e-11 0)
(-3.65069e-14 1.5537e-11 0)
(-2.95413e-13 -1.85225e-11 0)
(-5.56337e-13 -5.01302e-11 0)
(-2.39142e-12 -7.79705e-11 0)
(-5.28808e-12 -1.01625e-10 0)
(-8.47244e-12 -1.21457e-10 0)
(-1.22126e-11 -1.37671e-10 0)
(-1.68989e-11 -1.50521e-10 0)
(-2.1793e-11 -1.60266e-10 0)
(-2.68012e-11 -1.67113e-10 0)
(-3.21458e-11 -1.71283e-10 0)
(-3.76137e-11 -1.72982e-10 0)
(-4.30416e-11 -1.72397e-10 0)
(-4.84432e-11 -1.69719e-10 0)
(-5.37608e-11 -1.65139e-10 0)
(-5.89091e-11 -1.58824e-10 0)
(-6.383e-11 -1.50943e-10 0)
(-6.84912e-11 -1.41659e-10 0)
(-7.28551e-11 -1.3114e-10 0)
(-7.68773e-11 -1.19534e-10 0)
(-8.05314e-11 -1.06999e-10 0)
(-8.37918e-11 -9.36825e-11 0)
(-8.66282e-11 -7.97389e-11 0)
(-8.9025e-11 -6.52995e-11 0)
(-9.09825e-11 -5.0515e-11 0)
(-9.24913e-11 -3.55189e-11 0)
(-9.35424e-11 -2.04313e-11 0)
(-9.41231e-11 -5.3671e-12 0)
(-9.42276e-11 9.54837e-12 0)
(-9.38699e-11 2.42112e-11 0)
(-9.3069e-11 3.85082e-11 0)
(-9.18401e-11 5.23429e-11 0)
(-9.01926e-11 6.56178e-11 0)
(-8.81221e-11 7.82537e-11 0)
(-8.56466e-11 9.01617e-11 0)
(-8.27992e-11 1.01278e-10 0)
(-7.9593e-11 1.11519e-10 0)
(-7.60517e-11 1.20832e-10 0)
(-7.22041e-11 1.29147e-10 0)
(-6.80724e-11 1.36412e-10 0)
(-6.36935e-11 1.42564e-10 0)
(-5.90995e-11 1.4754e-10 0)
(-5.43231e-11 1.51275e-10 0)
(-4.94291e-11 1.53708e-10 0)
(-4.44489e-11 1.54756e-10 0)
(-3.93898e-11 1.54335e-10 0)
(-3.43391e-11 1.52354e-10 0)
(-2.93759e-11 1.48712e-10 0)
(-2.43837e-11 1.43281e-10 0)
(-1.96231e-11 1.35911e-10 0)
(-1.52467e-11 1.26473e-10 0)
(-1.07709e-11 1.14791e-10 0)
(-7.17116e-12 1.00549e-10 0)
(-4.8973e-12 8.36599e-11 0)
(-1.86024e-12 6.40862e-11 0)
(-7.42857e-13 4.09627e-11 0)
(2.25905e-13 1.51881e-11 0)
(-3.87964e-13 -1.79498e-11 0)
(-8.14958e-13 -4.83547e-11 0)
(-3.28819e-12 -7.52875e-11 0)
(-6.9585e-12 -9.80669e-11 0)
(-1.12174e-11 -1.17121e-10 0)
(-1.62353e-11 -1.3272e-10 0)
(-2.23657e-11 -1.45064e-10 0)
(-2.88341e-11 -1.54416e-10 0)
(-3.55124e-11 -1.60987e-10 0)
(-4.25948e-11 -1.64981e-10 0)
(-4.9841e-11 -1.66594e-10 0)
(-5.70698e-11 -1.66018e-10 0)
(-6.42569e-11 -1.6343e-10 0)
(-7.13269e-11 -1.59008e-10 0)
(-7.81765e-11 -1.5291e-10 0)
(-8.47301e-11 -1.45307e-10 0)
(-9.09371e-11 -1.36355e-10 0)
(-9.67436e-11 -1.26211e-10 0)
(-1.02099e-10 -1.15021e-10 0)
(-1.06958e-10 -1.02942e-10 0)
(-1.11288e-10 -9.01036e-11 0)
(-1.15059e-10 -7.66591e-11 0)
(-1.18252e-10 -6.27362e-11 0)
(-1.20848e-10 -4.84891e-11 0)
(-1.22828e-10 -3.40234e-11 0)
(-1.24183e-10 -1.94835e-11 0)
(-1.24912e-10 -4.9609e-12 0)
(-1.25024e-10 9.40808e-12 0)
(-1.24527e-10 2.35354e-11 0)
(-1.23425e-10 3.72964e-11 0)
(-1.21735e-10 5.06247e-11 0)
(-1.19479e-10 6.34029e-11 0)
(-1.16672e-10 7.55773e-11 0)
(-1.13341e-10 8.70264e-11 0)
(-1.0951e-10 9.77156e-11 0)
(-1.05203e-10 1.07548e-10 0)
(-1.00452e-10 1.16494e-10 0)
(-9.52977e-11 1.24461e-10 0)
(-8.97774e-11 1.31426e-10 0)
(-8.39367e-11 1.37298e-10 0)
(-7.78157e-11 1.42058e-10 0)
(-7.14666e-11 1.45607e-10 0)
(-6.49627e-11 1.47914e-10 0)
(-5.83577e-11 1.48875e-10 0)
(-5.1669e-11 1.48446e-10 0)
(-4.49982e-11 1.46508e-10 0)
(-3.84471e-11 1.4299e-10 0)
(-3.19964e-11 1.37736e-10 0)
(-2.5712e-11 1.30659e-10 0)
(-1.97864e-11 1.21555e-10 0)
(-1.47392e-11 1.10272e-10 0)
(-9.86894e-12 9.66916e-11 0)
(-5.0354e-12 8.04389e-11 0)
(-3.33382e-12 6.13237e-11 0)
(-1.84053e-12 3.95466e-11 0)
(-1.38173e-13 1.45585e-11 0)
(-2.76297e-13 -1.71649e-11 0)
(-1.19422e-12 -4.62042e-11 0)
(-4.04147e-12 -7.18244e-11 0)
(-8.5945e-12 -9.35077e-11 0)
(-1.39776e-11 -1.11613e-10 0)
(-2.02652e-11 -1.26421e-10 0)
(-2.78032e-11 -1.38116e-10 0)
(-3.58271e-11 -1.46962e-10 0)
(-4.41467e-11 -1.53179e-10 0)
(-5.2932e-11 -1.56942e-10 0)
(-6.19219e-11 -1.58455e-10 0)
(-7.09079e-11 -1.57877e-10 0)
(-7.9838e-11 -1.55403e-10 0)
(-8.86171e-11 -1.51167e-10 0)
(-9.71219e-11 -1.45365e-10 0)
(-1.05266e-10 -1.38107e-10 0)
(-1.12979e-10 -1.29592e-10 0)
(-1.20191e-10 -1.19913e-10 0)
(-1.26841e-10 -1.09281e-10 0)
(-1.32871e-10 -9.77614e-11 0)
(-1.38239e-10 -8.55702e-11 0)
(-1.42906e-10 -7.27521e-11 0)
(-1.46853e-10 -5.95345e-11 0)
(-1.50057e-10 -4.59366e-11 0)
(-1.52501e-10 -3.21925e-11 0)
(-1.54169e-10 -1.83082e-11 0)
(-1.55048e-10 -4.52167e-12 0)
(-1.55142e-10 9.19466e-12 0)
(-1.54469e-10 2.26028e-11 0)
(-1.53046e-10 3.57472e-11 0)
(-1.50902e-10 4.83897e-11 0)
(-1.48056e-10 6.0588e-11 0)
(-1.44532e-10 7.2107e-11 0)
(-1.40354e-10 8.30237e-11 0)
(-1.35554e-10 9.31174e-11 0)
(-1.30168e-10 1.02485e-10 0)
(-1.24239e-10 1.10908e-10 0)
(-1.17813e-10 1.18487e-10 0)
(-1.10935e-10 1.25016e-10 0)
(-1.03663e-10 1.30596e-10 0)
(-9.6054e-11 1.35029e-10 0)
(-8.81732e-11 1.384e-10 0)
(-8.011e-11 1.40511e-10 0)
(-7.19219e-11 1.41424e-10 0)
(-6.36398e-11 1.40949e-10 0)
(-5.54033e-11 1.39118e-10 0)
(-4.73318e-11 1.35724e-10 0)
(-3.93309e-11 1.30762e-10 0)
(-3.17136e-11 1.23992e-10 0)
(-2.47017e-11 1.15379e-10 0)
(-1.77271e-11 1.04709e-10 0)
(-1.19891e-11 9.16212e-11 0)
(-8.08343e-12 7.62154e-11 0)
(-3.33662e-12 5.8458e-11 0)
(-1.16385e-12 3.73287e-11 0)
(1.91767e-13 1.38337e-11 0)
(-3.16852e-13 -1.62476e-11 0)
(-1.54176e-12 -4.3593e-11 0)
(-4.92693e-12 -6.76527e-11 0)
(-1.03061e-11 -8.79742e-11 0)
(-1.67665e-11 -1.04914e-10 0)
(-2.43082e-11 -1.1879e-10 0)
(-3.32453e-11 -1.29707e-10 0)
(-4.2805e-11 -1.37957e-10 0)
(-5.2739e-11 -1.4374e-10 0)
(-6.31935e-11 -1.47247e-10 0)
(-7.38801e-11 -1.48622e-10 0)
(-8.45791e-11 -1.48071e-10 0)
(-9.52026e-11 -1.45714e-10 0)
(-1.0565e-10 -1.41743e-10 0)
(-1.15766e-10 -1.36249e-10 0)
(-1.25454e-10 -1.29451e-10 0)
(-1.34619e-10 -1.2142e-10 0)
(-1.43202e-10 -1.12372e-10 0)
(-1.51103e-10 -1.02345e-10 0)
(-1.5827e-10 -9.15736e-11 0)
(-1.64639e-10 -8.00841e-11 0)
(-1.70181e-10 -6.81096e-11 0)
(-1.74849e-10 -5.56593e-11 0)
(-1.78628e-10 -4.29552e-11 0)
(-1.81489e-10 -3.00014e-11 0)
(-1.8343e-10 -1.70189e-11 0)
(-1.84427e-10 -3.9988e-12 0)
(-1.84501e-10 8.82741e-12 0)
(-1.83659e-10 2.14836e-11 0)
(-1.81923e-10 3.37565e-11 0)
(-1.7932e-10 4.56863e-11 0)
(-1.7589e-10 5.70663e-11 0)
(-1.71655e-10 6.79352e-11 0)
(-1.66649e-10 7.81004e-11 0)
(-1.60903e-10 8.76074e-11 0)
(-1.54464e-10 9.62805e-11 0)
(-1.47384e-10 1.04193e-10 0)
(-1.39717e-10 1.11181e-10 0)
(-1.31521e-10 1.17308e-10 0)
(-1.22857e-10 1.22412e-10 0)
(-1.13803e-10 1.26562e-10 0)
(-1.04428e-10 1.29608e-10 0)
(-9.48485e-11 1.31599e-10 0)
(-8.51216e-11 1.32385e-10 0)
(-7.53086e-11 1.3197e-10 0)
(-6.55437e-11 1.30198e-10 0)
(-5.59703e-11 1.27045e-10 0)
(-4.66103e-11 1.22346e-10 0)
(-3.75637e-11 1.1606e-10 0)
(-2.89984e-11 1.07996e-10 0)
(-2.17654e-11 9.79051e-11 0)
(-1.48588e-11 8.58391e-11 0)
(-7.83555e-12 7.1517e-11 0)
(-4.91669e-12 5.43872e-11 0)
(-2.59555e-12 3.51992e-11 0)
(-9.33281e-14 1.28963e-11 0)
(-2.23643e-13 -1.51379e-11 0)
(-1.96871e-12 -4.05586e-11 0)
(-5.80268e-12 -6.27139e-11 0)
(-1.20255e-11 -8.15239e-11 0)
(-1.96493e-11 -9.70479e-11 0)
(-2.84577e-11 -1.0979e-10 0)
(-3.87422e-11 -1.19825e-10 0)
(-4.98064e-11 -1.27379e-10 0)
(-6.13333e-11 -1.32655e-10 0)
(-7.34098e-11 -1.35855e-10 0)
(-8.57595e-11 -1.37093e-10 0)
(-9.81192e-11 -1.36568e-10 0)
(-1.10394e-10 -1.34353e-10 0)
(-1.22433e-10 -1.30682e-10 0)
(-1.34111e-10 -1.25576e-10 0)
(-1.45296e-10 -1.19315e-10 0)
(-1.55894e-10 -1.1186e-10 0)
(-1.65779e-10 -1.03531e-10 0)
(-1.7489e-10 -9.42357e-11 0)
(-1.83145e-10 -8.43319e-11 0)
(-1.90489e-10 -7.36743e-11 0)
(-1.96859e-10 -6.26757e-11 0)
(-2.02218e-10 -5.11119e-11 0)
(-2.06538e-10 -3.946e-11 0)
(-2.09802e-10 -2.74202e-11 0)
(-2.11984e-10 -1.55254e-11 0)
(-2.13089e-10 -3.41801e-12 0)
(-2.13118e-10 8.3161e-12 0)
(-2.12088e-10 2.00979e-11 0)
(-2.10019e-10 3.13152e-11 0)
(-2.06953e-10 4.2437e-11 0)
(-2.02936e-10 5.28239e-11 0)
(-1.98e-10 6.29725e-11 0)
(-1.92187e-10 7.22037e-11 0)
(-1.85536e-10 8.10691e-11 0)
(-1.78081e-10 8.88987e-11 0)
(-1.69877e-10 9.62766e-11 0)
(-1.61004e-10 1.02535e-10 0)
(-1.51527e-10 1.08244e-10 0)
(-1.41522e-10 1.1276e-10 0)
(-1.31055e-10 1.16647e-10 0)
(-1.20227e-10 1.19295e-10 0)
(-1.09147e-10 1.21211e-10 0)
(-9.79309e-11 1.2181e-10 0)
(-8.66286e-11 1.2151e-10 0)
(-7.54179e-11 1.19776e-10 0)
(-6.44361e-11 1.16966e-10 0)
(-5.36121e-11 1.12571e-10 0)
(-4.32845e-11 1.06869e-10 0)
(-3.38863e-11 9.93448e-11 0)
(-2.46097e-11 9.02824e-11 0)
(-1.66887e-11 7.90847e-11 0)
(-1.13354e-11 6.57356e-11 0)
(-4.86323e-12 5.03496e-11 0)
(-1.60592e-12 3.24535e-11 0)
(2.70837e-13 1.19524e-11 0)
(-1.37308e-13 -1.39659e-11 0)
(-2.28859e-12 -3.7207e-11 0)
(-6.767e-12 -5.73545e-11 0)
(-1.38815e-11 -7.43782e-11 0)
(-2.25213e-11 -8.84054e-11 0)
(-3.26663e-11 -9.97665e-11 0)
(-4.43315e-11 -1.08785e-10 0)
(-5.68513e-11 -1.15511e-10 0)
(-6.99352e-11 -1.20247e-10 0)
(-8.36188e-11 -1.23039e-10 0)
(-9.75821e-11 -1.24182e-10 0)
(-1.11538e-10 -1.23604e-10 0)
(-1.25409e-10 -1.21686e-10 0)
(-1.39013e-10 -1.18245e-10 0)
(-1.52215e-10 -1.13767e-10 0)
(-1.64829e-10 -1.07945e-10 0)
(-1.76785e-10 -1.01382e-10 0)
(-1.87944e-10 -9.36312e-11 0)
(-1.9823e-10 -8.54416e-11 0)
(-2.07521e-10 -7.62249e-11 0)
(-2.15798e-10 -6.68528e-11 0)
(-2.22948e-10 -5.65916e-11 0)
(-2.28981e-10 -4.64377e-11 0)
(-2.33806e-10 -3.55329e-11 0)
(-2.37447e-10 -2.49724e-11 0)
(-2.39849e-10 -1.37909e-11 0)
(-2.41045e-10 -3.19045e-12 0)
(-2.41003e-10 7.88665e-12 0)
(-2.39774e-10 1.81513e-11 0)
(-2.37353e-10 2.87695e-11 0)
(-2.33816e-10 3.83996e-11 0)
(-2.29201e-10 4.8259e-11 0)
(-2.23589e-10 5.6952e-11 0)
(-2.16985e-10 6.57536e-11 0)
(-2.09435e-10 7.32655e-11 0)
(-2.00976e-10 8.08206e-11 0)
(-1.91682e-10 8.70029e-11 0)
(-1.81647e-10 9.31313e-11 0)
(-1.70926e-10 9.78263e-11 0)
(-1.59608e-10 1.02362e-10 0)
(-1.47759e-10 1.05447e-10 0)
(-1.35521e-10 1.08276e-10 0)
(-1.23002e-10 1.09617e-10 0)
(-1.10364e-10 1.10522e-10 0)
(-9.76305e-11 1.09893e-10 0)
(-8.50047e-11 1.08643e-10 0)
(-7.26104e-11 1.05792e-10 0)
(-6.0556e-11 1.02091e-10 0)
(-4.89469e-11 9.66708e-11 0)
(-3.7943e-11 9.01948e-11 0)
(-2.84745e-11 8.18218e-11 0)
(-1.98309e-11 7.17703e-11 0)
(-1.08571e-11 6.00529e-11 0)
(-6.24282e-12 4.59964e-11 0)
(-3.11408e-12 2.95959e-11 0)
(1.97348e-13 1.10991e-11 0)
(-1.62774e-13 -1.27705e-11 0)
(-2.68852e-12 -3.33761e-11 0)
(-7.78358e-12 -5.13893e-11 0)
(-1.58319e-11 -6.63012e-11 0)
(-2.55586e-11 -7.87012e-11 0)
(-3.69388e-11 -8.86074e-11 0)
(-4.99828e-11 -9.64083e-11 0)
(-6.39685e-11 -1.02291e-10 0)
(-7.85635e-11 -1.06359e-10 0)
(-9.38285e-11 -1.08812e-10 0)
(-1.09348e-10 -1.09719e-10 0)
(-1.24921e-10 -1.09268e-10 0)
(-1.40313e-10 -1.07491e-10 0)
(-1.55454e-10 -1.04564e-10 0)
(-1.70069e-10 -1.00504e-10 0)
(-1.84117e-10 -9.55054e-11 0)
(-1.97341e-10 -8.95746e-11 0)
(-2.0974e-10 -8.29058e-11 0)
(-2.21097e-10 -7.54874e-11 0)
(-2.31436e-10 -6.75581e-11 0)
(-2.40548e-10 -5.90591e-11 0)
(-2.48486e-10 -5.0234e-11 0)
(-2.55087e-10 -4.10169e-11 0)
(-2.60418e-10 -3.16188e-11 0)
(-2.64353e-10 -2.20011e-11 0)
(-2.6697e-10 -1.23381e-11 0)
(-2.68185e-10 -2.64257e-12 0)
(-2.68095e-10 6.91853e-12 0)
(-2.66625e-10 1.63245e-11 0)
(-2.63874e-10 2.54354e-11 0)
(-2.59858e-10 3.42529e-11 0)
(-2.54698e-10 4.26593e-11 0)
(-2.48392e-10 5.06226e-11 0)
(-2.41006e-10 5.80656e-11 0)
(-2.32546e-10 6.49725e-11 0)
(-2.23083e-10 7.13174e-11 0)
(-2.12715e-10 7.70732e-11 0)
(-2.01506e-10 8.2229e-11 0)
(-1.8959e-10 8.66514e-11 0)
(-1.76976e-10 9.04239e-11 0)
(-1.63827e-10 9.34327e-11 0)
(-1.50207e-10 9.572e-11 0)
(-1.36381e-10 9.71524e-11 0)
(-1.22344e-10 9.77615e-11 0)
(-1.08299e-10 9.73954e-11 0)
(-9.43154e-11 9.61097e-11 0)
(-8.06968e-11 9.37162e-11 0)
(-6.72647e-11 9.031e-11 0)
(-5.44451e-11 8.57131e-11 0)
(-4.26372e-11 7.98674e-11 0)
(-3.14665e-11 7.25163e-11 0)
(-2.12964e-11 6.41698e-11 0)
(-1.42082e-11 5.34409e-11 0)
(-6.50837e-12 4.10601e-11 0)
(-1.84614e-12 2.68373e-11 0)
(1.65334e-13 1.0131e-11 0)
(-3.90127e-13 -1.12862e-11 0)
(-2.94501e-12 -2.91139e-11 0)
(-8.95314e-12 -4.44924e-11 0)
(-1.79315e-11 -5.69068e-11 0)
(-2.87786e-11 -6.7184e-11 0)
(-4.13198e-11 -7.54077e-11 0)
(-5.57671e-11 -8.18337e-11 0)
(-7.11802e-11 -8.67341e-11 0)
(-8.72792e-11 -9.00514e-11 0)
(-1.04051e-10 -9.21363e-11 0)
(-1.21146e-10 -9.27843e-11 0)
(-1.38217e-10 -9.24687e-11 0)
(-1.55147e-10 -9.08123e-11 0)
(-1.71716e-10 -8.84789e-11 0)
(-1.87779e-10 -8.48477e-11 0)
(-2.03116e-10 -8.08302e-11 0)
(-2.17632e-10 -7.55351e-11 0)
(-2.31151e-10 -7.01726e-11 0)
(-2.43622e-10 -6.3548e-11 0)
(-2.54863e-10 -5.71716e-11 0)
(-2.64851e-10 -4.95416e-11 0)
(-2.73459e-10 -4.24759e-11 0)
(-2.80662e-10 -3.41649e-11 0)
(-2.86398e-10 -2.67351e-11 0)
(-2.9065e-10 -1.80106e-11 0)
(-2.93402e-10 -1.04031e-11 0)
(-2.94673e-10 -1.52847e-12 0)
(-2.94447e-10 5.90412e-12 0)
(-2.9277e-10 1.45026e-11 0)
(-2.89646e-10 2.13699e-11 0)
(-2.85162e-10 2.93623e-11 0)
(-2.79408e-10 3.54838e-11 0)
(-2.72446e-10 4.28011e-11 0)
(-2.64281e-10 4.82283e-11 0)
(-2.54932e-10 5.48764e-11 0)
(-2.44472e-10 5.94976e-11 0)
(-2.32983e-10 6.52376e-11 0)
(-2.20687e-10 6.88512e-11 0)
(-2.07569e-10 7.34876e-11 0)
(-1.93719e-10 7.60656e-11 0)
(-1.79265e-10 7.94613e-11 0)
(-1.64386e-10 8.07066e-11 0)
(-1.49216e-10 8.25945e-11 0)
(-1.33949e-10 8.24567e-11 0)
(-1.18596e-10 8.27521e-11 0)
(-1.03407e-10 8.10942e-11 0)
(-8.8472e-11 7.96528e-11 0)
(-7.38915e-11 7.63434e-11 0)
(-5.99215e-11 7.2906e-11 0)
(-4.67912e-11 6.76908e-11 0)
(-3.48449e-11 6.21494e-11 0)
(-2.4472e-11 5.45641e-11 0)
(-1.42491e-11 4.58864e-11 0)
(-7.59925e-12 3.60994e-11 0)
(-3.07405e-12 2.30922e-11 0)
(-3.09372e-13 8.87721e-12 0)
(-2.07196e-15 -9.58965e-12 0)
(-3.5738e-12 -2.4169e-11 0)
(-9.93688e-12 -3.64926e-11 0)
(-1.97585e-11 -4.6347e-11 0)
(-3.18426e-11 -5.41893e-11 0)
(-4.56884e-11 -6.06232e-11 0)
(-6.15495e-11 -6.56838e-11 0)
(-7.84139e-11 -6.93319e-11 0)
(-9.60298e-11 -7.203e-11 0)
(-1.14301e-10 -7.34967e-11 0)
(-1.32916e-10 -7.41558e-11 0)
(-1.51478e-10 -7.36363e-11 0)
(-1.69918e-10 -7.2579e-11 0)
(-1.87895e-10 -7.03602e-11 0)
(-2.05354e-10 -6.78508e-11 0)
(-2.21961e-10 -6.41601e-11 0)
(-2.37731e-10 -6.04541e-11 0)
(-2.52339e-10 -5.55347e-11 0)
(-2.6585e-10 -5.08959e-11 0)
(-2.77967e-10 -4.49873e-11 0)
(-2.88778e-10 -3.96844e-11 0)
(-2.98026e-10 -3.30844e-11 0)
(-3.05858e-10 -2.74015e-11 0)
(-3.11983e-10 -2.03952e-11 0)
(-3.16555e-10 -1.45347e-11 0)
(-3.19417e-10 -7.26693e-12 0)
(-3.20752e-10 -1.38927e-12 0)
(-3.20437e-10 5.79192e-12 0)
(-3.18621e-10 1.12015e-11 0)
(-3.152e-10 1.78059e-11 0)
(-3.10336e-10 2.24655e-11 0)
(-3.03954e-10 2.8506e-11 0)
(-2.9615e-10 3.27009e-11 0)
(-2.86961e-10 3.84053e-11 0)
(-2.76577e-10 4.22375e-11 0)
(-2.65061e-10 4.74912e-11 0)
(-2.52532e-10 5.07304e-11 0)
(-2.39072e-10 5.52126e-11 0)
(-2.24675e-10 5.77757e-11 0)
(-2.09644e-10 6.13087e-11 0)
(-1.9405e-10 6.28488e-11 0)
(-1.78056e-10 6.51734e-11 0)
(-1.61643e-10 6.5527e-11 0)
(-1.45153e-10 6.65063e-11 0)
(-1.2852e-10 6.57341e-11 0)
(-1.12111e-10 6.53847e-11 0)
(-9.59365e-11 6.34146e-11 0)
(-8.02504e-11 6.15987e-11 0)
(-6.50413e-11 5.83187e-11 0)
(-5.09856e-11 5.49249e-11 0)
(-3.77569e-11 4.99847e-11 0)
(-2.6178e-11 4.45359e-11 0)
(-1.65622e-11 3.79752e-11 0)
(-8.18483e-12 2.90393e-11 0)
(-2.85252e-12 1.9691e-11 0)
(2.74224e-13 7.35496e-12 0)
(-6.98529e-13 -7.23274e-12 0)
(-3.97953e-12 -1.83287e-11 0)
(-1.13159e-11 -2.69399e-11 0)
(-2.18986e-11 -3.44331e-11 0)
(-3.50573e-11 -4.00699e-11 0)
(-5.03456e-11 -4.48644e-11 0)
(-6.74044e-11 -4.86058e-11 0)
(-8.57479e-11 -5.13567e-11 0)
(-1.04853e-10 -5.32951e-11 0)
(-1.24655e-10 -5.44443e-11 0)
(-1.44696e-10 -5.48428e-11 0)
(-1.64823e-10 -5.45557e-11 0)
(-1.84634e-10 -5.36548e-11 0)
(-2.04111e-10 -5.21457e-11 0)
(-2.22818e-10 -5.01244e-11 0)
(-2.40803e-10 -4.75675e-11 0)
(-2.57635e-10 -4.4613e-11 0)
(-2.73445e-10 -4.11788e-11 0)
(-2.8781e-10 -3.74784e-11 0)
(-3.00916e-10 -3.33829e-11 0)
(-3.12375e-10 -2.91442e-11 0)
(-3.22399e-10 -2.45935e-11 0)
(-3.3063e-10 -2.00485e-11 0)
(-3.37295e-10 -1.52529e-11 0)
(-3.42068e-10 -1.05514e-11 0)
(-3.452e-10 -5.55243e-12 0)
(-3.46482e-10 -7.36348e-13 0)
(-3.4618e-10 4.17458e-12 0)
(-3.4412e-10 8.64882e-12 0)
(-3.40462e-10 1.30625e-11 0)
(-3.35011e-10 1.69984e-11 0)
(-3.27933e-10 2.10235e-11 0)
(-3.19243e-10 2.46663e-11 0)
(-3.09116e-10 2.84598e-11 0)
(-2.97657e-10 3.17958e-11 0)
(-2.85021e-10 3.5183e-11 0)
(-2.71354e-10 3.79967e-11 0)
(-2.56625e-10 4.08686e-11 0)
(-2.41208e-10 4.30575e-11 0)
(-2.25016e-10 4.52668e-11 0)
(-2.08314e-10 4.66957e-11 0)
(-1.91087e-10 4.80091e-11 0)
(-1.73663e-10 4.85386e-11 0)
(-1.55868e-10 4.89735e-11 0)
(-1.38155e-10 4.86315e-11 0)
(-1.20447e-10 4.81446e-11 0)
(-1.03243e-10 4.6864e-11 0)
(-8.62269e-11 4.54002e-11 0)
(-7.00773e-11 4.30652e-11 0)
(-5.48252e-11 4.04031e-11 0)
(-4.11179e-11 3.69584e-11 0)
(-2.84709e-11 3.27674e-11 0)
(-1.76751e-11 2.77732e-11 0)
(-9.46263e-12 2.18921e-11 0)
(-3.73678e-12 1.45014e-11 0)
(-6.03154e-13 5.55401e-12 0)
(-8.12263e-16 -4.34835e-12 0)
(-5.16619e-12 -1.08738e-11 0)
(-1.28478e-11 -1.64846e-11 0)
(-2.47217e-11 -2.08368e-11 0)
(-3.88306e-11 -2.46252e-11 0)
(-5.5408e-11 -2.78079e-11 0)
(-7.38124e-11 -3.02801e-11 0)
(-9.34336e-11 -3.21179e-11 0)
(-1.13962e-10 -3.32973e-11 0)
(-1.3514e-10 -3.41243e-11 0)
(-1.5668e-10 -3.43201e-11 0)
(-1.78189e-10 -3.42577e-11 0)
(-1.99502e-10 -3.35429e-11 0)
(-2.20269e-10 -3.27562e-11 0)
(-2.40384e-10 -3.12892e-11 0)
(-2.59531e-10 -2.99046e-11 0)
(-2.77626e-10 -2.77562e-11 0)
(-2.94404e-10 -2.5914e-11 0)
(-3.09851e-10 -2.32334e-11 0)
(-3.23706e-10 -2.10937e-11 0)
(-3.35995e-10 -1.80446e-11 0)
(-3.4653e-10 -1.57378e-11 0)
(-3.55354e-10 -1.23761e-11 0)
(-3.62325e-10 -1.00833e-11 0)
(-3.67512e-10 -6.71342e-12 0)
(-3.70755e-10 -4.27999e-12 0)
(-3.72087e-10 -4.08245e-13 0)
(-3.71485e-10 2.25863e-12 0)
(-3.69086e-10 6.06796e-12 0)
(-3.64843e-10 8.22308e-12 0)
(-3.58931e-10 1.15953e-11 0)
(-3.51195e-10 1.35221e-11 0)
(-3.4169e-10 1.68402e-11 0)
(-3.30625e-10 1.84968e-11 0)
(-3.18247e-10 2.13848e-11 0)
(-3.04668e-10 2.25347e-11 0)
(-2.89924e-10 2.49575e-11 0)
(-2.74223e-10 2.57262e-11 0)
(-2.57503e-10 2.76645e-11 0)
(-2.40149e-10 2.79953e-11 0)
(-2.2232e-10 2.93943e-11 0)
(-2.04043e-10 2.93529e-11 0)
(-1.85279e-10 3.034e-11 0)
(-1.66401e-10 2.99236e-11 0)
(-1.47422e-10 3.02955e-11 0)
(-1.28685e-10 2.93834e-11 0)
(-1.10229e-10 2.90912e-11 0)
(-9.23707e-11 2.76354e-11 0)
(-7.51656e-11 2.65223e-11 0)
(-5.90292e-11 2.4386e-11 0)
(-4.41826e-11 2.22819e-11 0)
(-3.10082e-11 1.95416e-11 0)
(-1.98295e-11 1.65491e-11 0)
(-1.02835e-11 1.28793e-11 0)
(-4.38769e-12 8.44599e-12 0)
(2.03892e-13 3.29555e-12 0)
(-6.57008e-13 -1.52017e-12 0)
(-5.80609e-12 -3.80221e-12 0)
(-1.46741e-11 -5.26007e-12 0)
(-2.73094e-11 -7.32663e-12 0)
(-4.29005e-11 -8.41354e-12 0)
(-6.05314e-11 -9.4283e-12 0)
(-8.00433e-11 -1.01976e-11 0)
(-1.00963e-10 -1.07939e-11 0)
(-1.22921e-10 -1.12768e-11 0)
(-1.45588e-10 -1.15356e-11 0)
(-1.68545e-10 -1.15822e-11 0)
(-1.91514e-10 -1.15134e-11 0)
(-2.1423e-10 -1.13238e-11 0)
(-2.36448e-10 -1.09714e-11 0)
(-2.57856e-10 -1.04913e-11 0)
(-2.78298e-10 -9.92381e-12 0)
(-2.97545e-10 -9.29492e-12 0)
(-3.15465e-10 -8.54462e-12 0)
(-3.31844e-10 -7.76976e-12 0)
(-3.46622e-10 -6.87265e-12 0)
(-3.5964e-10 -5.97508e-12 0)
(-3.70854e-10 -4.94796e-12 0)
(-3.80071e-10 -3.84124e-12 0)
(-3.87311e-10 -2.5004e-12 0)
(-3.92633e-10 -1.3892e-12 0)
(-3.96077e-10 -3.96842e-13 0)
(-3.97386e-10 1.80576e-13 0)
(-3.96676e-10 7.50746e-13 0)
(-3.93875e-10 1.41139e-12 0)
(-3.89028e-10 2.52226e-12 0)
(-3.82367e-10 3.64061e-12 0)
(-3.73894e-10 4.70474e-12 0)
(-3.6374e-10 5.39921e-12 0)
(-3.52021e-10 6.21129e-12 0)
(-3.38788e-10 6.81806e-12 0)
(-3.24201e-10 7.54678e-12 0)
(-3.08407e-10 8.04857e-12 0)
(-2.91521e-10 8.62898e-12 0)
(-2.73813e-10 8.92758e-12 0)
(-2.55335e-10 9.39435e-12 0)
(-2.36202e-10 9.63856e-12 0)
(-2.16538e-10 9.93692e-12 0)
(-1.96619e-10 9.91761e-12 0)
(-1.7654e-10 1.00433e-11 0)
(-1.56453e-10 9.91203e-12 0)
(-1.3656e-10 9.81607e-12 0)
(-1.17112e-10 9.48826e-12 0)
(-9.81491e-11 9.28867e-12 0)
(-8.00202e-11 8.68711e-12 0)
(-6.31143e-11 8.06425e-12 0)
(-4.75883e-11 7.4687e-12 0)
(-3.34849e-11 6.60233e-12 0)
(-2.12138e-11 5.50193e-12 0)
(-1.16873e-11 3.75786e-12 0)
(-4.74629e-12 3.2798e-12 0)
(-5.18143e-13 1.20736e-12 0)
)
;

boundaryField
{
    top
    {
        type            slip;
    }
    bottom
    {
        type            slip;
    }
    rotatingWall
    {
        type            rotatingWallVelocity;
        origin          (0 0 0);
        axis            (0 1 0);
        omega           constant 1140;
        value           uniform (0 0 0);
    }
    wall
    {
        type            rotatingWallVelocity;
        origin          (0 0 0);
        axis            (0 1 0);
        omega           constant 0;
        value           uniform (0 -0 -0);
    }
    frontAndBack
    {
        type            empty;
    }
}


// ************************************************************************* //
