/*--------------------------------*- C++ -*----------------------------------*\
| =========                 |                                                 |
| \\      /  F ield         | OpenFOAM: The Open Source CFD Toolbox           |
|  \\    /   O peration     | Version:  5.0                                   |
|   \\  /    A nd           | Web:      www.OpenFOAM.org                      |
|    \\/     M anipulation  |                                                 |
\*---------------------------------------------------------------------------*/
FoamFile
{
    version     2.0;
    format      ascii;
    class       volVectorField;
    location    "44";
    object      U;
}
// * * * * * * * * * * * * * * * * * * * * * * * * * * * * * * * * * * * * * //

dimensions      [0 1 -1 0 0 0 0];

internalField   nonuniform List<vector> 
1568
(
(-4.04885e-09 -6.89992e-09 0)
(-1.95585e-09 3.10893e-08 0)
(2.967e-08 -1.30945e-08 0)
(9.44305e-08 -3.67719e-08 0)
(1.52645e-07 -3.6626e-08 0)
(2.07201e-07 -3.70402e-08 0)
(2.675e-07 -3.86992e-08 0)
(3.30343e-07 -3.93244e-08 0)
(3.92624e-07 -3.86781e-08 0)
(4.53157e-07 -3.7442e-08 0)
(5.11276e-07 -3.59297e-08 0)
(5.66255e-07 -3.39695e-08 0)
(6.17365e-07 -3.14302e-08 0)
(6.64014e-07 -2.86468e-08 0)
(7.0564e-07 -2.56483e-08 0)
(7.41739e-07 -2.16814e-08 0)
(7.72648e-07 -1.79793e-08 0)
(7.9882e-07 -1.51709e-08 0)
(8.20033e-07 -1.22701e-08 0)
(8.36097e-07 -9.35382e-09 0)
(8.46944e-07 -6.4166e-09 0)
(8.52939e-07 -4.1476e-09 0)
(8.54509e-07 -2.55913e-09 0)
(8.52013e-07 -1.00477e-09 0)
(8.45239e-07 1.17368e-09 0)
(8.34256e-07 3.43915e-09 0)
(8.19949e-07 5.73284e-09 0)
(8.03108e-07 7.53304e-09 0)
(7.84058e-07 9.26775e-09 0)
(7.63317e-07 1.06754e-08 0)
(7.41099e-07 1.2211e-08 0)
(7.17535e-07 1.34846e-08 0)
(6.92889e-07 1.4775e-08 0)
(6.67307e-07 1.57718e-08 0)
(6.40902e-07 1.69188e-08 0)
(6.13807e-07 1.79968e-08 0)
(5.85973e-07 1.93674e-08 0)
(5.57182e-07 2.02842e-08 0)
(5.27426e-07 2.11449e-08 0)
(4.96717e-07 2.18365e-08 0)
(4.65116e-07 2.26716e-08 0)
(4.32686e-07 2.33444e-08 0)
(3.99506e-07 2.41112e-08 0)
(3.65555e-07 2.47697e-08 0)
(3.30913e-07 2.53921e-08 0)
(2.95723e-07 2.57007e-08 0)
(2.60296e-07 2.58724e-08 0)
(2.24879e-07 2.59134e-08 0)
(1.89563e-07 2.58136e-08 0)
(1.54688e-07 2.49764e-08 0)
(1.21045e-07 2.35943e-08 0)
(8.90854e-08 2.24019e-08 0)
(6.09845e-08 2.12323e-08 0)
(3.42341e-08 2.01314e-08 0)
(1.36438e-08 1.27745e-08 0)
(2.56909e-09 4.24799e-09 0)
(4.11243e-08 -3.1668e-08 0)
(-1.6637e-08 -7.35541e-08 0)
(4.58719e-08 -7.95354e-08 0)
(6.91858e-08 -7.7163e-08 0)
(1.2091e-07 -8.07003e-08 0)
(1.68613e-07 -8.52096e-08 0)
(2.18986e-07 -8.81307e-08 0)
(2.72086e-07 -8.86829e-08 0)
(3.24622e-07 -8.72757e-08 0)
(3.75401e-07 -8.43524e-08 0)
(4.24084e-07 -8.00829e-08 0)
(4.70275e-07 -7.48581e-08 0)
(5.13145e-07 -6.88722e-08 0)
(5.52107e-07 -6.21546e-08 0)
(5.86971e-07 -5.4591e-08 0)
(6.17598e-07 -4.7087e-08 0)
(6.43946e-07 -4.02099e-08 0)
(6.65817e-07 -3.32319e-08 0)
(6.83214e-07 -2.59005e-08 0)
(6.96268e-07 -1.84505e-08 0)
(7.05153e-07 -1.10905e-08 0)
(7.09933e-07 -4.1275e-09 0)
(7.1074e-07 2.57514e-09 0)
(7.078e-07 8.98718e-09 0)
(7.01497e-07 1.51235e-08 0)
(6.92159e-07 2.03758e-08 0)
(6.80248e-07 2.44231e-08 0)
(6.66054e-07 2.7487e-08 0)
(6.49965e-07 3.00233e-08 0)
(6.32297e-07 3.20717e-08 0)
(6.13261e-07 3.37771e-08 0)
(5.93135e-07 3.51354e-08 0)
(5.72194e-07 3.63193e-08 0)
(5.50514e-07 3.72584e-08 0)
(5.28084e-07 3.80615e-08 0)
(5.04925e-07 3.87107e-08 0)
(4.81119e-07 3.95562e-08 0)
(4.56758e-07 4.06284e-08 0)
(4.31754e-07 4.18112e-08 0)
(4.06187e-07 4.2896e-08 0)
(3.79971e-07 4.39353e-08 0)
(3.53045e-07 4.48862e-08 0)
(3.25482e-07 4.58236e-08 0)
(2.97463e-07 4.66299e-08 0)
(2.68948e-07 4.73637e-08 0)
(2.40078e-07 4.79059e-08 0)
(2.11026e-07 4.81785e-08 0)
(1.82013e-07 4.80713e-08 0)
(1.53189e-07 4.76305e-08 0)
(1.24828e-07 4.66648e-08 0)
(9.71803e-08 4.4905e-08 0)
(7.18452e-08 4.16479e-08 0)
(4.79502e-08 3.63234e-08 0)
(2.73469e-08 3.01572e-08 0)
(1.46947e-08 2.09083e-08 0)
(-2.29598e-09 1.18382e-08 0)
(2.26135e-08 -4.51673e-08 0)
(-1.04573e-08 -6.55765e-08 0)
(2.06154e-08 -1.10051e-07 0)
(5.67776e-08 -1.21144e-07 0)
(9.48454e-08 -1.30034e-07 0)
(1.31134e-07 -1.36945e-07 0)
(1.70965e-07 -1.40262e-07 0)
(2.13721e-07 -1.40678e-07 0)
(2.56085e-07 -1.3842e-07 0)
(2.97052e-07 -1.33853e-07 0)
(3.3634e-07 -1.27211e-07 0)
(3.73509e-07 -1.18924e-07 0)
(4.08033e-07 -1.09308e-07 0)
(4.39437e-07 -9.86623e-08 0)
(4.67493e-07 -8.72626e-08 0)
(4.92156e-07 -7.54655e-08 0)
(5.13169e-07 -6.3661e-08 0)
(5.3033e-07 -5.19526e-08 0)
(5.43679e-07 -4.02449e-08 0)
(5.53413e-07 -2.87409e-08 0)
(5.59691e-07 -1.75482e-08 0)
(5.62683e-07 -6.94805e-09 0)
(5.62476e-07 3.07368e-09 0)
(5.59344e-07 1.23775e-08 0)
(5.53641e-07 2.10116e-08 0)
(5.45711e-07 2.85239e-08 0)
(5.35731e-07 3.49447e-08 0)
(5.23895e-07 4.01954e-08 0)
(5.10448e-07 4.47224e-08 0)
(4.95689e-07 4.84515e-08 0)
(4.79858e-07 5.18139e-08 0)
(4.63157e-07 5.46122e-08 0)
(4.45789e-07 5.71392e-08 0)
(4.27876e-07 5.91817e-08 0)
(4.09434e-07 6.1082e-08 0)
(3.90516e-07 6.26786e-08 0)
(3.71179e-07 6.43884e-08 0)
(3.51465e-07 6.59627e-08 0)
(3.31477e-07 6.76174e-08 0)
(3.11161e-07 6.91438e-08 0)
(2.90458e-07 7.07135e-08 0)
(2.69367e-07 7.21585e-08 0)
(2.47943e-07 7.3649e-08 0)
(2.26175e-07 7.49953e-08 0)
(2.04108e-07 7.62284e-08 0)
(1.81784e-07 7.71085e-08 0)
(1.59455e-07 7.76088e-08 0)
(1.37247e-07 7.75621e-08 0)
(1.14998e-07 7.68719e-08 0)
(9.30062e-08 7.50393e-08 0)
(7.20501e-08 7.18104e-08 0)
(5.24426e-08 6.69443e-08 0)
(3.55284e-08 5.97778e-08 0)
(1.90688e-08 4.97506e-08 0)
(8.40612e-09 3.50186e-08 0)
(-1.48969e-09 1.68104e-08 0)
(2.17447e-10 -3.96199e-08 0)
(3.57178e-09 -9.1059e-08 0)
(1.90432e-08 -1.2474e-07 0)
(4.39845e-08 -1.46299e-07 0)
(7.08409e-08 -1.62968e-07 0)
(9.62254e-08 -1.73989e-07 0)
(1.25958e-07 -1.78942e-07 0)
(1.58446e-07 -1.79646e-07 0)
(1.90851e-07 -1.7697e-07 0)
(2.22111e-07 -1.71174e-07 0)
(2.52066e-07 -1.62766e-07 0)
(2.8046e-07 -1.52144e-07 0)
(3.06743e-07 -1.39842e-07 0)
(3.30506e-07 -1.26245e-07 0)
(3.5167e-07 -1.11732e-07 0)
(3.70073e-07 -9.66709e-08 0)
(3.855e-07 -8.15326e-08 0)
(3.97833e-07 -6.63754e-08 0)
(4.07121e-07 -5.13661e-08 0)
(4.13488e-07 -3.65862e-08 0)
(4.17131e-07 -2.23022e-08 0)
(4.18199e-07 -8.63366e-09 0)
(4.1684e-07 4.16729e-09 0)
(4.13266e-07 1.61147e-08 0)
(4.07802e-07 2.69416e-08 0)
(4.00709e-07 3.65787e-08 0)
(3.9213e-07 4.47991e-08 0)
(3.82194e-07 5.18193e-08 0)
(3.71111e-07 5.76804e-08 0)
(3.59097e-07 6.27239e-08 0)
(3.4628e-07 6.69757e-08 0)
(3.32834e-07 7.06918e-08 0)
(3.18988e-07 7.38067e-08 0)
(3.04834e-07 7.65318e-08 0)
(2.90369e-07 7.8811e-08 0)
(2.75685e-07 8.0927e-08 0)
(2.60886e-07 8.28396e-08 0)
(2.45997e-07 8.47964e-08 0)
(2.31043e-07 8.66624e-08 0)
(2.16078e-07 8.8545e-08 0)
(2.01047e-07 9.03479e-08 0)
(1.8587e-07 9.22057e-08 0)
(1.70591e-07 9.39705e-08 0)
(1.55237e-07 9.5714e-08 0)
(1.39705e-07 9.72011e-08 0)
(1.2405e-07 9.83335e-08 0)
(1.08463e-07 9.88993e-08 0)
(9.30657e-08 9.88307e-08 0)
(7.76054e-08 9.78146e-08 0)
(6.22366e-08 9.55937e-08 0)
(4.75089e-08 9.16383e-08 0)
(3.4632e-08 8.55078e-08 0)
(2.24394e-08 7.6086e-08 0)
(1.23781e-08 6.25691e-08 0)
(5.41247e-09 4.34212e-08 0)
(1.32095e-10 2.06812e-08 0)
(-2.44608e-09 -3.53369e-08 0)
(6.65926e-09 -9.14265e-08 0)
(1.39028e-08 -1.32906e-07 0)
(2.95073e-08 -1.6199e-07 0)
(4.51206e-08 -1.85267e-07 0)
(6.24953e-08 -1.99522e-07 0)
(8.36061e-08 -2.05911e-07 0)
(1.06319e-07 -2.07032e-07 0)
(1.28948e-07 -2.04112e-07 0)
(1.50865e-07 -1.97586e-07 0)
(1.71838e-07 -1.87869e-07 0)
(1.91562e-07 -1.75606e-07 0)
(2.09651e-07 -1.61362e-07 0)
(2.25885e-07 -1.45587e-07 0)
(2.40124e-07 -1.2868e-07 0)
(2.52225e-07 -1.11164e-07 0)
(2.62066e-07 -9.33652e-08 0)
(2.69578e-07 -7.55718e-08 0)
(2.74774e-07 -5.79283e-08 0)
(2.77795e-07 -4.06908e-08 0)
(2.7878e-07 -2.40183e-08 0)
(2.77874e-07 -8.19896e-09 0)
(2.75219e-07 6.65066e-09 0)
(2.71017e-07 2.03287e-08 0)
(2.65524e-07 3.27745e-08 0)
(2.58974e-07 4.37545e-08 0)
(2.51469e-07 5.32845e-08 0)
(2.43121e-07 6.13429e-08 0)
(2.34091e-07 6.81416e-08 0)
(2.2455e-07 7.37627e-08 0)
(2.14605e-07 7.8465e-08 0)
(2.0435e-07 8.23668e-08 0)
(1.93917e-07 8.56752e-08 0)
(1.83413e-07 8.84264e-08 0)
(1.72917e-07 9.08444e-08 0)
(1.62516e-07 9.30257e-08 0)
(1.52293e-07 9.51157e-08 0)
(1.42255e-07 9.71156e-08 0)
(1.32416e-07 9.91669e-08 0)
(1.22796e-07 1.01215e-07 0)
(1.13379e-07 1.03294e-07 0)
(1.04118e-07 1.05331e-07 0)
(9.50067e-08 1.07385e-07 0)
(8.59592e-08 1.09297e-07 0)
(7.68805e-08 1.10976e-07 0)
(6.78051e-08 1.12162e-07 0)
(5.88767e-08 1.1272e-07 0)
(5.02588e-08 1.12618e-07 0)
(4.14535e-08 1.11602e-07 0)
(3.26893e-08 1.0905e-07 0)
(2.4664e-08 1.04641e-07 0)
(1.72369e-08 9.7769e-08 0)
(1.15504e-08 8.71269e-08 0)
(5.50428e-09 7.14762e-08 0)
(1.58714e-09 4.88717e-08 0)
(-6.20704e-10 2.28336e-08 0)
(-1.69759e-09 -3.78038e-08 0)
(4.80221e-09 -9.55242e-08 0)
(7.0668e-09 -1.40359e-07 0)
(1.37141e-08 -1.74378e-07 0)
(2.14301e-08 -1.99425e-07 0)
(3.18141e-08 -2.14545e-07 0)
(4.46391e-08 -2.21673e-07 0)
(5.78368e-08 -2.23108e-07 0)
(7.11042e-08 -2.20151e-07 0)
(8.38472e-08 -2.13099e-07 0)
(9.60266e-08 -2.02554e-07 0)
(1.07353e-07 -1.89196e-07 0)
(1.17554e-07 -1.73587e-07 0)
(1.26453e-07 -1.56223e-07 0)
(1.33935e-07 -1.37613e-07 0)
(1.3989e-07 -1.18223e-07 0)
(1.4425e-07 -9.84776e-08 0)
(1.46989e-07 -7.87086e-08 0)
(1.4814e-07 -5.91983e-08 0)
(1.4779e-07 -4.0188e-08 0)
(1.46071e-07 -2.19643e-08 0)
(1.43111e-07 -4.73452e-09 0)
(1.39064e-07 1.1294e-08 0)
(1.34105e-07 2.60071e-08 0)
(1.28427e-07 3.92528e-08 0)
(1.22198e-07 5.09389e-08 0)
(1.15533e-07 6.09799e-08 0)
(1.0851e-07 6.94719e-08 0)
(1.01257e-07 7.64919e-08 0)
(9.39114e-08 8.22398e-08 0)
(8.6561e-08 8.68394e-08 0)
(7.92825e-08 9.05269e-08 0)
(7.21881e-08 9.3464e-08 0)
(6.53646e-08 9.5885e-08 0)
(5.88709e-08 9.79493e-08 0)
(5.27643e-08 9.98421e-08 0)
(4.70928e-08 1.01573e-07 0)
(4.1877e-08 1.03251e-07 0)
(3.71149e-08 1.04953e-07 0)
(3.28032e-08 1.06752e-07 0)
(2.8906e-08 1.0859e-07 0)
(2.53833e-08 1.10457e-07 0)
(2.21937e-08 1.12283e-07 0)
(1.92465e-08 1.14033e-07 0)
(1.64739e-08 1.15554e-07 0)
(1.39808e-08 1.16668e-07 0)
(1.16558e-08 1.17238e-07 0)
(9.41596e-09 1.1712e-07 0)
(7.26523e-09 1.15956e-07 0)
(5.10416e-09 1.13219e-07 0)
(3.32697e-09 1.08507e-07 0)
(2.38879e-09 1.01182e-07 0)
(7.98839e-10 9.01494e-08 0)
(-1.62845e-10 7.3456e-08 0)
(-2.07483e-10 5.04281e-08 0)
(-6.96494e-10 2.26038e-08 0)
(-1.87101e-09 -4.02217e-08 0)
(1.20421e-09 -9.82348e-08 0)
(3.1172e-10 -1.45711e-07 0)
(5.70356e-10 -1.80898e-07 0)
(1.39287e-09 -2.05996e-07 0)
(4.55354e-09 -2.21567e-07 0)
(8.85896e-09 -2.29543e-07 0)
(1.33619e-08 -2.31629e-07 0)
(1.78172e-08 -2.2845e-07 0)
(2.17434e-08 -2.21005e-07 0)
(2.55657e-08 -2.09902e-07 0)
(2.89005e-08 -1.95753e-07 0)
(3.15758e-08 -1.79171e-07 0)
(3.34744e-08 -1.60711e-07 0)
(3.45074e-08 -1.40907e-07 0)
(3.4596e-08 -1.20257e-07 0)
(3.37016e-08 -9.92061e-08 0)
(3.18328e-08 -7.81425e-08 0)
(2.90297e-08 -5.74065e-08 0)
(2.53737e-08 -3.73034e-08 0)
(2.09725e-08 -1.81049e-08 0)
(1.5965e-08 -6.16207e-11 0)
(1.04887e-08 1.66423e-08 0)
(4.6842e-09 3.18414e-08 0)
(-1.30266e-09 4.54218e-08 0)
(-7.33815e-09 5.72974e-08 0)
(-1.33268e-08 6.74548e-08 0)
(-1.91864e-08 7.59431e-08 0)
(-2.48169e-08 8.29029e-08 0)
(-3.01256e-08 8.84782e-08 0)
(-3.50555e-08 9.28576e-08 0)
(-3.95358e-08 9.62274e-08 0)
(-4.34716e-08 9.87986e-08 0)
(-4.67939e-08 1.00744e-07 0)
(-4.94897e-08 1.02309e-07 0)
(-5.14958e-08 1.03643e-07 0)
(-5.27521e-08 1.04743e-07 0)
(-5.33286e-08 1.05738e-07 0)
(-5.32254e-08 1.06791e-07 0)
(-5.24655e-08 1.07957e-07 0)
(-5.10788e-08 1.09219e-07 0)
(-4.91152e-08 1.10543e-07 0)
(-4.66405e-08 1.11893e-07 0)
(-4.3737e-08 1.13188e-07 0)
(-4.04009e-08 1.1433e-07 0)
(-3.67281e-08 1.15233e-07 0)
(-3.26961e-08 1.15766e-07 0)
(-2.84755e-08 1.15541e-07 0)
(-2.42552e-08 1.14197e-07 0)
(-2.03131e-08 1.11392e-07 0)
(-1.60063e-08 1.06568e-07 0)
(-1.18157e-08 9.91326e-08 0)
(-7.65751e-09 8.78515e-08 0)
(-4.92986e-09 7.17927e-08 0)
(-2.7054e-09 4.87139e-08 0)
(-4.5778e-10 2.15772e-08 0)
(-2.59403e-09 -3.98429e-08 0)
(-1.53567e-09 -9.68083e-08 0)
(-5.53902e-09 -1.44354e-07 0)
(-1.05199e-08 -1.79746e-07 0)
(-1.58811e-08 -2.04914e-07 0)
(-1.95572e-08 -2.21068e-07 0)
(-2.29459e-08 -2.29701e-07 0)
(-2.69804e-08 -2.32161e-07 0)
(-3.123e-08 -2.29068e-07 0)
(-3.48731e-08 -2.21476e-07 0)
(-3.86983e-08 -2.10064e-07 0)
(-4.27276e-08 -1.95461e-07 0)
(-4.70563e-08 -1.78307e-07 0)
(-5.17144e-08 -1.59211e-07 0)
(-5.67393e-08 -1.38747e-07 0)
(-6.21636e-08 -1.17425e-07 0)
(-6.79853e-08 -9.57092e-08 0)
(-7.41861e-08 -7.40097e-08 0)
(-8.07157e-08 -5.27032e-08 0)
(-8.74943e-08 -3.21117e-08 0)
(-9.44222e-08 -1.25286e-08 0)
(-1.01383e-07 5.80269e-09 0)
(-1.08255e-07 2.26528e-08 0)
(-1.14924e-07 3.78667e-08 0)
(-1.21263e-07 5.13261e-08 0)
(-1.27167e-07 6.29913e-08 0)
(-1.32556e-07 7.2862e-08 0)
(-1.37364e-07 8.10114e-08 0)
(-1.41516e-07 8.7549e-08 0)
(-1.44946e-07 9.26407e-08 0)
(-1.47618e-07 9.64696e-08 0)
(-1.49497e-07 9.92605e-08 0)
(-1.50505e-07 1.01208e-07 0)
(-1.50579e-07 1.02442e-07 0)
(-1.49804e-07 1.03191e-07 0)
(-1.47943e-07 1.03627e-07 0)
(-1.45011e-07 1.03888e-07 0)
(-1.41258e-07 1.04121e-07 0)
(-1.36669e-07 1.04404e-07 0)
(-1.31199e-07 1.04801e-07 0)
(-1.24861e-07 1.05329e-07 0)
(-1.1773e-07 1.05997e-07 0)
(-1.09868e-07 1.06759e-07 0)
(-1.01378e-07 1.07526e-07 0)
(-9.2421e-08 1.08233e-07 0)
(-8.30908e-08 1.08836e-07 0)
(-7.32559e-08 1.0911e-07 0)
(-6.31067e-08 1.0874e-07 0)
(-5.31913e-08 1.07408e-07 0)
(-4.35359e-08 1.0473e-07 0)
(-3.37636e-08 1.00087e-07 0)
(-2.40023e-08 9.28405e-08 0)
(-1.5924e-08 8.23188e-08 0)
(-9.09307e-09 6.67102e-08 0)
(-3.96743e-09 4.5527e-08 0)
(-2.27564e-10 1.99674e-08 0)
(-3.04653e-09 -3.733e-08 0)
(-3.4567e-09 -9.19126e-08 0)
(-1.05049e-08 -1.37866e-07 0)
(-2.01291e-08 -1.72404e-07 0)
(-3.1135e-08 -1.97228e-07 0)
(-4.11429e-08 -2.13476e-07 0)
(-5.15535e-08 -2.22263e-07 0)
(-6.26314e-08 -2.24679e-07 0)
(-7.40122e-08 -2.21895e-07 0)
(-8.4987e-08 -2.1437e-07 0)
(-9.58156e-08 -2.02884e-07 0)
(-1.06567e-07 -1.88175e-07 0)
(-1.17272e-07 -1.70888e-07 0)
(-1.2792e-07 -1.51652e-07 0)
(-1.3848e-07 -1.31045e-07 0)
(-1.48932e-07 -1.0959e-07 0)
(-1.59252e-07 -8.7768e-08 0)
(-1.694e-07 -6.60145e-08 0)
(-1.79322e-07 -4.47127e-08 0)
(-1.88937e-07 -2.42017e-08 0)
(-1.9816e-07 -4.78802e-09 0)
(-2.069e-07 1.32691e-08 0)
(-2.15059e-07 2.97481e-08 0)
(-2.22528e-07 4.44759e-08 0)
(-2.29199e-07 5.73512e-08 0)
(-2.34981e-07 6.83482e-08 0)
(-2.39822e-07 7.75038e-08 0)
(-2.43679e-07 8.48796e-08 0)
(-2.46494e-07 9.05872e-08 0)
(-2.48218e-07 9.47914e-08 0)
(-2.48831e-07 9.76957e-08 0)
(-2.48338e-07 9.95093e-08 0)
(-2.466e-07 1.00436e-07 0)
(-2.43678e-07 1.00651e-07 0)
(-2.39642e-07 1.0032e-07 0)
(-2.34351e-07 9.96105e-08 0)
(-2.27888e-07 9.884e-08 0)
(-2.20271e-07 9.81064e-08 0)
(-2.1153e-07 9.74465e-08 0)
(-2.01702e-07 9.69063e-08 0)
(-1.90841e-07 9.65564e-08 0)
(-1.79017e-07 9.64186e-08 0)
(-1.66307e-07 9.64702e-08 0)
(-1.52851e-07 9.66524e-08 0)
(-1.38831e-07 9.69045e-08 0)
(-1.24313e-07 9.71245e-08 0)
(-1.09219e-07 9.712e-08 0)
(-9.37791e-08 9.6627e-08 0)
(-7.866e-08 9.53419e-08 0)
(-6.39655e-08 9.2882e-08 0)
(-4.92481e-08 8.87339e-08 0)
(-3.51638e-08 8.2318e-08 0)
(-2.26295e-08 7.26547e-08 0)
(-1.27451e-08 5.92682e-08 0)
(-5.67741e-09 3.99906e-08 0)
(-3.14544e-10 1.76178e-08 0)
(-3.238e-09 -3.39886e-08 0)
(-4.93514e-09 -8.4576e-08 0)
(-1.47762e-08 -1.27694e-07 0)
(-2.83013e-08 -1.60336e-07 0)
(-4.4183e-08 -1.8399e-07 0)
(-5.96657e-08 -1.99613e-07 0)
(-7.5946e-08 -2.08188e-07 0)
(-9.32939e-08 -2.10598e-07 0)
(-1.10891e-07 -2.07707e-07 0)
(-1.28182e-07 -2.00259e-07 0)
(-1.45162e-07 -1.88949e-07 0)
(-1.61839e-07 -1.7445e-07 0)
(-1.78174e-07 -1.57433e-07 0)
(-1.94093e-07 -1.38495e-07 0)
(-2.09518e-07 -1.18211e-07 0)
(-2.24394e-07 -9.71084e-08 0)
(-2.38667e-07 -7.56813e-08 0)
(-2.52281e-07 -5.43775e-08 0)
(-2.65167e-07 -3.35934e-08 0)
(-2.77259e-07 -1.36802e-08 0)
(-2.88484e-07 5.05509e-09 0)
(-2.98762e-07 2.23429e-08 0)
(-3.08019e-07 3.797e-08 0)
(-3.16172e-07 5.17501e-08 0)
(-3.23111e-07 6.35803e-08 0)
(-3.28749e-07 7.347e-08 0)
(-3.33066e-07 8.14844e-08 0)
(-3.36055e-07 8.76897e-08 0)
(-3.37657e-07 9.21717e-08 0)
(-3.37839e-07 9.51186e-08 0)
(-3.36598e-07 9.67505e-08 0)
(-3.33948e-07 9.72697e-08 0)
(-3.29858e-07 9.68584e-08 0)
(-3.24366e-07 9.57763e-08 0)
(-3.1746e-07 9.41534e-08 0)
(-3.09147e-07 9.22056e-08 0)
(-2.99456e-07 9.01634e-08 0)
(-2.88399e-07 8.81685e-08 0)
(-2.76022e-07 8.63022e-08 0)
(-2.62392e-07 8.46397e-08 0)
(-2.47583e-07 8.32402e-08 0)
(-2.31673e-07 8.21374e-08 0)
(-2.14754e-07 8.13251e-08 0)
(-1.96982e-07 8.07689e-08 0)
(-1.78552e-07 8.0411e-08 0)
(-1.59544e-07 8.01543e-08 0)
(-1.39906e-07 7.98377e-08 0)
(-1.19904e-07 7.92494e-08 0)
(-1.00303e-07 7.8121e-08 0)
(-8.12646e-08 7.61056e-08 0)
(-6.24208e-08 7.2749e-08 0)
(-4.43774e-08 6.74871e-08 0)
(-2.86324e-08 5.9814e-08 0)
(-1.5867e-08 4.83945e-08 0)
(-6.81538e-09 3.30568e-08 0)
(-3.23268e-10 1.44405e-08 0)
(-3.24413e-09 -3.0105e-08 0)
(-6.16828e-09 -7.53899e-08 0)
(-1.81025e-08 -1.14494e-07 0)
(-3.49356e-08 -1.44374e-07 0)
(-5.48396e-08 -1.66092e-07 0)
(-7.4865e-08 -1.80486e-07 0)
(-9.60658e-08 -1.88369e-07 0)
(-1.18594e-07 -1.90481e-07 0)
(-1.41461e-07 -1.87559e-07 0)
(-1.6405e-07 -1.80289e-07 0)
(-1.86209e-07 -1.69322e-07 0)
(-2.07885e-07 -1.55307e-07 0)
(-2.28975e-07 -1.38867e-07 0)
(-2.49333e-07 -1.20585e-07 0)
(-2.68847e-07 -1.01021e-07 0)
(-2.87428e-07 -8.07041e-08 0)
(-3.05008e-07 -6.01189e-08 0)
(-3.21512e-07 -3.97238e-08 0)
(-3.36866e-07 -1.99145e-08 0)
(-3.50999e-07 -1.05548e-09 0)
(-3.6385e-07 1.65592e-08 0)
(-3.75358e-07 3.2662e-08 0)
(-3.85478e-07 4.70345e-08 0)
(-3.9415e-07 5.94733e-08 0)
(-4.01252e-07 6.98678e-08 0)
(-4.06687e-07 7.82706e-08 0)
(-4.10475e-07 8.4812e-08 0)
(-4.12666e-07 8.952e-08 0)
(-4.13178e-07 9.24577e-08 0)
(-4.11989e-07 9.38416e-08 0)
(-4.09121e-07 9.39379e-08 0)
(-4.04626e-07 9.29289e-08 0)
(-3.98514e-07 9.10061e-08 0)
(-3.90789e-07 8.83818e-08 0)
(-3.81459e-07 8.5255e-08 0)
(-3.70554e-07 8.18394e-08 0)
(-3.58105e-07 7.83466e-08 0)
(-3.44145e-07 7.49308e-08 0)
(-3.28733e-07 7.17056e-08 0)
(-3.11943e-07 6.87574e-08 0)
(-2.93861e-07 6.61594e-08 0)
(-2.74572e-07 6.39549e-08 0)
(-2.5418e-07 6.21597e-08 0)
(-2.32849e-07 6.07566e-08 0)
(-2.10788e-07 5.97027e-08 0)
(-1.88091e-07 5.89178e-08 0)
(-1.64735e-07 5.82792e-08 0)
(-1.41025e-07 5.76144e-08 0)
(-1.17759e-07 5.67061e-08 0)
(-9.51823e-08 5.52672e-08 0)
(-7.29842e-08 5.2921e-08 0)
(-5.18364e-08 4.92921e-08 0)
(-3.33804e-08 4.36809e-08 0)
(-1.83367e-08 3.58235e-08 0)
(-7.89891e-09 2.41719e-08 0)
(-1.91067e-10 1.08054e-08 0)
(-3.22818e-09 -2.55871e-08 0)
(-7.19158e-09 -6.4843e-08 0)
(-2.06736e-08 -9.88678e-08 0)
(-4.00193e-08 -1.25181e-07 0)
(-6.30368e-08 -1.44361e-07 0)
(-8.66469e-08 -1.57084e-07 0)
(-1.11748e-07 -1.63976e-07 0)
(-1.3838e-07 -1.65621e-07 0)
(-1.6544e-07 -1.62634e-07 0)
(-1.9222e-07 -1.55604e-07 0)
(-2.18508e-07 -1.45117e-07 0)
(-2.44173e-07 -1.31783e-07 0)
(-2.69033e-07 -1.16164e-07 0)
(-2.92911e-07 -9.88307e-08 0)
(-3.15658e-07 -8.03201e-08 0)
(-3.37155e-07 -6.11475e-08 0)
(-3.57315e-07 -4.17959e-08 0)
(-3.76057e-07 -2.27063e-08 0)
(-3.93296e-07 -4.27857e-09 0)
(-4.08966e-07 1.31429e-08 0)
(-4.23005e-07 2.92489e-08 0)
(-4.35372e-07 4.38017e-08 0)
(-4.46055e-07 5.65788e-08 0)
(-4.55029e-07 6.73718e-08 0)
(-4.62153e-07 7.60059e-08 0)
(-4.67292e-07 8.2621e-08 0)
(-4.70524e-07 8.74648e-08 0)
(-4.71953e-07 9.04957e-08 0)
(-4.71498e-07 9.16212e-08 0)
(-4.69107e-07 9.11938e-08 0)
(-4.64857e-07 8.95563e-08 0)
(-4.58832e-07 8.68506e-08 0)
(-4.5104e-07 8.3227e-08 0)
(-4.41485e-07 7.89153e-08 0)
(-4.30187e-07 7.41305e-08 0)
(-4.17192e-07 6.90954e-08 0)
(-4.02547e-07 6.40162e-08 0)
(-3.86296e-07 5.90604e-08 0)
(-3.68507e-07 5.43574e-08 0)
(-3.49264e-07 5.0016e-08 0)
(-3.28653e-07 4.6119e-08 0)
(-3.06768e-07 4.27266e-08 0)
(-2.83719e-07 3.98707e-08 0)
(-2.59681e-07 3.75541e-08 0)
(-2.34868e-07 3.57511e-08 0)
(-2.09389e-07 3.44093e-08 0)
(-1.83235e-07 3.34387e-08 0)
(-1.56733e-07 3.27239e-08 0)
(-1.30736e-07 3.21022e-08 0)
(-1.0553e-07 3.13524e-08 0)
(-8.07904e-08 3.02132e-08 0)
(-5.74101e-08 2.83811e-08 0)
(-3.67414e-08 2.56293e-08 0)
(-2.0282e-08 2.0974e-08 0)
(-8.86573e-09 1.46084e-08 0)
(-1.88133e-10 6.62231e-09 0)
(-3.10759e-09 -2.06604e-08 0)
(-7.96183e-09 -5.31786e-08 0)
(-2.24806e-08 -8.14068e-08 0)
(-4.36144e-08 -1.03508e-07 0)
(-6.88199e-08 -1.19709e-07 0)
(-9.50038e-08 -1.30437e-07 0)
(-1.22922e-07 -1.36111e-07 0)
(-1.52525e-07 -1.37157e-07 0)
(-1.82637e-07 -1.34056e-07 0)
(-2.12473e-07 -1.27306e-07 0)
(-2.41759e-07 -1.17417e-07 0)
(-2.70308e-07 -1.04913e-07 0)
(-2.97898e-07 -9.03223e-08 0)
(-3.24311e-07 -7.41751e-08 0)
(-3.49363e-07 -5.69871e-08 0)
(-3.72921e-07 -3.92497e-08 0)
(-3.94881e-07 -2.14334e-08 0)
(-4.15149e-07 -3.96245e-09 0)
(-4.3364e-07 1.27714e-08 0)
(-4.5029e-07 2.84286e-08 0)
(-4.65043e-07 4.27166e-08 0)
(-4.77854e-07 5.54076e-08 0)
(-4.88723e-07 6.63114e-08 0)
(-4.9769e-07 7.51571e-08 0)
(-5.04651e-07 8.17013e-08 0)
(-5.09379e-07 8.63038e-08 0)
(-5.12021e-07 8.93746e-08 0)
(-5.12742e-07 9.07071e-08 0)
(-5.11416e-07 8.99773e-08 0)
(-5.08003e-07 8.75058e-08 0)
(-5.02624e-07 8.39096e-08 0)
(-4.95403e-07 7.93529e-08 0)
(-4.86302e-07 7.39021e-08 0)
(-4.75338e-07 6.7785e-08 0)
(-4.6256e-07 6.12407e-08 0)
(-4.48018e-07 5.44871e-08 0)
(-4.31772e-07 4.7747e-08 0)
(-4.13885e-07 4.11868e-08 0)
(-3.9443e-07 3.49556e-08 0)
(-3.73489e-07 2.91712e-08 0)
(-3.51156e-07 2.39322e-08 0)
(-3.27523e-07 1.93091e-08 0)
(-3.02706e-07 1.5353e-08 0)
(-2.76882e-07 1.20863e-08 0)
(-2.50271e-07 9.50973e-09 0)
(-2.22988e-07 7.59927e-09 0)
(-1.9503e-07 6.30727e-09 0)
(-1.66741e-07 5.56645e-09 0)
(-1.38997e-07 5.28209e-09 0)
(-1.1211e-07 5.31531e-09 0)
(-8.58228e-08 5.51064e-09 0)
(-6.07449e-08 5.7512e-09 0)
(-3.91719e-08 5.74897e-09 0)
(-2.13839e-08 5.43382e-09 0)
(-9.25826e-09 3.87544e-09 0)
(1.40552e-10 2.2285e-09 0)
(-3.01261e-09 -1.5512e-08 0)
(-8.43591e-09 -4.07798e-08 0)
(-2.3568e-08 -6.27869e-08 0)
(-4.57055e-08 -8.02319e-08 0)
(-7.2213e-08 -9.31277e-08 0)
(-9.9946e-08 -1.01617e-07 0)
(-1.29572e-07 -1.05906e-07 0)
(-1.60984e-07 -1.06259e-07 0)
(-1.92968e-07 -1.03017e-07 0)
(-2.24682e-07 -9.65747e-08 0)
(-2.55799e-07 -8.73537e-08 0)
(-2.86096e-07 -7.58046e-08 0)
(-3.15319e-07 -6.24045e-08 0)
(-3.43227e-07 -4.76314e-08 0)
(-3.69613e-07 -3.19712e-08 0)
(-3.94326e-07 -1.58911e-08 0)
(-4.17249e-07 1.6854e-10 0)
(-4.38288e-07 1.57983e-08 0)
(-4.57361e-07 3.06206e-08 0)
(-4.7441e-07 4.43041e-08 0)
(-4.89384e-07 5.65837e-08 0)
(-5.02242e-07 6.72702e-08 0)
(-5.12939e-07 7.63469e-08 0)
(-5.21481e-07 8.36069e-08 0)
(-5.27889e-07 8.81261e-08 0)
(-5.32034e-07 9.0098e-08 0)
(-5.34059e-07 9.09014e-08 0)
(-5.34102e-07 8.98462e-08 0)
(-5.32046e-07 8.64096e-08 0)
(-5.27933e-07 8.18843e-08 0)
(-5.21799e-07 7.68426e-08 0)
(-5.13643e-07 7.06346e-08 0)
(-5.03543e-07 6.33521e-08 0)
(-4.91581e-07 5.54082e-08 0)
(-4.77812e-07 4.70765e-08 0)
(-4.62287e-07 3.85998e-08 0)
(-4.45069e-07 3.01842e-08 0)
(-4.26234e-07 2.20212e-08 0)
(-4.05855e-07 1.42614e-08 0)
(-3.84018e-07 7.03919e-09 0)
(-3.60811e-07 4.60611e-10 0)
(-3.36328e-07 -5.38854e-09 0)
(-3.1068e-07 -1.04445e-08 0)
(-2.84045e-07 -1.46589e-08 0)
(-2.56639e-07 -1.80081e-08 0)
(-2.28579e-07 -2.04822e-08 0)
(-1.99861e-07 -2.20846e-08 0)
(-1.70828e-07 -2.28298e-08 0)
(-1.42377e-07 -2.27436e-08 0)
(-1.14832e-07 -2.1868e-08 0)
(-8.78216e-08 -2.02462e-08 0)
(-6.23518e-08 -1.78977e-08 0)
(-3.97072e-08 -1.46802e-08 0)
(-2.20079e-08 -1.12301e-08 0)
(-9.87094e-09 -6.97068e-09 0)
(3.2179e-11 -2.39769e-09 0)
(-2.99785e-09 -1.02686e-08 0)
(-8.52503e-09 -2.80094e-08 0)
(-2.38224e-08 -4.35982e-08 0)
(-4.62926e-08 -5.61833e-08 0)
(-7.32387e-08 -6.55901e-08 0)
(-1.01501e-07 -7.17004e-08 0)
(-1.31728e-07 -7.45039e-08 0)
(-1.63791e-07 -7.41089e-08 0)
(-1.96455e-07 -7.07146e-08 0)
(-2.28848e-07 -6.45981e-08 0)
(-2.60613e-07 -5.6094e-08 0)
(-2.91506e-07 -4.55799e-08 0)
(-3.21251e-07 -3.34725e-08 0)
(-3.49588e-07 -2.0205e-08 0)
(-3.76304e-07 -6.21502e-09 0)
(-4.01231e-07 8.06012e-09 0)
(-4.24248e-07 2.22085e-08 0)
(-4.45262e-07 3.58419e-08 0)
(-4.64201e-07 4.86056e-08 0)
(-4.81007e-07 6.01892e-08 0)
(-4.9564e-07 7.03411e-08 0)
(-5.08073e-07 7.88591e-08 0)
(-5.18252e-07 8.55925e-08 0)
(-5.2609e-07 9.03007e-08 0)
(-5.31599e-07 9.23049e-08 0)
(-5.35112e-07 9.21494e-08 0)
(-5.36649e-07 9.12254e-08 0)
(-5.35867e-07 8.87911e-08 0)
(-5.33034e-07 8.40046e-08 0)
(-5.28391e-07 7.73265e-08 0)
(-5.21722e-07 6.96179e-08 0)
(-5.12933e-07 6.12112e-08 0)
(-5.02234e-07 5.20294e-08 0)
(-4.89738e-07 4.22799e-08 0)
(-4.75501e-07 3.22064e-08 0)
(-4.59581e-07 2.20471e-08 0)
(-4.42045e-07 1.20124e-08 0)
(-4.2297e-07 2.29652e-09 0)
(-4.02435e-07 -6.93858e-09 0)
(-3.8052e-07 -1.5551e-08 0)
(-3.57314e-07 -2.34187e-08 0)
(-3.32903e-07 -3.0447e-08 0)
(-3.07389e-07 -3.65572e-08 0)
(-2.80943e-07 -4.16823e-08 0)
(-2.5378e-07 -4.57712e-08 0)
(-2.26e-07 -4.87839e-08 0)
(-1.97592e-07 -5.06799e-08 0)
(-1.68893e-07 -5.14158e-08 0)
(-1.40784e-07 -5.09458e-08 0)
(-1.13574e-07 -4.92206e-08 0)
(-8.6969e-08 -4.6169e-08 0)
(-6.13759e-08 -4.16207e-08 0)
(-3.96919e-08 -3.555e-08 0)
(-2.17445e-08 -2.76456e-08 0)
(-9.47319e-09 -1.82063e-08 0)
(3.30711e-10 -7.03289e-09 0)
(-3.12691e-09 -4.98891e-09 0)
(-8.25004e-09 -1.52848e-08 0)
(-2.33569e-08 -2.4412e-08 0)
(-4.5415e-08 -3.2134e-08 0)
(-7.19448e-08 -3.80369e-08 0)
(-9.97422e-08 -4.17459e-08 0)
(-1.29479e-07 -4.3045e-08 0)
(-1.61048e-07 -4.18881e-08 0)
(-1.93212e-07 -3.83367e-08 0)
(-2.25095e-07 -3.25574e-08 0)
(-2.56332e-07 -2.47955e-08 0)
(-2.8667e-07 -1.53563e-08 0)
(-3.15828e-07 -4.59288e-09 0)
(-3.43535e-07 7.10865e-09 0)
(-3.69572e-07 1.93532e-08 0)
(-3.9377e-07 3.17441e-08 0)
(-4.16006e-07 4.38939e-08 0)
(-4.36191e-07 5.54407e-08 0)
(-4.54256e-07 6.6058e-08 0)
(-4.70144e-07 7.54611e-08 0)
(-4.83824e-07 8.34031e-08 0)
(-4.95272e-07 8.96876e-08 0)
(-5.04466e-07 9.41547e-08 0)
(-5.11365e-07 9.66111e-08 0)
(-5.16089e-07 9.6816e-08 0)
(-5.18883e-07 9.50221e-08 0)
(-5.19662e-07 9.1428e-08 0)
(-5.18213e-07 8.61024e-08 0)
(-5.14709e-07 7.91991e-08 0)
(-5.09363e-07 7.09831e-08 0)
(-5.0218e-07 6.16311e-08 0)
(-4.9313e-07 5.13847e-08 0)
(-4.82281e-07 4.04033e-08 0)
(-4.69735e-07 2.89283e-08 0)
(-4.55567e-07 1.72042e-08 0)
(-4.39845e-07 5.45919e-09 0)
(-4.22645e-07 -6.08875e-09 0)
(-4.04046e-07 -1.72531e-08 0)
(-3.84126e-07 -2.78601e-08 0)
(-3.62957e-07 -3.77594e-08 0)
(-3.40624e-07 -4.68245e-08 0)
(-3.17208e-07 -5.49453e-08 0)
(-2.92797e-07 -6.20278e-08 0)
(-2.6755e-07 -6.79931e-08 0)
(-2.41665e-07 -7.27637e-08 0)
(-2.1523e-07 -7.62674e-08 0)
(-1.88208e-07 -7.84233e-08 0)
(-1.60911e-07 -7.91355e-08 0)
(-1.34211e-07 -7.82901e-08 0)
(-1.08392e-07 -7.57497e-08 0)
(-8.29543e-08 -7.13153e-08 0)
(-5.89384e-08 -6.47377e-08 0)
(-3.74777e-08 -5.56283e-08 0)
(-2.10009e-08 -4.39992e-08 0)
(-9.73783e-09 -2.88974e-08 0)
(2.65676e-10 -1.15934e-08 0)
(-3.07157e-09 1.39208e-10 0)
(-7.75326e-09 -3.02848e-09 0)
(-2.21189e-08 -5.87682e-09 0)
(-4.31601e-08 -8.91919e-09 0)
(-6.8437e-08 -1.1431e-08 0)
(-9.47876e-08 -1.2811e-08 0)
(-1.22972e-07 -1.26577e-08 0)
(-1.52931e-07 -1.07648e-08 0)
(-1.83448e-07 -7.07016e-09 0)
(-2.13669e-07 -1.63742e-09 0)
(-2.43235e-07 5.37248e-09 0)
(-2.71898e-07 1.3725e-08 0)
(-2.99384e-07 2.31276e-08 0)
(-3.25425e-07 3.32493e-08 0)
(-3.498e-07 4.3736e-08 0)
(-3.72345e-07 5.42251e-08 0)
(-3.92945e-07 6.436e-08 0)
(-4.11511e-07 7.38079e-08 0)
(-4.27977e-07 8.22737e-08 0)
(-4.42303e-07 8.94901e-08 0)
(-4.54472e-07 9.52197e-08 0)
(-4.64467e-07 9.92655e-08 0)
(-4.72293e-07 1.01476e-07 0)
(-4.77986e-07 1.01714e-07 0)
(-4.81654e-07 9.98739e-08 0)
(-4.83398e-07 9.60996e-08 0)
(-4.83205e-07 9.0611e-08 0)
(-4.81068e-07 8.3464e-08 0)
(-4.77071e-07 7.47494e-08 0)
(-4.71306e-07 6.46874e-08 0)
(-4.63856e-07 5.35302e-08 0)
(-4.54775e-07 4.15238e-08 0)
(-4.44109e-07 2.88795e-08 0)
(-4.31931e-07 1.58294e-08 0)
(-4.18329e-07 2.61304e-09 0)
(-4.03378e-07 -1.0549e-08 0)
(-3.87153e-07 -2.34438e-08 0)
(-3.6973e-07 -3.58835e-08 0)
(-3.51178e-07 -4.76927e-08 0)
(-3.31566e-07 -5.87211e-08 0)
(-3.1097e-07 -6.88363e-08 0)
(-2.89451e-07 -7.79172e-08 0)
(-2.67092e-07 -8.58558e-08 0)
(-2.44029e-07 -9.25573e-08 0)
(-2.20441e-07 -9.79249e-08 0)
(-1.96386e-07 -1.01853e-07 0)
(-1.718e-07 -1.04227e-07 0)
(-1.46968e-07 -1.04904e-07 0)
(-1.22714e-07 -1.03714e-07 0)
(-9.9257e-08 -1.00435e-07 0)
(-7.61873e-08 -9.47513e-08 0)
(-5.37216e-08 -8.62551e-08 0)
(-3.50153e-08 -7.45959e-08 0)
(-1.93247e-08 -5.89711e-08 0)
(-8.61232e-09 -3.91709e-08 0)
(6.62802e-10 -1.58047e-08 0)
(-3.11047e-09 4.88725e-09 0)
(-6.9746e-09 8.41027e-09 0)
(-2.02982e-08 1.13575e-08 0)
(-3.95886e-08 1.26513e-08 0)
(-6.27795e-08 1.33045e-08 0)
(-8.67696e-08 1.40862e-08 0)
(-1.124e-07 1.55804e-08 0)
(-1.39689e-07 1.81409e-08 0)
(-1.67476e-07 2.19454e-08 0)
(-1.94943e-07 2.70206e-08 0)
(-2.21755e-07 3.32819e-08 0)
(-2.47683e-07 4.05596e-08 0)
(-2.72465e-07 4.86217e-08 0)
(-2.95844e-07 5.71914e-08 0)
(-3.17614e-07 6.5957e-08 0)
(-3.37622e-07 7.45903e-08 0)
(-3.55757e-07 8.27592e-08 0)
(-3.7194e-07 9.01682e-08 0)
(-3.86111e-07 9.65511e-08 0)
(-3.9825e-07 1.01669e-07 0)
(-4.08359e-07 1.05295e-07 0)
(-4.16439e-07 1.07247e-07 0)
(-4.22518e-07 1.0738e-07 0)
(-4.26654e-07 1.05602e-07 0)
(-4.28941e-07 1.01876e-07 0)
(-4.29463e-07 9.62991e-08 0)
(-4.28264e-07 8.89955e-08 0)
(-4.25386e-07 8.00781e-08 0)
(-4.20898e-07 6.9693e-08 0)
(-4.14873e-07 5.80402e-08 0)
(-4.07399e-07 4.53402e-08 0)
(-3.98552e-07 3.18491e-08 0)
(-3.8839e-07 1.7799e-08 0)
(-3.76991e-07 3.42736e-09 0)
(-3.64437e-07 -1.10405e-08 0)
(-3.50803e-07 -2.53769e-08 0)
(-3.3616e-07 -3.93825e-08 0)
(-3.2058e-07 -5.28614e-08 0)
(-3.04123e-07 -6.56493e-08 0)
(-2.86851e-07 -7.75925e-08 0)
(-2.68817e-07 -8.85573e-08 0)
(-2.5007e-07 -9.84139e-08 0)
(-2.3067e-07 -1.07049e-07 0)
(-2.10738e-07 -1.1435e-07 0)
(-1.90416e-07 -1.20202e-07 0)
(-1.69735e-07 -1.24471e-07 0)
(-1.48591e-07 -1.27014e-07 0)
(-1.27234e-07 -1.27653e-07 0)
(-1.0644e-07 -1.26166e-07 0)
(-8.63542e-08 -1.22253e-07 0)
(-6.62995e-08 -1.15498e-07 0)
(-4.72876e-08 -1.05412e-07 0)
(-3.00644e-08 -9.12945e-08 0)
(-1.72022e-08 -7.26696e-08 0)
(-8.37382e-09 -4.81608e-08 0)
(4.37865e-10 -1.97433e-08 0)
(-3.05217e-09 9.14753e-09 0)
(-5.99585e-09 1.86456e-08 0)
(-1.78382e-08 2.67326e-08 0)
(-3.47251e-08 3.18305e-08 0)
(-5.50743e-08 3.52817e-08 0)
(-7.58587e-08 3.79796e-08 0)
(-9.80089e-08 4.06519e-08 0)
(-1.21652e-07 4.37847e-08 0)
(-1.45706e-07 4.76562e-08 0)
(-1.69411e-07 5.23696e-08 0)
(-1.92471e-07 5.79032e-08 0)
(-2.14681e-07 6.41486e-08 0)
(-2.35799e-07 7.0931e-08 0)
(-2.55593e-07 7.80242e-08 0)
(-2.73875e-07 8.5155e-08 0)
(-2.90514e-07 9.20307e-08 0)
(-3.05409e-07 9.83458e-08 0)
(-3.18496e-07 1.03838e-07 0)
(-3.29714e-07 1.08274e-07 0)
(-3.39062e-07 1.11441e-07 0)
(-3.46584e-07 1.13137e-07 0)
(-3.52287e-07 1.13192e-07 0)
(-3.56226e-07 1.11479e-07 0)
(-3.58477e-07 1.07931e-07 0)
(-3.59132e-07 1.02532e-07 0)
(-3.58277e-07 9.53484e-08 0)
(-3.55981e-07 8.64861e-08 0)
(-3.52316e-07 7.60788e-08 0)
(-3.47354e-07 6.4286e-08 0)
(-3.41171e-07 5.13085e-08 0)
(-3.33856e-07 3.73658e-08 0)
(-3.25495e-07 2.27016e-08 0)
(-3.16157e-07 7.55379e-09 0)
(-3.0592e-07 -7.83927e-09 0)
(-2.94863e-07 -2.32537e-08 0)
(-2.83058e-07 -3.84682e-08 0)
(-2.7057e-07 -5.32891e-08 0)
(-2.5746e-07 -6.75257e-08 0)
(-2.4378e-07 -8.10216e-08 0)
(-2.29573e-07 -9.3621e-08 0)
(-2.14878e-07 -1.05194e-07 0)
(-1.99717e-07 -1.15604e-07 0)
(-1.84133e-07 -1.24733e-07 0)
(-1.68213e-07 -1.32461e-07 0)
(-1.52066e-07 -1.38657e-07 0)
(-1.35684e-07 -1.4316e-07 0)
(-1.18913e-07 -1.45815e-07 0)
(-1.01989e-07 -1.46417e-07 0)
(-8.55798e-08 -1.44687e-07 0)
(-6.97323e-08 -1.40276e-07 0)
(-5.38829e-08 -1.32678e-07 0)
(-3.79731e-08 -1.21271e-07 0)
(-2.51899e-08 -1.05422e-07 0)
(-1.41299e-08 -8.38789e-08 0)
(-6.44538e-09 -5.59931e-08 0)
(7.70319e-10 -2.31076e-08 0)
(-3.12658e-09 1.26527e-08 0)
(-4.73918e-09 2.75457e-08 0)
(-1.47774e-08 3.9799e-08 0)
(-2.86213e-08 4.79665e-08 0)
(-4.54085e-08 5.37228e-08 0)
(-6.22307e-08 5.80094e-08 0)
(-8.00806e-08 6.16552e-08 0)
(-9.92052e-08 6.52375e-08 0)
(-1.18633e-07 6.91221e-08 0)
(-1.37679e-07 7.34717e-08 0)
(-1.56093e-07 7.83154e-08 0)
(-1.737e-07 8.35906e-08 0)
(-1.90293e-07 8.91779e-08 0)
(-2.05669e-07 9.48966e-08 0)
(-2.19669e-07 1.00523e-07 0)
(-2.32177e-07 1.05795e-07 0)
(-2.43098e-07 1.1042e-07 0)
(-2.52454e-07 1.14134e-07 0)
(-2.60133e-07 1.16774e-07 0)
(-2.66128e-07 1.18252e-07 0)
(-2.70581e-07 1.18286e-07 0)
(-2.73462e-07 1.16697e-07 0)
(-2.7488e-07 1.13411e-07 0)
(-2.74925e-07 1.08387e-07 0)
(-2.73698e-07 1.01608e-07 0)
(-2.71295e-07 9.31357e-08 0)
(-2.67802e-07 8.30541e-08 0)
(-2.63308e-07 7.15062e-08 0)
(-2.57897e-07 5.86477e-08 0)
(-2.51645e-07 4.46944e-08 0)
(-2.44651e-07 2.9852e-08 0)
(-2.37005e-07 1.43702e-08 0)
(-2.28778e-07 -1.52414e-09 0)
(-2.20051e-07 -1.75806e-08 0)
(-2.109e-07 -3.35888e-08 0)
(-2.0139e-07 -4.93303e-08 0)
(-1.91576e-07 -6.46237e-08 0)
(-1.81511e-07 -7.92861e-08 0)
(-1.7123e-07 -9.31729e-08 0)
(-1.60756e-07 -1.06131e-07 0)
(-1.501e-07 -1.18033e-07 0)
(-1.39263e-07 -1.28738e-07 0)
(-1.28263e-07 -1.3813e-07 0)
(-1.17159e-07 -1.46075e-07 0)
(-1.06013e-07 -1.52447e-07 0)
(-9.47895e-08 -1.57054e-07 0)
(-8.32023e-08 -1.59691e-07 0)
(-7.15959e-08 -1.60232e-07 0)
(-6.04105e-08 -1.58376e-07 0)
(-4.96597e-08 -1.53654e-07 0)
(-3.84929e-08 -1.45469e-07 0)
(-2.77644e-08 -1.33199e-07 0)
(-1.76327e-08 -1.15924e-07 0)
(-1.07008e-08 -9.28012e-08 0)
(-5.75517e-09 -6.19423e-08 0)
(3.65708e-10 -2.58387e-08 0)
(-3.15191e-09 1.55863e-08 0)
(-3.43793e-09 3.46598e-08 0)
(-1.09321e-08 5.00353e-08 0)
(-2.13418e-08 6.05362e-08 0)
(-3.39456e-08 6.79919e-08 0)
(-4.61257e-08 7.34425e-08 0)
(-5.89581e-08 7.77742e-08 0)
(-7.2821e-08 8.1628e-08 0)
(-8.68532e-08 8.54408e-08 0)
(-1.00467e-07 8.94109e-08 0)
(-1.13465e-07 9.36009e-08 0)
(-1.25713e-07 9.79704e-08 0)
(-1.37036e-07 1.02466e-07 0)
(-1.47269e-07 1.06927e-07 0)
(-1.56282e-07 1.11201e-07 0)
(-1.6399e-07 1.15022e-07 0)
(-1.70252e-07 1.18195e-07 0)
(-1.75182e-07 1.20503e-07 0)
(-1.78816e-07 1.21739e-07 0)
(-1.81209e-07 1.21601e-07 0)
(-1.82035e-07 1.20182e-07 0)
(-1.81669e-07 1.17243e-07 0)
(-1.8021e-07 1.12763e-07 0)
(-1.77753e-07 1.06601e-07 0)
(-1.74412e-07 9.88454e-08 0)
(-1.70296e-07 8.94367e-08 0)
(-1.65504e-07 7.85683e-08 0)
(-1.6014e-07 6.62559e-08 0)
(-1.54289e-07 5.27885e-08 0)
(-1.48044e-07 3.82491e-08 0)
(-1.41508e-07 2.29813e-08 0)
(-1.34773e-07 7.08943e-09 0)
(-1.2791e-07 -9.06316e-09 0)
(-1.20997e-07 -2.53897e-08 0)
(-1.14114e-07 -4.15239e-08 0)
(-1.07312e-07 -5.74172e-08 0)
(-1.00637e-07 -7.27351e-08 0)
(-9.41259e-08 -8.7479e-08 0)
(-8.77951e-08 -1.01351e-07 0)
(-8.1638e-08 -1.14368e-07 0)
(-7.5639e-08 -1.26241e-07 0)
(-6.97717e-08 -1.36987e-07 0)
(-6.40261e-08 -1.46339e-07 0)
(-5.84276e-08 -1.5431e-07 0)
(-5.30067e-08 -1.6064e-07 0)
(-4.77413e-08 -1.65301e-07 0)
(-4.20978e-08 -1.67996e-07 0)
(-3.64304e-08 -1.6855e-07 0)
(-3.1103e-08 -1.66482e-07 0)
(-2.62453e-08 -1.61582e-07 0)
(-2.08907e-08 -1.53138e-07 0)
(-1.46327e-08 -1.40498e-07 0)
(-1.05718e-08 -1.22776e-07 0)
(-6.43044e-09 -9.8567e-08 0)
(-3.07944e-09 -6.60599e-08 0)
(4.95317e-10 -2.77749e-08 0)
(-3.17025e-09 1.79824e-08 0)
(-1.78818e-09 3.95003e-08 0)
(-6.6024e-09 5.70606e-08 0)
(-1.30924e-08 6.90561e-08 0)
(-2.09377e-08 7.74561e-08 0)
(-2.78861e-08 8.35832e-08 0)
(-3.51068e-08 8.8257e-08 0)
(-4.30823e-08 9.21678e-08 0)
(-5.10861e-08 9.57784e-08 0)
(-5.86291e-08 9.93388e-08 0)
(-6.55742e-08 1.02892e-07 0)
(-7.18222e-08 1.06445e-07 0)
(-7.72647e-08 1.09942e-07 0)
(-8.17687e-08 1.13321e-07 0)
(-8.52631e-08 1.16406e-07 0)
(-8.76439e-08 1.19043e-07 0)
(-8.88566e-08 1.20883e-07 0)
(-8.89202e-08 1.21969e-07 0)
(-8.77133e-08 1.22016e-07 0)
(-8.56365e-08 1.20779e-07 0)
(-8.26693e-08 1.18217e-07 0)
(-7.87863e-08 1.14346e-07 0)
(-7.41725e-08 1.09002e-07 0)
(-6.89546e-08 1.02177e-07 0)
(-6.32894e-08 9.38133e-08 0)
(-5.72944e-08 8.39915e-08 0)
(-5.10987e-08 7.2741e-08 0)
(-4.48009e-08 6.02324e-08 0)
(-3.85056e-08 4.65901e-08 0)
(-3.23061e-08 3.20652e-08 0)
(-2.63257e-08 1.68306e-08 0)
(-2.06569e-08 1.15259e-09 0)
(-1.53867e-08 -1.48197e-08 0)
(-1.05682e-08 -3.08045e-08 0)
(-6.27121e-09 -4.66667e-08 0)
(-2.537e-09 -6.21235e-08 0)
(5.95927e-10 -7.71066e-08 0)
(3.1061e-09 -9.13836e-08 0)
(5.01167e-09 -1.04939e-07 0)
(6.34717e-09 -1.17529e-07 0)
(7.17095e-09 -1.29122e-07 0)
(7.52553e-09 -1.39492e-07 0)
(7.46119e-09 -1.48617e-07 0)
(6.98025e-09 -1.56285e-07 0)
(6.12841e-09 -1.62472e-07 0)
(5.08775e-09 -1.66952e-07 0)
(4.01589e-09 -1.69634e-07 0)
(2.83658e-09 -1.70099e-07 0)
(1.31883e-09 -1.68153e-07 0)
(-1.94688e-10 -1.63296e-07 0)
(-7.849e-10 -1.55047e-07 0)
(-1.17118e-09 -1.42591e-07 0)
(-8.67821e-10 -1.25112e-07 0)
(-1.68232e-09 -1.00669e-07 0)
(-1.76371e-09 -6.80132e-08 0)
(9.89821e-11 -2.87299e-08 0)
(-2.99883e-09 1.93766e-08 0)
(2.16726e-10 4.19017e-08 0)
(-1.72561e-09 6.03803e-08 0)
(-4.05612e-09 7.30273e-08 0)
(-6.69573e-09 8.1779e-08 0)
(-7.86825e-09 8.81718e-08 0)
(-9.0171e-09 9.29339e-08 0)
(-1.06565e-08 9.67605e-08 0)
(-1.21659e-08 1.00106e-07 0)
(-1.31465e-08 1.0327e-07 0)
(-1.35001e-08 1.06217e-07 0)
(-1.32373e-08 1.09045e-07 0)
(-1.23081e-08 1.11679e-07 0)
(-1.06111e-08 1.14189e-07 0)
(-8.13267e-09 1.16254e-07 0)
(-4.58541e-09 1.17879e-07 0)
(-1.40472e-10 1.18684e-07 0)
(5.03814e-09 1.1877e-07 0)
(1.09923e-08 1.1776e-07 0)
(1.77918e-08 1.1589e-07 0)
(2.51241e-08 1.1258e-07 0)
(3.29218e-08 1.08208e-07 0)
(4.10208e-08 1.02318e-07 0)
(4.92595e-08 9.53152e-08 0)
(5.74743e-08 8.66904e-08 0)
(6.55134e-08 7.69889e-08 0)
(7.32471e-08 6.57181e-08 0)
(8.05562e-08 5.3587e-08 0)
(8.73419e-08 4.01431e-08 0)
(9.34852e-08 2.62085e-08 0)
(9.88491e-08 1.13488e-08 0)
(1.033e-07 -3.56779e-09 0)
(1.06792e-07 -1.90132e-08 0)
(1.0927e-07 -3.40886e-08 0)
(1.1071e-07 -4.92831e-08 0)
(1.11066e-07 -6.37268e-08 0)
(1.10315e-07 -7.7978e-08 0)
(1.08446e-07 -9.12505e-08 0)
(1.05524e-07 -1.04123e-07 0)
(1.01638e-07 -1.15798e-07 0)
(9.68529e-08 -1.26806e-07 0)
(9.12556e-08 -1.36412e-07 0)
(8.49121e-08 -1.45076e-07 0)
(7.78723e-08 -1.52135e-07 0)
(7.02015e-08 -1.58009e-07 0)
(6.21239e-08 -1.62065e-07 0)
(5.3862e-08 -1.6452e-07 0)
(4.5749e-08 -1.64813e-07 0)
(3.70144e-08 -1.63121e-07 0)
(2.84954e-08 -1.58536e-07 0)
(2.09886e-08 -1.50745e-07 0)
(1.49964e-08 -1.38863e-07 0)
(8.42284e-09 -1.22049e-07 0)
(3.78781e-09 -9.8991e-08 0)
(1.4057e-09 -6.68967e-08 0)
(2.66805e-10 -2.87556e-08 0)
(-2.70419e-09 1.9299e-08 0)
(2.62284e-09 4.10997e-08 0)
(3.68263e-09 5.91658e-08 0)
(5.96352e-09 7.16042e-08 0)
(8.84545e-09 8.04382e-08 0)
(1.3747e-08 8.6878e-08 0)
(1.89564e-08 9.16518e-08 0)
(2.39229e-08 9.53158e-08 0)
(2.92271e-08 9.84418e-08 0)
(3.52015e-08 1.01117e-07 0)
(4.1835e-08 1.03646e-07 0)
(4.89083e-08 1.05855e-07 0)
(5.64839e-08 1.07993e-07 0)
(6.46946e-08 1.09641e-07 0)
(7.36064e-08 1.11064e-07 0)
(8.32301e-08 1.11662e-07 0)
(9.34639e-08 1.11995e-07 0)
(1.04268e-07 1.11182e-07 0)
(1.15572e-07 1.0981e-07 0)
(1.2726e-07 1.07038e-07 0)
(1.39206e-07 1.03664e-07 0)
(1.51176e-07 9.87236e-08 0)
(1.63027e-07 9.31789e-08 0)
(1.74502e-07 8.58929e-08 0)
(1.85469e-07 7.7995e-08 0)
(1.95703e-07 6.82698e-08 0)
(2.05113e-07 5.80551e-08 0)
(2.13525e-07 4.61118e-08 0)
(2.20845e-07 3.39475e-08 0)
(2.26908e-07 2.0271e-08 0)
(2.31588e-07 6.77525e-09 0)
(2.34742e-07 -7.83354e-09 0)
(2.3633e-07 -2.17224e-08 0)
(2.36333e-07 -3.62222e-08 0)
(2.34725e-07 -4.95175e-08 0)
(2.31483e-07 -6.31319e-08 0)
(2.26579e-07 -7.53687e-08 0)
(2.20055e-07 -8.7792e-08 0)
(2.12009e-07 -9.87167e-08 0)
(2.02587e-07 -1.09601e-07 0)
(1.91845e-07 -1.18884e-07 0)
(1.79964e-07 -1.27939e-07 0)
(1.67001e-07 -1.35235e-07 0)
(1.53065e-07 -1.41965e-07 0)
(1.38223e-07 -1.46775e-07 0)
(1.22827e-07 -1.50694e-07 0)
(1.07173e-07 -1.52468e-07 0)
(9.14517e-08 -1.52907e-07 0)
(7.52889e-08 -1.50881e-07 0)
(5.94557e-08 -1.46738e-07 0)
(4.51135e-08 -1.3924e-07 0)
(3.17806e-08 -1.28303e-07 0)
(2.01035e-08 -1.13198e-07 0)
(9.88133e-09 -9.16855e-08 0)
(3.31363e-09 -6.26375e-08 0)
(4.73369e-10 -2.76305e-08 0)
(-2.28089e-09 1.76875e-08 0)
(5.24116e-09 3.72213e-08 0)
(9.86271e-09 5.30135e-08 0)
(1.7194e-08 6.41698e-08 0)
(2.59039e-08 7.23768e-08 0)
(3.693e-08 7.83673e-08 0)
(4.85171e-08 8.27239e-08 0)
(6.02572e-08 8.61307e-08 0)
(7.25194e-08 8.88542e-08 0)
(8.54943e-08 9.12017e-08 0)
(9.89649e-08 9.32119e-08 0)
(1.12934e-07 9.50926e-08 0)
(1.27362e-07 9.65627e-08 0)
(1.42396e-07 9.77675e-08 0)
(1.57867e-07 9.83889e-08 0)
(1.73864e-07 9.86906e-08 0)
(1.9018e-07 9.8246e-08 0)
(2.06889e-07 9.73183e-08 0)
(2.23695e-07 9.53449e-08 0)
(2.40613e-07 9.28007e-08 0)
(2.57326e-07 8.90628e-08 0)
(2.73758e-07 8.47954e-08 0)
(2.89498e-07 7.92864e-08 0)
(3.04472e-07 7.3201e-08 0)
(3.18327e-07 6.57006e-08 0)
(3.30988e-07 5.76059e-08 0)
(3.42168e-07 4.8087e-08 0)
(3.51796e-07 3.81203e-08 0)
(3.59607e-07 2.68329e-08 0)
(3.65547e-07 1.53194e-08 0)
(3.69423e-07 2.79318e-09 0)
(3.71237e-07 -9.4614e-09 0)
(3.70935e-07 -2.22528e-08 0)
(3.68507e-07 -3.42101e-08 0)
(3.63835e-07 -4.62371e-08 0)
(3.56871e-07 -5.71458e-08 0)
(3.47668e-07 -6.80267e-08 0)
(3.36301e-07 -7.77854e-08 0)
(3.23004e-07 -8.74197e-08 0)
(3.0778e-07 -9.59193e-08 0)
(2.90828e-07 -1.04161e-07 0)
(2.72279e-07 -1.11166e-07 0)
(2.52464e-07 -1.1773e-07 0)
(2.31338e-07 -1.22884e-07 0)
(2.09202e-07 -1.27287e-07 0)
(1.86242e-07 -1.30083e-07 0)
(1.63044e-07 -1.31809e-07 0)
(1.39549e-07 -1.31714e-07 0)
(1.1589e-07 -1.30096e-07 0)
(9.26324e-08 -1.26072e-07 0)
(7.10412e-08 -1.19669e-07 0)
(5.09428e-08 -1.10244e-07 0)
(3.20915e-08 -9.69668e-08 0)
(1.69248e-08 -7.94755e-08 0)
(6.44691e-09 -5.44688e-08 0)
(1.46359e-09 -2.48754e-08 0)
(-3.1043e-09 1.49683e-08 0)
(8.50531e-09 3.05953e-08 0)
(1.62909e-08 4.33381e-08 0)
(2.91792e-08 5.19144e-08 0)
(4.37492e-08 5.85966e-08 0)
(6.07501e-08 6.33607e-08 0)
(7.87652e-08 6.67446e-08 0)
(9.72061e-08 6.93776e-08 0)
(1.16368e-07 7.15411e-08 0)
(1.36213e-07 7.33911e-08 0)
(1.56677e-07 7.49289e-08 0)
(1.7759e-07 7.62535e-08 0)
(1.99044e-07 7.72348e-08 0)
(2.20883e-07 7.7955e-08 0)
(2.43162e-07 7.82331e-08 0)
(2.65646e-07 7.82062e-08 0)
(2.88376e-07 7.76192e-08 0)
(3.11055e-07 7.66168e-08 0)
(3.33668e-07 7.48386e-08 0)
(3.5587e-07 7.25471e-08 0)
(3.77653e-07 6.93698e-08 0)
(3.98623e-07 6.57687e-08 0)
(4.18622e-07 6.13353e-08 0)
(4.37209e-07 5.64294e-08 0)
(4.54288e-07 5.04892e-08 0)
(4.69493e-07 4.40207e-08 0)
(4.8274e-07 3.65141e-08 0)
(4.93683e-07 2.859e-08 0)
(5.02237e-07 1.97133e-08 0)
(5.08109e-07 1.05931e-08 0)
(5.11316e-07 8.712e-10 0)
(5.11712e-07 -8.69736e-09 0)
(5.09381e-07 -1.85957e-08 0)
(5.04283e-07 -2.7933e-08 0)
(4.96345e-07 -3.72292e-08 0)
(4.85519e-07 -4.57209e-08 0)
(4.71838e-07 -5.40731e-08 0)
(4.5556e-07 -6.16139e-08 0)
(4.36747e-07 -6.90981e-08 0)
(4.15645e-07 -7.5747e-08 0)
(3.92296e-07 -8.21517e-08 0)
(3.67058e-07 -8.75843e-08 0)
(3.40078e-07 -9.2624e-08 0)
(3.11704e-07 -9.6566e-08 0)
(2.81979e-07 -9.99112e-08 0)
(2.51457e-07 -1.0199e-07 0)
(2.20407e-07 -1.03266e-07 0)
(1.89262e-07 -1.03156e-07 0)
(1.57883e-07 -1.01889e-07 0)
(1.27229e-07 -9.87088e-08 0)
(9.81867e-08 -9.37259e-08 0)
(7.10291e-08 -8.65529e-08 0)
(4.58218e-08 -7.66392e-08 0)
(2.42446e-08 -6.26428e-08 0)
(9.91333e-09 -4.35302e-08 0)
(2.70572e-10 -2.06718e-08 0)
(-1.75476e-09 1.02112e-08 0)
(1.24287e-08 1.88217e-08 0)
(2.36897e-08 2.80484e-08 0)
(4.14804e-08 3.38528e-08 0)
(6.19286e-08 3.79467e-08 0)
(8.45954e-08 4.07071e-08 0)
(1.08688e-07 4.27343e-08 0)
(1.33749e-07 4.43927e-08 0)
(1.59711e-07 4.58742e-08 0)
(1.86474e-07 4.70117e-08 0)
(2.13842e-07 4.80269e-08 0)
(2.41776e-07 4.87517e-08 0)
(2.70163e-07 4.94293e-08 0)
(2.9898e-07 4.96982e-08 0)
(3.28021e-07 4.99291e-08 0)
(3.5722e-07 4.96894e-08 0)
(3.8636e-07 4.94543e-08 0)
(4.15317e-07 4.85576e-08 0)
(4.43773e-07 4.76156e-08 0)
(4.71552e-07 4.58026e-08 0)
(4.98362e-07 4.38553e-08 0)
(5.24079e-07 4.12917e-08 0)
(5.48324e-07 3.9124e-08 0)
(5.70853e-07 3.59216e-08 0)
(5.91309e-07 3.27208e-08 0)
(6.09477e-07 2.82981e-08 0)
(6.24996e-07 2.38623e-08 0)
(6.37641e-07 1.82674e-08 0)
(6.47259e-07 1.31714e-08 0)
(6.5339e-07 6.9638e-09 0)
(6.55949e-07 1.27905e-09 0)
(6.54911e-07 -5.57161e-09 0)
(6.5036e-07 -1.17077e-08 0)
(6.42333e-07 -1.83115e-08 0)
(6.30776e-07 -2.36902e-08 0)
(6.15729e-07 -2.94784e-08 0)
(5.97375e-07 -3.41943e-08 0)
(5.75887e-07 -3.94992e-08 0)
(5.51634e-07 -4.37617e-08 0)
(5.24587e-07 -4.84193e-08 0)
(4.94856e-07 -5.20804e-08 0)
(4.62748e-07 -5.5995e-08 0)
(4.28714e-07 -5.87526e-08 0)
(3.92908e-07 -6.16199e-08 0)
(3.55696e-07 -6.33718e-08 0)
(3.17393e-07 -6.50014e-08 0)
(2.78592e-07 -6.54407e-08 0)
(2.39552e-07 -6.56566e-08 0)
(2.00644e-07 -6.48133e-08 0)
(1.6252e-07 -6.32679e-08 0)
(1.26095e-07 -5.99351e-08 0)
(9.19437e-08 -5.50481e-08 0)
(6.05782e-08 -4.85013e-08 0)
(3.41466e-08 -4.03876e-08 0)
(1.54957e-08 -2.81881e-08 0)
(8.35738e-10 -1.41836e-08 0)
(1.79094e-09 3.55253e-09 0)
(1.22307e-08 1.028e-08 0)
(2.99417e-08 1.35344e-08 0)
(5.24695e-08 1.50923e-08 0)
(7.80293e-08 1.72619e-08 0)
(1.06535e-07 1.88865e-08 0)
(1.36739e-07 1.97843e-08 0)
(1.68068e-07 2.03317e-08 0)
(2.00425e-07 2.08101e-08 0)
(2.33697e-07 2.12446e-08 0)
(2.67747e-07 2.1629e-08 0)
(3.02396e-07 2.18995e-08 0)
(3.37511e-07 2.21216e-08 0)
(3.72947e-07 2.22836e-08 0)
(4.08602e-07 2.23871e-08 0)
(4.44272e-07 2.23013e-08 0)
(4.79753e-07 2.20605e-08 0)
(5.14785e-07 2.16325e-08 0)
(5.49148e-07 2.10861e-08 0)
(5.82541e-07 2.03428e-08 0)
(6.14502e-07 1.91179e-08 0)
(6.44691e-07 1.75523e-08 0)
(6.73086e-07 1.60826e-08 0)
(6.99475e-07 1.45284e-08 0)
(7.23492e-07 1.27351e-08 0)
(7.44696e-07 1.06718e-08 0)
(7.62713e-07 8.5178e-09 0)
(7.76894e-07 5.99513e-09 0)
(7.87475e-07 3.08791e-09 0)
(7.93857e-07 5.11985e-10 0)
(7.96057e-07 -1.35971e-09 0)
(7.94147e-07 -3.15384e-09 0)
(7.877e-07 -5.46703e-09 0)
(7.76751e-07 -8.1106e-09 0)
(7.61527e-07 -1.06584e-08 0)
(7.42365e-07 -1.29415e-08 0)
(7.19561e-07 -1.48311e-08 0)
(6.93301e-07 -1.68161e-08 0)
(6.63621e-07 -1.93674e-08 0)
(6.306e-07 -2.18059e-08 0)
(5.94523e-07 -2.36084e-08 0)
(5.55845e-07 -2.51126e-08 0)
(5.14825e-07 -2.64577e-08 0)
(4.71791e-07 -2.75449e-08 0)
(4.27108e-07 -2.8344e-08 0)
(3.81297e-07 -2.87953e-08 0)
(3.34853e-07 -2.90347e-08 0)
(2.88182e-07 -2.89973e-08 0)
(2.41566e-07 -2.8465e-08 0)
(1.95913e-07 -2.71169e-08 0)
(1.52574e-07 -2.56615e-08 0)
(1.11919e-07 -2.48517e-08 0)
(7.42671e-08 -2.27579e-08 0)
(4.10979e-08 -1.82199e-08 0)
(1.73574e-08 -1.13805e-08 0)
(2.91699e-09 -5.05675e-09 0)
)
;

boundaryField
{
    top
    {
        type            slip;
    }
    bottom
    {
        type            slip;
    }
    rotatingWall
    {
        type            rotatingWallVelocity;
        origin          (0 0 0);
        axis            (0 1 0);
        omega           constant 1140;
        value           uniform (0 0 0);
    }
    wall
    {
        type            rotatingWallVelocity;
        origin          (0 0 0);
        axis            (0 1 0);
        omega           constant 0;
        value           uniform (0 -0 -0);
    }
    frontAndBack
    {
        type            empty;
    }
}


// ************************************************************************* //
