/*--------------------------------*- C++ -*----------------------------------*\
| =========                 |                                                 |
| \\      /  F ield         | OpenFOAM: The Open Source CFD Toolbox           |
|  \\    /   O peration     | Version:  5.0                                   |
|   \\  /    A nd           | Web:      www.OpenFOAM.org                      |
|    \\/     M anipulation  |                                                 |
\*---------------------------------------------------------------------------*/
FoamFile
{
    version     2.0;
    format      ascii;
    class       volVectorField;
    location    "350";
    object      U;
}
// * * * * * * * * * * * * * * * * * * * * * * * * * * * * * * * * * * * * * //

dimensions      [0 1 -1 0 0 0 0];

internalField   nonuniform List<vector> 
1568
(
(7.84958e-16 -2.48976e-15 0)
(8.05444e-15 -5.6742e-15 0)
(2.17565e-14 -8.87534e-15 0)
(4.09732e-14 -1.07993e-14 0)
(6.32382e-14 -1.22865e-14 0)
(8.88034e-14 -1.40087e-14 0)
(1.1713e-13 -1.51005e-14 0)
(1.47257e-13 -1.59537e-14 0)
(1.7891e-13 -1.66508e-14 0)
(2.11661e-13 -1.70751e-14 0)
(2.45011e-13 -1.72886e-14 0)
(2.78578e-13 -1.73143e-14 0)
(3.1202e-13 -1.71558e-14 0)
(3.44989e-13 -1.68272e-14 0)
(3.77165e-13 -1.63474e-14 0)
(4.08259e-13 -1.57176e-14 0)
(4.37999e-13 -1.49538e-14 0)
(4.66136e-13 -1.40692e-14 0)
(4.92443e-13 -1.30729e-14 0)
(5.16716e-13 -1.19748e-14 0)
(5.3877e-13 -1.07862e-14 0)
(5.58453e-13 -9.51781e-15 0)
(5.75631e-13 -8.14975e-15 0)
(5.90053e-13 -6.47142e-15 0)
(6.01737e-13 -4.68009e-15 0)
(6.10715e-13 -3.0778e-15 0)
(6.16901e-13 -1.55253e-15 0)
(6.19976e-13 -4.17468e-16 0)
(6.19996e-13 4.03512e-16 0)
(6.16966e-13 1.52826e-15 0)
(6.10828e-13 3.0523e-15 0)
(6.01893e-13 4.64982e-15 0)
(5.90245e-13 6.44674e-15 0)
(5.7586e-13 8.12867e-15 0)
(5.5872e-13 9.50078e-15 0)
(5.39078e-13 1.07652e-14 0)
(5.17059e-13 1.19602e-14 0)
(4.92817e-13 1.30543e-14 0)
(4.66542e-13 1.40571e-14 0)
(4.38429e-13 1.49432e-14 0)
(4.08708e-13 1.57087e-14 0)
(3.77637e-13 1.63343e-14 0)
(3.45481e-13 1.68211e-14 0)
(3.12525e-13 1.71497e-14 0)
(2.79093e-13 1.73105e-14 0)
(2.45523e-13 1.72841e-14 0)
(2.12184e-13 1.70654e-14 0)
(1.7947e-13 1.66352e-14 0)
(1.47797e-13 1.5985e-14 0)
(1.17618e-13 1.50745e-14 0)
(8.94536e-14 1.39035e-14 0)
(6.38353e-14 1.24702e-14 0)
(4.13516e-14 1.06564e-14 0)
(2.25039e-14 8.56906e-15 0)
(8.87849e-15 5.72759e-15 0)
(1.16852e-15 2.37807e-15 0)
(2.8228e-16 -6.88584e-15 0)
(8.22053e-15 -1.58295e-14 0)
(2.01589e-14 -2.41273e-14 0)
(3.67695e-14 -3.03106e-14 0)
(5.7871e-14 -3.56969e-14 0)
(8.16129e-14 -3.98544e-14 0)
(1.07643e-13 -4.31925e-14 0)
(1.35759e-13 -4.57905e-14 0)
(1.65257e-13 -4.76757e-14 0)
(1.95692e-13 -4.89111e-14 0)
(2.26721e-13 -4.95318e-14 0)
(2.58005e-13 -4.96056e-14 0)
(2.89141e-13 -4.91601e-14 0)
(3.1982e-13 -4.82203e-14 0)
(3.49775e-13 -4.68258e-14 0)
(3.78714e-13 -4.50235e-14 0)
(4.06386e-13 -4.28317e-14 0)
(4.32567e-13 -4.02896e-14 0)
(4.57043e-13 -3.74244e-14 0)
(4.7962e-13 -3.4277e-14 0)
(5.00124e-13 -3.08677e-14 0)
(5.184e-13 -2.72376e-14 0)
(5.34319e-13 -2.34196e-14 0)
(5.47777e-13 -1.94681e-14 0)
(5.58739e-13 -1.55621e-14 0)
(5.67106e-13 -1.1536e-14 0)
(5.728e-13 -7.14515e-15 0)
(5.75654e-13 -2.42924e-15 0)
(5.75679e-13 2.36763e-15 0)
(5.72864e-13 7.09027e-15 0)
(5.67202e-13 1.14862e-14 0)
(5.58865e-13 1.55122e-14 0)
(5.47944e-13 1.94119e-14 0)
(5.3453e-13 2.33633e-14 0)
(5.18647e-13 2.71833e-14 0)
(5.00398e-13 3.08164e-14 0)
(4.79925e-13 3.42327e-14 0)
(4.57381e-13 3.73815e-14 0)
(4.32925e-13 4.02511e-14 0)
(4.06772e-13 4.27973e-14 0)
(3.79122e-13 4.49945e-14 0)
(3.50192e-13 4.68024e-14 0)
(3.20249e-13 4.8203e-14 0)
(2.89571e-13 4.9141e-14 0)
(2.58441e-13 4.95982e-14 0)
(2.27183e-13 4.95309e-14 0)
(1.96138e-13 4.89049e-14 0)
(1.65671e-13 4.76667e-14 0)
(1.36182e-13 4.57816e-14 0)
(1.08123e-13 4.32034e-14 0)
(8.19368e-14 3.9842e-14 0)
(5.81271e-14 3.55816e-14 0)
(3.72881e-14 3.04648e-14 0)
(2.01548e-14 2.41025e-14 0)
(8.03327e-15 1.62216e-14 0)
(3.39553e-16 6.78732e-15 0)
(-8.37065e-18 -1.05696e-14 0)
(6.49635e-15 -2.5365e-14 0)
(1.72591e-14 -3.84898e-14 0)
(3.31381e-14 -4.87888e-14 0)
(5.18181e-14 -5.71852e-14 0)
(7.37512e-14 -6.41501e-14 0)
(9.79895e-14 -6.95345e-14 0)
(1.239e-13 -7.37284e-14 0)
(1.51171e-13 -7.6786e-14 0)
(1.79423e-13 -7.87718e-14 0)
(2.08191e-13 -7.97795e-14 0)
(2.37135e-13 -7.98864e-14 0)
(2.65986e-13 -7.91533e-14 0)
(2.94429e-13 -7.76314e-14 0)
(3.22166e-13 -7.53936e-14 0)
(3.48965e-13 -7.24799e-14 0)
(3.74596e-13 -6.89498e-14 0)
(3.98836e-13 -6.48538e-14 0)
(4.2149e-13 -6.02439e-14 0)
(4.42388e-13 -5.51657e-14 0)
(4.6137e-13 -4.9674e-14 0)
(4.78294e-13 -4.38138e-14 0)
(4.93038e-13 -3.76391e-14 0)
(5.05522e-13 -3.12192e-14 0)
(5.15637e-13 -2.46411e-14 0)
(5.23259e-13 -1.78757e-14 0)
(5.28358e-13 -1.08597e-14 0)
(5.30932e-13 -3.66617e-15 0)
(5.30945e-13 3.57957e-15 0)
(5.28403e-13 1.07738e-14 0)
(5.23341e-13 1.77994e-14 0)
(5.15756e-13 2.4567e-14 0)
(5.0567e-13 3.11549e-14 0)
(4.93213e-13 3.75739e-14 0)
(4.78499e-13 4.3757e-14 0)
(4.61609e-13 4.96138e-14 0)
(4.42651e-13 5.51164e-14 0)
(4.21775e-13 6.01922e-14 0)
(3.99147e-13 6.48083e-14 0)
(3.74923e-13 6.89066e-14 0)
(3.49305e-13 7.2441e-14 0)
(3.22522e-13 7.53558e-14 0)
(2.94792e-13 7.76053e-14 0)
(2.66361e-13 7.91271e-14 0)
(2.37519e-13 7.98709e-14 0)
(2.08554e-13 7.97699e-14 0)
(1.79784e-13 7.87597e-14 0)
(1.51559e-13 7.67743e-14 0)
(1.24265e-13 7.37401e-14 0)
(9.82827e-14 6.95273e-14 0)
(7.40439e-14 6.40781e-14 0)
(5.22017e-14 5.72626e-14 0)
(3.31506e-14 4.87683e-14 0)
(1.73921e-14 3.84318e-14 0)
(6.64446e-15 2.57235e-14 0)
(1.10731e-16 1.04271e-14 0)
(-6.55903e-17 -1.32506e-14 0)
(5.86286e-15 -3.39532e-14 0)
(1.52242e-14 -5.08673e-14 0)
(2.90948e-14 -6.53183e-14 0)
(4.64687e-14 -7.68196e-14 0)
(6.63735e-14 -8.613e-14 0)
(8.84512e-14 -9.35804e-14 0)
(1.12224e-13 -9.93123e-14 0)
(1.3731e-13 -1.03431e-13 0)
(1.63237e-13 -1.06117e-13 0)
(1.89669e-13 -1.07507e-13 0)
(2.16329e-13 -1.07647e-13 0)
(2.42875e-13 -1.06645e-13 0)
(2.69019e-13 -1.046e-13 0)
(2.94543e-13 -1.01574e-13 0)
(3.19202e-13 -9.76379e-14 0)
(3.4277e-13 -9.28788e-14 0)
(3.65061e-13 -8.73538e-14 0)
(3.85899e-13 -8.11393e-14 0)
(4.05115e-13 -7.42959e-14 0)
(4.22565e-13 -6.68988e-14 0)
(4.38124e-13 -5.90094e-14 0)
(4.51683e-13 -5.07043e-14 0)
(4.63144e-13 -4.20471e-14 0)
(4.72403e-13 -3.31319e-14 0)
(4.79359e-13 -2.39502e-14 0)
(4.83985e-13 -1.45132e-14 0)
(4.86303e-13 -4.88865e-15 0)
(4.86317e-13 4.78044e-15 0)
(4.8403e-13 1.44098e-14 0)
(4.79426e-13 2.38506e-14 0)
(4.72494e-13 3.30375e-14 0)
(4.63264e-13 4.19551e-14 0)
(4.51831e-13 5.06183e-14 0)
(4.38293e-13 5.89273e-14 0)
(4.2275e-13 6.6825e-14 0)
(4.05322e-13 7.42207e-14 0)
(3.86125e-13 8.10753e-14 0)
(3.65302e-13 8.72939e-14 0)
(3.43028e-13 9.28243e-14 0)
(3.19475e-13 9.7592e-14 0)
(2.94826e-13 1.01536e-13 0)
(2.69308e-13 1.04566e-13 0)
(2.4316e-13 1.06631e-13 0)
(2.16624e-13 1.07632e-13 0)
(1.89975e-13 1.07497e-13 0)
(1.63521e-13 1.06135e-13 0)
(1.37588e-13 1.03443e-13 0)
(1.12489e-13 9.93019e-14 0)
(8.86798e-14 9.36169e-14 0)
(6.66144e-14 8.6187e-14 0)
(4.65798e-14 7.68147e-14 0)
(2.92423e-14 6.526e-14 0)
(1.53264e-14 5.11779e-14 0)
(5.73463e-15 3.38688e-14 0)
(9.57055e-17 1.33632e-14 0)
(1.67122e-16 -1.58557e-14 0)
(4.86334e-15 -4.08095e-14 0)
(1.33794e-14 -6.24219e-14 0)
(2.58319e-14 -7.99111e-14 0)
(4.1284e-14 -9.4434e-14 0)
(5.92152e-14 -1.06173e-13 0)
(7.9202e-14 -1.15491e-13 0)
(1.00778e-13 -1.2262e-13 0)
(1.2357e-13 -1.27786e-13 0)
(1.47169e-13 -1.31168e-13 0)
(1.71255e-13 -1.3288e-13 0)
(1.95539e-13 -1.33063e-13 0)
(2.19725e-13 -1.31843e-13 0)
(2.43573e-13 -1.29307e-13 0)
(2.66847e-13 -1.25551e-13 0)
(2.89321e-13 -1.20689e-13 0)
(3.10811e-13 -1.14794e-13 0)
(3.31134e-13 -1.07959e-13 0)
(3.50122e-13 -1.00266e-13 0)
(3.67633e-13 -9.181e-14 0)
(3.83535e-13 -8.2661e-14 0)
(3.97709e-13 -7.29125e-14 0)
(4.10053e-13 -6.26414e-14 0)
(4.20473e-13 -5.1941e-14 0)
(4.28883e-13 -4.08756e-14 0)
(4.35209e-13 -2.95044e-14 0)
(4.39426e-13 -1.78511e-14 0)
(4.41539e-13 -6.01292e-15 0)
(4.41548e-13 5.89292e-15 0)
(4.39453e-13 1.77307e-14 0)
(4.35259e-13 2.93837e-14 0)
(4.28955e-13 4.07609e-14 0)
(4.20562e-13 5.18283e-14 0)
(4.10157e-13 6.25339e-14 0)
(3.97831e-13 7.28062e-14 0)
(3.83673e-13 8.25633e-14 0)
(3.67786e-13 9.17206e-14 0)
(3.50291e-13 1.00184e-13 0)
(3.31313e-13 1.07886e-13 0)
(3.11e-13 1.14731e-13 0)
(2.89519e-13 1.20636e-13 0)
(2.67049e-13 1.2551e-13 0)
(2.43788e-13 1.29277e-13 0)
(2.19943e-13 1.31824e-13 0)
(1.95749e-13 1.33064e-13 0)
(1.71473e-13 1.32888e-13 0)
(1.47372e-13 1.31183e-13 0)
(1.23751e-13 1.27819e-13 0)
(1.00989e-13 1.22667e-13 0)
(7.93848e-14 1.1554e-13 0)
(5.92895e-14 1.06229e-13 0)
(4.13701e-14 9.45304e-14 0)
(2.59753e-14 8.00865e-14 0)
(1.33158e-14 6.24204e-14 0)
(4.91182e-15 4.10592e-14 0)
(5.27087e-17 1.58986e-14 0)
(4.70741e-18 -1.8115e-14 0)
(4.28776e-15 -4.71507e-14 0)
(1.1655e-14 -7.2276e-14 0)
(2.26868e-14 -9.31021e-14 0)
(3.63471e-14 -1.10276e-13 0)
(5.23506e-14 -1.24188e-13 0)
(7.02155e-14 -1.35255e-13 0)
(8.95534e-14 -1.43725e-13 0)
(1.1001e-13 -1.49858e-13 0)
(1.31223e-13 -1.53874e-13 0)
(1.52902e-13 -1.55921e-13 0)
(1.74773e-13 -1.56161e-13 0)
(1.96571e-13 -1.54728e-13 0)
(2.18065e-13 -1.51748e-13 0)
(2.39039e-13 -1.47349e-13 0)
(2.59301e-13 -1.41633e-13 0)
(2.78673e-13 -1.34708e-13 0)
(2.96991e-13 -1.26683e-13 0)
(3.14105e-13 -1.17655e-13 0)
(3.29885e-13 -1.07719e-13 0)
(3.44212e-13 -9.69803e-14 0)
(3.56977e-13 -8.55326e-14 0)
(3.68087e-13 -7.34713e-14 0)
(3.77463e-13 -6.08902e-14 0)
(3.85027e-13 -4.78773e-14 0)
(3.90721e-13 -3.45068e-14 0)
(3.94526e-13 -2.08536e-14 0)
(3.96431e-13 -7.01712e-15 0)
(3.96437e-13 6.88094e-15 0)
(3.94545e-13 2.07218e-14 0)
(3.90754e-13 3.43804e-14 0)
(3.8507e-13 4.77533e-14 0)
(3.77521e-13 6.077e-14 0)
(3.68157e-13 7.33575e-14 0)
(3.57058e-13 8.54264e-14 0)
(3.44304e-13 9.68809e-14 0)
(3.29985e-13 1.07629e-13 0)
(3.14212e-13 1.1757e-13 0)
(2.97106e-13 1.26607e-13 0)
(2.78797e-13 1.34644e-13 0)
(2.59431e-13 1.41579e-13 0)
(2.39175e-13 1.47308e-13 0)
(2.18201e-13 1.51722e-13 0)
(1.96708e-13 1.5471e-13 0)
(1.74913e-13 1.56157e-13 0)
(1.53039e-13 1.55934e-13 0)
(1.31351e-13 1.539e-13 0)
(1.10141e-13 1.49908e-13 0)
(8.96581e-14 1.43781e-13 0)
(7.0284e-14 1.3531e-13 0)
(5.24763e-14 1.24283e-13 0)
(3.64233e-14 1.10383e-13 0)
(2.25984e-14 9.3224e-14 0)
(1.17252e-14 7.24217e-14 0)
(4.35813e-15 4.73743e-14 0)
(4.48381e-17 1.81045e-14 0)
(1.44076e-18 -1.99636e-14 0)
(3.74009e-15 -5.2706e-14 0)
(1.01113e-14 -8.09612e-14 0)
(1.96942e-14 -1.0466e-13 0)
(3.16811e-14 -1.24208e-13 0)
(4.57071e-14 -1.4012e-13 0)
(6.14368e-14 -1.52781e-13 0)
(7.85294e-14 -1.62488e-13 0)
(9.66198e-14 -1.6953e-13 0)
(1.15407e-13 -1.7414e-13 0)
(1.34639e-13 -1.76495e-13 0)
(1.54052e-13 -1.76789e-13 0)
(1.73405e-13 -1.75183e-13 0)
(1.92494e-13 -1.71821e-13 0)
(2.11131e-13 -1.66838e-13 0)
(2.29137e-13 -1.60362e-13 0)
(2.46348e-13 -1.52519e-13 0)
(2.62622e-13 -1.43426e-13 0)
(2.77829e-13 -1.33197e-13 0)
(2.91849e-13 -1.21944e-13 0)
(3.04571e-13 -1.09779e-13 0)
(3.15907e-13 -9.68102e-14 0)
(3.25771e-13 -8.31435e-14 0)
(3.34088e-13 -6.88841e-14 0)
(3.40799e-13 -5.41367e-14 0)
(3.45857e-13 -3.89901e-14 0)
(3.49236e-13 -2.35466e-14 0)
(3.50929e-13 -7.91661e-15 0)
(3.50935e-13 7.7774e-15 0)
(3.4925e-13 2.34086e-14 0)
(3.45876e-13 3.88548e-14 0)
(3.40825e-13 5.40058e-14 0)
(3.34121e-13 6.87595e-14 0)
(3.25808e-13 8.30229e-14 0)
(3.15949e-13 9.66965e-14 0)
(3.04619e-13 1.09672e-13 0)
(2.91898e-13 1.21844e-13 0)
(2.77884e-13 1.33109e-13 0)
(2.62681e-13 1.43349e-13 0)
(2.4641e-13 1.52455e-13 0)
(2.29201e-13 1.60311e-13 0)
(2.11199e-13 1.668e-13 0)
(1.92566e-13 1.71797e-13 0)
(1.73475e-13 1.75178e-13 0)
(1.5412e-13 1.768e-13 0)
(1.34714e-13 1.7652e-13 0)
(1.15477e-13 1.74179e-13 0)
(9.66641e-14 1.69594e-13 0)
(7.8586e-14 1.62564e-13 0)
(6.15077e-14 1.5288e-13 0)
(4.56929e-14 1.40238e-13 0)
(3.16712e-14 1.24323e-13 0)
(1.97764e-14 1.04806e-13 0)
(1.00729e-14 8.11538e-14 0)
(3.65879e-15 5.28133e-14 0)
(4.50165e-17 2.00278e-14 0)
(4.10177e-17 -2.16049e-14 0)
(3.17438e-15 -5.73868e-14 0)
(8.63797e-15 -8.84909e-14 0)
(1.68465e-14 -1.14634e-13 0)
(2.71549e-14 -1.36323e-13 0)
(3.92638e-14 -1.54016e-13 0)
(5.28776e-14 -1.68094e-13 0)
(6.76846e-14 -1.7892e-13 0)
(8.33851e-14 -1.86786e-13 0)
(9.97283e-14 -1.91927e-13 0)
(1.16473e-13 -1.94577e-13 0)
(1.33376e-13 -1.94938e-13 0)
(1.50241e-13 -1.93187e-13 0)
(1.66886e-13 -1.89488e-13 0)
(1.83139e-13 -1.83994e-13 0)
(1.9884e-13 -1.76853e-13 0)
(2.13852e-13 -1.68199e-13 0)
(2.28048e-13 -1.58164e-13 0)
(2.4131e-13 -1.46876e-13 0)
(2.53534e-13 -1.34461e-13 0)
(2.64628e-13 -1.21038e-13 0)
(2.7451e-13 -1.06727e-13 0)
(2.83106e-13 -9.16487e-14 0)
(2.90353e-13 -7.59164e-14 0)
(2.96201e-13 -5.96427e-14 0)
(3.00613e-13 -4.29401e-14 0)
(3.03562e-13 -2.59214e-14 0)
(3.0504e-13 -8.70722e-15 0)
(3.05039e-13 8.57258e-15 0)
(3.03564e-13 2.57859e-14 0)
(3.00617e-13 4.28058e-14 0)
(2.96207e-13 5.95104e-14 0)
(2.90359e-13 7.57875e-14 0)
(2.83113e-13 9.15247e-14 0)
(2.74517e-13 1.0661e-13 0)
(2.64636e-13 1.20928e-13 0)
(2.53543e-13 1.3436e-13 0)
(2.4132e-13 1.46787e-13 0)
(2.28059e-13 1.58087e-13 0)
(2.13865e-13 1.68135e-13 0)
(1.98853e-13 1.76803e-13 0)
(1.83151e-13 1.8396e-13 0)
(1.66902e-13 1.89469e-13 0)
(1.50257e-13 1.93184e-13 0)
(1.33388e-13 1.94954e-13 0)
(1.16481e-13 1.94612e-13 0)
(9.9742e-14 1.91977e-13 0)
(8.34045e-14 1.86853e-13 0)
(6.76843e-14 1.79018e-13 0)
(5.28595e-14 1.68202e-13 0)
(3.92927e-14 1.54133e-13 0)
(2.71677e-14 1.36483e-13 0)
(1.67716e-14 1.14786e-13 0)
(8.64019e-15 8.86353e-14 0)
(3.20253e-15 5.75488e-14 0)
(2.35141e-17 2.16627e-14 0)
(1.62194e-17 -2.30121e-14 0)
(2.64977e-15 -6.13807e-14 0)
(7.21974e-15 -9.4884e-14 0)
(1.41076e-14 -1.23146e-13 0)
(2.278e-14 -1.46663e-13 0)
(3.29872e-14 -1.65891e-13 0)
(4.44812e-14 -1.81234e-13 0)
(5.70034e-14 -1.93045e-13 0)
(7.03144e-14 -2.01626e-13 0)
(8.41811e-14 -2.07246e-13 0)
(9.83926e-14 -2.10166e-13 0)
(1.12758e-13 -2.10592e-13 0)
(1.271e-13 -2.0872e-13 0)
(1.41257e-13 -2.04735e-13 0)
(1.55083e-13 -1.98807e-13 0)
(1.68443e-13 -1.91092e-13 0)
(1.81218e-13 -1.81738e-13 0)
(1.93297e-13 -1.70891e-13 0)
(2.04581e-13 -1.5869e-13 0)
(2.14981e-13 -1.45268e-13 0)
(2.2442e-13 -1.30758e-13 0)
(2.32824e-13 -1.15289e-13 0)
(2.40133e-13 -9.8989e-14 0)
(2.46298e-13 -8.19827e-14 0)
(2.51272e-13 -6.43947e-14 0)
(2.55024e-13 -4.63492e-14 0)
(2.57535e-13 -2.79714e-14 0)
(2.58792e-13 -9.39087e-15 0)
(2.5879e-13 9.25783e-15 0)
(2.57529e-13 2.78414e-14 0)
(2.55015e-13 4.62223e-14 0)
(2.5126e-13 6.42708e-14 0)
(2.46283e-13 8.18632e-14 0)
(2.40115e-13 9.88748e-14 0)
(2.32802e-13 1.15181e-13 0)
(2.24395e-13 1.30658e-13 0)
(2.14954e-13 1.45178e-13 0)
(2.04551e-13 1.58608e-13 0)
(1.93265e-13 1.70821e-13 0)
(1.81185e-13 1.8168e-13 0)
(1.68409e-13 1.91046e-13 0)
(1.55048e-13 1.98776e-13 0)
(1.41222e-13 2.04719e-13 0)
(1.27065e-13 2.08718e-13 0)
(1.12725e-13 2.10607e-13 0)
(9.83624e-14 2.10201e-13 0)
(8.4148e-14 2.07302e-13 0)
(7.02788e-14 2.01693e-13 0)
(5.69804e-14 1.93131e-13 0)
(4.44649e-14 1.81348e-13 0)
(3.29374e-14 1.66024e-13 0)
(2.27393e-14 1.46786e-13 0)
(1.41391e-14 1.23291e-13 0)
(7.19761e-15 9.50423e-14 0)
(2.60876e-15 6.14937e-14 0)
(2.76184e-17 2.30507e-14 0)
(8.84164e-18 -2.41532e-14 0)
(2.1475e-15 -6.46699e-14 0)
(5.85082e-15 -1.0015e-13 0)
(1.14556e-14 -1.30173e-13 0)
(1.85168e-14 -1.55234e-13 0)
(2.68349e-14 -1.75761e-13 0)
(3.62222e-14 -1.92168e-13 0)
(4.6473e-14 -2.04807e-13 0)
(5.73796e-14 -2.13998e-13 0)
(6.87472e-14 -2.20043e-13 0)
(8.04096e-14 -2.23196e-13 0)
(9.22062e-14 -2.23677e-13 0)
(1.03988e-13 -2.21712e-13 0)
(1.15621e-13 -2.17496e-13 0)
(1.26985e-13 -2.11206e-13 0)
(1.37969e-13 -2.03011e-13 0)
(1.48472e-13 -1.93073e-13 0)
(1.58402e-13 -1.81546e-13 0)
(1.6768e-13 -1.68579e-13 0)
(1.7623e-13 -1.54314e-13 0)
(1.83987e-13 -1.38893e-13 0)
(1.90895e-13 -1.22454e-13 0)
(1.96903e-13 -1.05131e-13 0)
(2.01968e-13 -8.70597e-14 0)
(2.06055e-13 -6.83735e-14 0)
(2.09139e-13 -4.92045e-14 0)
(2.11202e-13 -2.9687e-14 0)
(2.12235e-13 -9.95938e-15 0)
(2.12232e-13 9.83872e-15 0)
(2.11193e-13 2.95669e-14 0)
(2.09122e-13 4.90854e-14 0)
(2.0603e-13 6.82583e-14 0)
(2.01935e-13 8.69487e-14 0)
(1.96863e-13 1.05025e-13 0)
(1.90848e-13 1.22354e-13 0)
(1.83934e-13 1.388e-13 0)
(1.76171e-13 1.54229e-13 0)
(1.67615e-13 1.68504e-13 0)
(1.58334e-13 1.81482e-13 0)
(1.48401e-13 1.9302e-13 0)
(1.37896e-13 2.02971e-13 0)
(1.2691e-13 2.11179e-13 0)
(1.15545e-13 2.17484e-13 0)
(1.03913e-13 2.21716e-13 0)
(9.21337e-14 2.23698e-13 0)
(8.03388e-14 2.23231e-13 0)
(6.86766e-14 2.20097e-13 0)
(5.73211e-14 2.14074e-13 0)
(4.64204e-14 2.04897e-13 0)
(3.61636e-14 1.92268e-13 0)
(2.68035e-14 1.75882e-13 0)
(1.84961e-14 1.55384e-13 0)
(1.13997e-14 1.30309e-13 0)
(5.83978e-15 1.00263e-13 0)
(2.15754e-15 6.47982e-14 0)
(1.50546e-17 2.41851e-14 0)
(9.97989e-18 -2.50589e-14 0)
(1.6617e-15 -6.7287e-14 0)
(4.52687e-15 -1.04336e-13 0)
(8.86041e-15 -1.35776e-13 0)
(1.43327e-14 -1.6207e-13 0)
(2.07934e-14 -1.83641e-13 0)
(2.80887e-14 -2.00901e-13 0)
(3.60689e-14 -2.14214e-13 0)
(4.45596e-14 -2.23912e-13 0)
(5.34115e-14 -2.30298e-13 0)
(6.2512e-14 -2.33646e-13 0)
(7.17143e-14 -2.34183e-13 0)
(8.09062e-14 -2.32142e-13 0)
(8.99868e-14 -2.27743e-13 0)
(9.88626e-14 -2.21163e-13 0)
(1.0744e-13 -2.12585e-13 0)
(1.15641e-13 -2.02177e-13 0)
(1.23396e-13 -1.90104e-13 0)
(1.3064e-13 -1.7652e-13 0)
(1.37317e-13 -1.61579e-13 0)
(1.43374e-13 -1.45425e-13 0)
(1.48767e-13 -1.28206e-13 0)
(1.53456e-13 -1.10062e-13 0)
(1.57409e-13 -9.11365e-14 0)
(1.606e-13 -7.15667e-14 0)
(1.63009e-13 -5.14958e-14 0)
(1.64619e-13 -3.10635e-14 0)
(1.65423e-13 -1.04145e-14 0)
(1.65417e-13 1.03082e-14 0)
(1.64601e-13 3.09577e-14 0)
(1.6298e-13 5.13908e-14 0)
(1.60563e-13 7.14635e-14 0)
(1.57361e-13 9.10356e-14 0)
(1.53398e-13 1.09966e-13 0)
(1.48699e-13 1.28115e-13 0)
(1.43297e-13 1.45342e-13 0)
(1.37232e-13 1.61502e-13 0)
(1.30549e-13 1.76453e-13 0)
(1.23299e-13 1.90046e-13 0)
(1.1554e-13 2.0213e-13 0)
(1.07334e-13 2.12549e-13 0)
(9.87547e-14 2.21141e-13 0)
(8.98795e-14 2.27734e-13 0)
(8.07992e-14 2.32147e-13 0)
(7.16068e-14 2.34203e-13 0)
(6.24131e-14 2.3368e-13 0)
(5.33212e-14 2.30351e-13 0)
(4.44672e-14 2.23981e-13 0)
(3.59878e-14 2.14296e-13 0)
(2.80352e-14 2.01005e-13 0)
(2.07408e-14 1.83749e-13 0)
(1.42744e-14 1.62172e-13 0)
(8.84777e-15 1.35901e-13 0)
(4.51968e-15 1.04468e-13 0)
(1.6349e-15 6.73664e-14 0)
(1.74161e-17 2.50928e-14 0)
(2.98685e-18 -2.57369e-14 0)
(1.18699e-15 -6.92421e-14 0)
(3.22508e-15 -1.07469e-13 0)
(6.31433e-15 -1.39971e-13 0)
(1.02235e-14 -1.67185e-13 0)
(1.48365e-14 -1.89545e-13 0)
(2.00473e-14 -2.07454e-13 0)
(2.57518e-14 -2.21283e-13 0)
(3.18276e-14 -2.31369e-13 0)
(3.81616e-14 -2.38016e-13 0)
(4.46881e-14 -2.41512e-13 0)
(5.12628e-14 -2.42093e-13 0)
(5.78605e-14 -2.40001e-13 0)
(6.43626e-14 -2.35462e-13 0)
(7.07247e-14 -2.28665e-13 0)
(7.68717e-14 -2.19795e-13 0)
(8.2749e-14 -2.09034e-13 0)
(8.83066e-14 -1.96549e-13 0)
(9.34975e-14 -1.82502e-13 0)
(9.8281e-14 -1.67048e-13 0)
(1.02621e-13 -1.50344e-13 0)
(1.06484e-13 -1.32536e-13 0)
(1.09843e-13 -1.13774e-13 0)
(1.12676e-13 -9.42026e-14 0)
(1.14961e-13 -7.39693e-14 0)
(1.16684e-13 -5.3219e-14 0)
(1.17835e-13 -3.2099e-14 0)
(1.18409e-13 -1.0755e-14 0)
(1.18403e-13 1.0663e-14 0)
(1.17815e-13 3.20073e-14 0)
(1.16649e-13 5.31298e-14 0)
(1.14911e-13 7.38821e-14 0)
(1.12614e-13 9.41184e-14 0)
(1.0977e-13 1.13693e-13 0)
(1.064e-13 1.3246e-13 0)
(1.02525e-13 1.50273e-13 0)
(9.81752e-14 1.66985e-13 0)
(9.33834e-14 1.82445e-13 0)
(8.8185e-14 1.965e-13 0)
(8.26216e-14 2.08994e-13 0)
(7.67403e-14 2.19765e-13 0)
(7.05905e-14 2.28646e-13 0)
(6.4228e-14 2.35455e-13 0)
(5.77269e-14 2.40005e-13 0)
(5.1132e-14 2.42111e-13 0)
(4.45652e-14 2.41545e-13 0)
(3.80434e-14 2.38058e-13 0)
(3.17232e-14 2.31427e-13 0)
(2.56679e-14 2.21359e-13 0)
(1.99589e-14 2.07533e-13 0)
(1.47627e-14 1.89638e-13 0)
(1.01975e-14 1.67297e-13 0)
(6.28637e-15 1.40061e-13 0)
(3.19136e-15 1.07547e-13 0)
(1.17852e-15 6.9328e-14 0)
(2.15574e-18 2.57581e-14 0)
(-1.17531e-18 -2.61866e-14 0)
(7.18325e-16 -7.05395e-14 0)
(1.94499e-15 -1.09555e-13 0)
(3.80322e-15 -1.42757e-13 0)
(6.15842e-15 -1.70594e-13 0)
(8.93262e-15 -1.93482e-13 0)
(1.20652e-14 -2.11829e-13 0)
(1.54997e-14 -2.26005e-13 0)
(1.91539e-14 -2.36348e-13 0)
(2.29612e-14 -2.43169e-13 0)
(2.69638e-14 -2.46733e-13 0)
(3.07953e-14 -2.47323e-13 0)
(3.48492e-14 -2.45248e-13 0)
(3.87525e-14 -2.40621e-13 0)
(4.25799e-14 -2.33678e-13 0)
(4.62779e-14 -2.24614e-13 0)
(4.98123e-14 -2.13616e-13 0)
(5.31556e-14 -2.00856e-13 0)
(5.62793e-14 -1.86499e-13 0)
(5.91567e-14 -1.70705e-13 0)
(6.1767e-14 -1.53631e-13 0)
(6.40908e-14 -1.35429e-13 0)
(6.61099e-14 -1.16253e-13 0)
(6.78113e-14 -9.62515e-14 0)
(6.91837e-14 -7.55746e-14 0)
(7.02183e-14 -5.43693e-14 0)
(7.0909e-14 -3.27877e-14 0)
(7.12509e-14 -1.09786e-14 0)
(7.12416e-14 1.09055e-14 0)
(7.08836e-14 3.27143e-14 0)
(7.01782e-14 5.42964e-14 0)
(6.91285e-14 7.55031e-14 0)
(6.77413e-14 9.61832e-14 0)
(6.60251e-14 1.16188e-13 0)
(6.39916e-14 1.35369e-13 0)
(6.16563e-14 1.53573e-13 0)
(5.90351e-14 1.70653e-13 0)
(5.61472e-14 1.86453e-13 0)
(5.30155e-14 2.00817e-13 0)
(4.96657e-14 2.13585e-13 0)
(4.61261e-14 2.24591e-13 0)
(4.24253e-14 2.33662e-13 0)
(3.85979e-14 2.40616e-13 0)
(3.4696e-14 2.45252e-13 0)
(3.06445e-14 2.47338e-13 0)
(2.68215e-14 2.46759e-13 0)
(2.28318e-14 2.43206e-13 0)
(1.90351e-14 2.36396e-13 0)
(1.53862e-14 2.26061e-13 0)
(1.19852e-14 2.11901e-13 0)
(8.88152e-15 1.93562e-13 0)
(6.0809e-15 1.70661e-13 0)
(3.7564e-15 1.42841e-13 0)
(1.95297e-15 1.09642e-13 0)
(7.0127e-16 7.05889e-14 0)
(1.12022e-17 2.62077e-14 0)
(-7.83941e-19 -2.64135e-14 0)
(2.51872e-16 -7.11955e-14 0)
(6.75376e-16 -1.10604e-13 0)
(1.31141e-15 -1.44161e-13 0)
(2.11829e-15 -1.72308e-13 0)
(3.06191e-15 -1.95461e-13 0)
(4.11993e-15 -2.14023e-13 0)
(5.28492e-15 -2.28368e-13 0)
(6.5151e-15 -2.38841e-13 0)
(7.76409e-15 -2.45756e-13 0)
(9.12125e-15 -2.49399e-13 0)
(1.04395e-14 -2.50064e-13 0)
(1.19031e-14 -2.47899e-13 0)
(1.31439e-14 -2.43199e-13 0)
(1.44207e-14 -2.36179e-13 0)
(1.56603e-14 -2.27025e-13 0)
(1.6844e-14 -2.15911e-13 0)
(1.79641e-14 -2.03014e-13 0)
(1.90106e-14 -1.885e-13 0)
(1.99747e-14 -1.72535e-13 0)
(2.0848e-14 -1.55275e-13 0)
(2.16241e-14 -1.36878e-13 0)
(2.22986e-14 -1.17493e-13 0)
(2.28659e-14 -9.72752e-14 0)
(2.33227e-14 -7.63738e-14 0)
(2.36651e-14 -5.49415e-14 0)
(2.38907e-14 -3.31278e-14 0)
(2.39996e-14 -1.1087e-14 0)
(2.39905e-14 1.10313e-14 0)
(2.38635e-14 3.3074e-14 0)
(2.36198e-14 5.48881e-14 0)
(2.32607e-14 7.63212e-14 0)
(2.27879e-14 9.72237e-14 0)
(2.22059e-14 1.17443e-13 0)
(2.15169e-14 1.3683e-13 0)
(2.07268e-14 1.55233e-13 0)
(1.98416e-14 1.72496e-13 0)
(1.88665e-14 1.88466e-13 0)
(1.78113e-14 2.02984e-13 0)
(1.6684e-14 2.15887e-13 0)
(1.54944e-14 2.27007e-13 0)
(1.42522e-14 2.36167e-13 0)
(1.29756e-14 2.43195e-13 0)
(1.17361e-14 2.47903e-13 0)
(1.02772e-14 2.50075e-13 0)
(8.96861e-15 2.49417e-13 0)
(7.61824e-15 2.45784e-13 0)
(6.38428e-15 2.38878e-13 0)
(5.18373e-15 2.28412e-13 0)
(4.02199e-15 2.14069e-13 0)
(2.95973e-15 1.95516e-13 0)
(2.08253e-15 1.72377e-13 0)
(1.30322e-15 1.44219e-13 0)
(6.21908e-16 1.10646e-13 0)
(2.26219e-16 7.12515e-14 0)
(-4.22921e-18 2.64253e-14 0)
(-5.02877e-18 -2.6421e-14 0)
(-2.07399e-16 -7.12088e-14 0)
(-5.88734e-16 -1.10624e-13 0)
(-1.17632e-15 -1.44186e-13 0)
(-1.91217e-15 -1.72332e-13 0)
(-2.79602e-15 -1.95485e-13 0)
(-3.80692e-15 -2.14045e-13 0)
(-4.90849e-15 -2.28388e-13 0)
(-6.08745e-15 -2.38861e-13 0)
(-7.29639e-15 -2.45776e-13 0)
(-8.60631e-15 -2.49416e-13 0)
(-9.88534e-15 -2.50079e-13 0)
(-1.13139e-14 -2.47913e-13 0)
(-1.25218e-14 -2.43212e-13 0)
(-1.37696e-14 -2.36189e-13 0)
(-1.49847e-14 -2.27034e-13 0)
(-1.61472e-14 -2.15919e-13 0)
(-1.72494e-14 -2.03019e-13 0)
(-1.82817e-14 -1.88504e-13 0)
(-1.92348e-14 -1.72537e-13 0)
(-2.01012e-14 -1.55276e-13 0)
(-2.08731e-14 -1.36874e-13 0)
(-2.15456e-14 -1.17488e-13 0)
(-2.21148e-14 -9.72692e-14 0)
(-2.25763e-14 -7.6367e-14 0)
(-2.29271e-14 -5.49342e-14 0)
(-2.31655e-14 -3.31205e-14 0)
(-2.32902e-14 -1.10775e-14 0)
(-2.32993e-14 1.10413e-14 0)
(-2.31936e-14 3.3084e-14 0)
(-2.29744e-14 5.48987e-14 0)
(-2.26414e-14 7.63336e-14 0)
(-2.21968e-14 9.7237e-14 0)
(-2.1644e-14 1.17459e-13 0)
(-2.09857e-14 1.36845e-13 0)
(-2.02277e-14 1.55248e-13 0)
(-1.93752e-14 1.72511e-13 0)
(-1.84332e-14 1.88482e-13 0)
(-1.74104e-14 2.02999e-13 0)
(-1.63154e-14 2.15902e-13 0)
(-1.51582e-14 2.2702e-13 0)
(-1.39469e-14 2.36181e-13 0)
(-1.26988e-14 2.43207e-13 0)
(-1.14884e-14 2.47914e-13 0)
(-1.00558e-14 2.50085e-13 0)
(-8.7678e-15 2.49427e-13 0)
(-7.44121e-15 2.45792e-13 0)
(-6.22251e-15 2.38881e-13 0)
(-5.04127e-15 2.28415e-13 0)
(-3.90016e-15 2.1408e-13 0)
(-2.84348e-15 1.95518e-13 0)
(-1.99827e-15 1.7236e-13 0)
(-1.25043e-15 1.44227e-13 0)
(-5.73912e-16 1.10667e-13 0)
(-2.1815e-16 7.12348e-14 0)
(2.38978e-18 2.64284e-14 0)
(-1.33115e-17 -2.62033e-14 0)
(-6.69755e-16 -7.05864e-14 0)
(-1.86227e-15 -1.09614e-13 0)
(-3.66889e-15 -1.42824e-13 0)
(-5.95372e-15 -1.70665e-13 0)
(-8.6715e-15 -1.93552e-13 0)
(-1.17589e-14 -2.11895e-13 0)
(-1.51339e-14 -2.26067e-13 0)
(-1.87393e-14 -2.36406e-13 0)
(-2.25058e-14 -2.43222e-13 0)
(-2.64635e-14 -2.46782e-13 0)
(-3.02559e-14 -2.47367e-13 0)
(-3.42786e-14 -2.45287e-13 0)
(-3.81505e-14 -2.40656e-13 0)
(-4.19497e-14 -2.33707e-13 0)
(-4.56243e-14 -2.24639e-13 0)
(-4.91381e-14 -2.13635e-13 0)
(-5.24641e-14 -2.00871e-13 0)
(-5.55739e-14 -1.86509e-13 0)
(-5.8441e-14 -1.7071e-13 0)
(-6.10428e-14 -1.53631e-13 0)
(-6.33619e-14 -1.35425e-13 0)
(-6.53815e-14 -1.16244e-13 0)
(-6.70851e-14 -9.62378e-14 0)
(-6.84629e-14 -7.55565e-14 0)
(-6.95062e-14 -5.43479e-14 0)
(-7.02073e-14 -3.27638e-14 0)
(-7.05639e-14 -1.09521e-14 0)
(-7.05742e-14 1.09353e-14 0)
(-7.02364e-14 3.27478e-14 0)
(-6.95527e-14 5.4333e-14 0)
(-6.85277e-14 7.55424e-14 0)
(-6.71672e-14 9.62236e-14 0)
(-6.54805e-14 1.16231e-13 0)
(-6.34779e-14 1.35412e-13 0)
(-6.1173e-14 1.53618e-13 0)
(-5.85831e-14 1.70698e-13 0)
(-5.57273e-14 1.86498e-13 0)
(-5.26281e-14 2.0086e-13 0)
(-4.93094e-14 2.13627e-13 0)
(-4.58004e-14 2.24631e-13 0)
(-4.21298e-14 2.33701e-13 0)
(-3.83307e-14 2.40651e-13 0)
(-3.44562e-14 2.45285e-13 0)
(-3.04276e-14 2.47367e-13 0)
(-2.66265e-14 2.46784e-13 0)
(-2.26629e-14 2.43225e-13 0)
(-1.88798e-14 2.36415e-13 0)
(-1.52386e-14 2.26075e-13 0)
(-1.18651e-14 2.11902e-13 0)
(-8.79387e-15 1.93568e-13 0)
(-5.99218e-15 1.70687e-13 0)
(-3.66613e-15 1.42832e-13 0)
(-1.92979e-15 1.09626e-13 0)
(-7.15534e-16 7.06049e-14 0)
(-8.9537e-18 2.62069e-14 0)
(-9.82956e-18 -2.57638e-14 0)
(-1.13908e-15 -6.9314e-14 0)
(-3.13763e-15 -1.07567e-13 0)
(-6.18579e-15 -1.40075e-13 0)
(-1.00281e-14 -1.67298e-13 0)
(-1.45845e-14 -1.89658e-13 0)
(-1.97557e-14 -2.07563e-13 0)
(-2.54057e-14 -2.21387e-13 0)
(-3.14365e-14 -2.31462e-13 0)
(-3.77351e-14 -2.38103e-13 0)
(-4.42207e-14 -2.41594e-13 0)
(-5.07598e-14 -2.42165e-13 0)
(-5.73279e-14 -2.40064e-13 0)
(-6.38007e-14 -2.35519e-13 0)
(-7.01376e-14 -2.28713e-13 0)
(-7.62625e-14 -2.19836e-13 0)
(-8.21204e-14 -2.09066e-13 0)
(-8.76619e-14 -1.96574e-13 0)
(-9.28397e-14 -1.82518e-13 0)
(-9.76135e-14 -1.67059e-13 0)
(-1.01947e-13 -1.50344e-13 0)
(-1.05806e-13 -1.32532e-13 0)
(-1.09164e-13 -1.1376e-13 0)
(-1.11997e-13 -9.41842e-14 0)
(-1.14287e-13 -7.39427e-14 0)
(-1.16019e-13 -5.31881e-14 0)
(-1.17182e-13 -3.20584e-14 0)
(-1.17769e-13 -1.07113e-14 0)
(-1.17778e-13 1.07151e-14 0)
(-1.17209e-13 3.20622e-14 0)
(-1.16064e-13 5.31916e-14 0)
(-1.14352e-13 7.39453e-14 0)
(-1.12079e-13 9.4188e-14 0)
(-1.09261e-13 1.13762e-13 0)
(-1.05919e-13 1.32535e-13 0)
(-1.02073e-13 1.50346e-13 0)
(-9.77536e-14 1.67061e-13 0)
(-9.29916e-14 1.82518e-13 0)
(-8.78225e-14 1.96574e-13 0)
(-8.22887e-14 2.09064e-13 0)
(-7.64367e-14 2.19835e-13 0)
(-7.03148e-14 2.28708e-13 0)
(-6.39784e-14 2.35516e-13 0)
(-5.75031e-14 2.40058e-13 0)
(-5.09319e-14 2.4216e-13 0)
(-4.43851e-14 2.41587e-13 0)
(-3.78801e-14 2.38097e-13 0)
(-3.15734e-14 2.31452e-13 0)
(-2.55479e-14 2.2138e-13 0)
(-1.98498e-14 2.07562e-13 0)
(-1.4625e-14 1.89646e-13 0)
(-1.01307e-14 1.67282e-13 0)
(-6.27791e-15 1.40078e-13 0)
(-3.11819e-15 1.07571e-13 0)
(-1.15428e-15 6.9309e-14 0)
(-1.55136e-18 2.57653e-14 0)
(-2.13077e-17 -2.50967e-14 0)
(-1.61516e-15 -6.7392e-14 0)
(-4.44567e-15 -1.04471e-13 0)
(-8.73436e-15 -1.35924e-13 0)
(-1.41506e-14 -1.6222e-13 0)
(-2.05618e-14 -1.8379e-13 0)
(-2.78237e-14 -2.01046e-13 0)
(-3.57518e-14 -2.14353e-13 0)
(-4.42042e-14 -2.24043e-13 0)
(-5.3031e-14 -2.30416e-13 0)
(-6.20937e-14 -2.33755e-13 0)
(-7.12635e-14 -2.34281e-13 0)
(-8.04318e-14 -2.32231e-13 0)
(-8.94868e-14 -2.27819e-13 0)
(-9.83393e-14 -2.21231e-13 0)
(-1.06897e-13 -2.12639e-13 0)
(-1.15081e-13 -2.02224e-13 0)
(-1.22822e-13 -1.90137e-13 0)
(-1.30054e-13 -1.76546e-13 0)
(-1.36721e-13 -1.61591e-13 0)
(-1.42772e-13 -1.45431e-13 0)
(-1.48161e-13 -1.28197e-13 0)
(-1.5285e-13 -1.10046e-13 0)
(-1.56806e-13 -9.11067e-14 0)
(-1.60001e-13 -7.15323e-14 0)
(-1.62414e-13 -5.1449e-14 0)
(-1.64033e-13 -3.10133e-14 0)
(-1.6485e-13 -1.03522e-14 0)
(-1.64859e-13 1.03731e-14 0)
(-1.6406e-13 3.10343e-14 0)
(-1.62458e-13 5.14701e-14 0)
(-1.6006e-13 7.15539e-14 0)
(-1.56881e-13 9.11285e-14 0)
(-1.52942e-13 1.10068e-13 0)
(-1.48268e-13 1.28216e-13 0)
(-1.42893e-13 1.45448e-13 0)
(-1.36854e-13 1.61605e-13 0)
(-1.30198e-13 1.76558e-13 0)
(-1.22975e-13 1.90146e-13 0)
(-1.15242e-13 2.02229e-13 0)
(-1.07063e-13 2.1264e-13 0)
(-9.85086e-14 2.21229e-13 0)
(-8.96561e-14 2.27813e-13 0)
(-8.06007e-14 2.32222e-13 0)
(-7.1427e-14 2.34269e-13 0)
(-6.22476e-14 2.33739e-13 0)
(-5.31847e-14 2.30395e-13 0)
(-4.43415e-14 2.24024e-13 0)
(-3.5845e-14 2.14332e-13 0)
(-2.7935e-14 2.01009e-13 0)
(-2.07017e-14 1.83767e-13 0)
(-1.41808e-14 1.62206e-13 0)
(-8.72236e-15 1.35891e-13 0)
(-4.53375e-15 1.0444e-13 0)
(-1.66922e-15 6.7387e-14 0)
(-2.23027e-17 2.50903e-14 0)
(-1.75015e-17 -2.41981e-14 0)
(-2.1043e-15 -6.4805e-14 0)
(-5.76884e-15 -1.0031e-13 0)
(-1.13369e-14 -1.30352e-13 0)
(-1.83459e-14 -1.55416e-13 0)
(-2.66281e-14 -1.75939e-13 0)
(-3.59932e-14 -1.92333e-13 0)
(-4.62049e-14 -2.04963e-13 0)
(-5.70761e-14 -2.14148e-13 0)
(-6.84215e-14 -2.20179e-13 0)
(-8.00578e-14 -2.23317e-13 0)
(-9.183e-14 -2.2379e-13 0)
(-1.03589e-13 -2.21811e-13 0)
(-1.15201e-13 -2.17582e-13 0)
(-1.26547e-13 -2.1128e-13 0)
(-1.37515e-13 -2.03072e-13 0)
(-1.48002e-13 -1.93122e-13 0)
(-1.57921e-13 -1.81581e-13 0)
(-1.67188e-13 -1.68603e-13 0)
(-1.7573e-13 -1.54324e-13 0)
(-1.83482e-13 -1.38894e-13 0)
(-1.90386e-13 -1.22439e-13 0)
(-1.96393e-13 -1.05109e-13 0)
(-2.01459e-13 -8.70227e-14 0)
(-2.0555e-13 -6.8329e-14 0)
(-2.08641e-13 -4.9145e-14 0)
(-2.10712e-13 -2.96238e-14 0)
(-2.11753e-13 -9.8817e-15 0)
(-2.1176e-13 9.91959e-15 0)
(-2.10734e-13 2.96627e-14 0)
(-2.08678e-13 4.9183e-14 0)
(-2.05604e-13 6.83685e-14 0)
(-2.01528e-13 8.70578e-14 0)
(-1.96477e-13 1.05145e-13 0)
(-1.90484e-13 1.2247e-13 0)
(-1.83592e-13 1.38926e-13 0)
(-1.75852e-13 1.54348e-13 0)
(-1.6732e-13 1.68628e-13 0)
(-1.58062e-13 1.81595e-13 0)
(-1.4815e-13 1.93136e-13 0)
(-1.37668e-13 2.03074e-13 0)
(-1.26703e-13 2.11283e-13 0)
(-1.15358e-13 2.17574e-13 0)
(-1.03743e-13 2.21802e-13 0)
(-9.19832e-14 2.23768e-13 0)
(-8.0207e-14 2.23295e-13 0)
(-6.85492e-14 2.2015e-13 0)
(-5.7196e-14 2.14117e-13 0)
(-4.63519e-14 2.04913e-13 0)
(-3.60817e-14 1.92304e-13 0)
(-2.66432e-14 1.759e-13 0)
(-1.84631e-14 1.55347e-13 0)
(-1.14583e-14 1.30312e-13 0)
(-5.73961e-15 1.00289e-13 0)
(-2.11048e-15 6.47626e-14 0)
(-1.27194e-17 2.41902e-14 0)
(-2.71828e-17 -2.30641e-14 0)
(-2.60769e-15 -6.15317e-14 0)
(-7.14271e-15 -9.5071e-14 0)
(-1.40051e-14 -1.23338e-13 0)
(-2.2635e-14 -1.46866e-13 0)
(-3.28076e-14 -1.66097e-13 0)
(-4.4291e-14 -1.81424e-13 0)
(-5.67924e-14 -1.93222e-13 0)
(-7.00802e-14 -2.01788e-13 0)
(-8.39311e-14 -2.07406e-13 0)
(-9.81242e-14 -2.10306e-13 0)
(-1.12472e-13 -2.10721e-13 0)
(-1.26798e-13 -2.08831e-13 0)
(-1.4094e-13 -2.04841e-13 0)
(-1.54751e-13 -1.98889e-13 0)
(-1.68099e-13 -1.9117e-13 0)
(-1.80862e-13 -1.81791e-13 0)
(-1.92932e-13 -1.70944e-13 0)
(-2.04208e-13 -1.58713e-13 0)
(-2.14603e-13 -1.45294e-13 0)
(-2.24035e-13 -1.30753e-13 0)
(-2.32438e-13 -1.15289e-13 0)
(-2.39747e-13 -9.89563e-14 0)
(-2.45911e-13 -8.19575e-14 0)
(-2.50886e-13 -6.43362e-14 0)
(-2.54643e-13 -4.63001e-14 0)
(-2.57158e-13 -2.78858e-14 0)
(-2.58422e-13 -9.31711e-15 0)
(-2.58428e-13 9.3682e-15 0)
(-2.57178e-13 2.7935e-14 0)
(-2.54675e-13 4.63508e-14 0)
(-2.50933e-13 6.43824e-14 0)
(-2.45969e-13 8.20075e-14 0)
(-2.39818e-13 9.89986e-14 0)
(-2.32521e-13 1.15336e-13 0)
(-2.24131e-13 1.30787e-13 0)
(-2.14709e-13 1.45332e-13 0)
(-2.04323e-13 1.58738e-13 0)
(-1.93055e-13 1.70972e-13 0)
(-1.80991e-13 1.81802e-13 0)
(-1.68233e-13 1.91185e-13 0)
(-1.54887e-13 1.98886e-13 0)
(-1.41077e-13 2.04842e-13 0)
(-1.26937e-13 2.08812e-13 0)
(-1.12608e-13 2.10707e-13 0)
(-9.82467e-14 2.10275e-13 0)
(-8.40586e-14 2.07374e-13 0)
(-7.02088e-14 2.01736e-13 0)
(-5.68593e-14 1.93188e-13 0)
(-4.43746e-14 1.81365e-13 0)
(-3.29797e-14 1.66015e-13 0)
(-2.26673e-14 1.46832e-13 0)
(-1.39578e-14 1.23284e-13 0)
(-7.25736e-15 9.49961e-14 0)
(-2.68223e-15 6.15156e-14 0)
(-2.94708e-17 2.3043e-14 0)
(-2.98914e-17 -2.16768e-14 0)
(-3.14086e-15 -5.75689e-14 0)
(-8.56095e-15 -8.86982e-14 0)
(-1.67573e-14 -1.14856e-13 0)
(-2.70533e-14 -1.36539e-13 0)
(-3.9136e-14 -1.54224e-13 0)
(-5.27448e-14 -1.68306e-13 0)
(-6.75411e-14 -1.79119e-13 0)
(-8.3238e-14 -1.86969e-13 0)
(-9.95741e-14 -1.92097e-13 0)
(-1.16303e-13 -1.94741e-13 0)
(-1.33198e-13 -1.95083e-13 0)
(-1.50059e-13 -1.9332e-13 0)
(-1.66691e-13 -1.89602e-13 0)
(-1.82934e-13 -1.841e-13 0)
(-1.98628e-13 -1.76937e-13 0)
(-2.13636e-13 -1.68274e-13 0)
(-2.27821e-13 -1.58217e-13 0)
(-2.41079e-13 -1.46922e-13 0)
(-2.53297e-13 -1.34483e-13 0)
(-2.6439e-13 -1.21053e-13 0)
(-2.74266e-13 -1.0672e-13 0)
(-2.82861e-13 -9.16325e-14 0)
(-2.90107e-13 -7.58779e-14 0)
(-2.95958e-13 -5.95963e-14 0)
(-3.00368e-13 -4.28727e-14 0)
(-3.03321e-13 -2.58466e-14 0)
(-3.048e-13 -8.61412e-15 0)
(-3.04806e-13 8.67214e-15 0)
(-3.03334e-13 2.5905e-14 0)
(-3.00393e-13 4.29332e-14 0)
(-2.95991e-13 5.96558e-14 0)
(-2.90153e-13 7.59391e-14 0)
(-2.82916e-13 9.16889e-14 0)
(-2.74334e-13 1.06776e-13 0)
(-2.64466e-13 1.21098e-13 0)
(-2.53381e-13 1.3453e-13 0)
(-2.4117e-13 1.46955e-13 0)
(-2.27921e-13 1.58248e-13 0)
(-2.13738e-13 1.68291e-13 0)
(-1.98736e-13 1.76951e-13 0)
(-1.83046e-13 1.84099e-13 0)
(-1.66802e-13 1.89598e-13 0)
(-1.50168e-13 1.93303e-13 0)
(-1.33306e-13 1.95063e-13 0)
(-1.16416e-13 1.94702e-13 0)
(-9.96744e-14 1.92058e-13 0)
(-8.33163e-14 1.86923e-13 0)
(-6.76583e-14 1.79059e-13 0)
(-5.28546e-14 1.68223e-13 0)
(-3.91124e-14 1.54187e-13 0)
(-2.71404e-14 1.3645e-13 0)
(-1.69302e-14 1.1477e-13 0)
(-8.5211e-15 8.86543e-14 0)
(-3.13103e-15 5.7518e-14 0)
(-2.33016e-17 2.16601e-14 0)
(-3.06166e-17 -2.0039e-14 0)
(-3.68915e-15 -5.287e-14 0)
(-1.00504e-14 -8.11855e-14 0)
(-1.96344e-14 -1.04862e-13 0)
(-3.16044e-14 -1.24411e-13 0)
(-4.56435e-14 -1.40314e-13 0)
(-6.13914e-14 -1.52965e-13 0)
(-7.84728e-14 -1.62662e-13 0)
(-9.65634e-14 -1.69697e-13 0)
(-1.15368e-13 -1.74282e-13 0)
(-1.34595e-13 -1.76638e-13 0)
(-1.54001e-13 -1.76911e-13 0)
(-1.73354e-13 -1.75303e-13 0)
(-1.92444e-13 -1.7191e-13 0)
(-2.11076e-13 -1.66931e-13 0)
(-2.29077e-13 -1.6042e-13 0)
(-2.46284e-13 -1.52587e-13 0)
(-2.62558e-13 -1.4345e-13 0)
(-2.7776e-13 -1.33238e-13 0)
(-2.91776e-13 -1.21936e-13 0)
(-3.04497e-13 -1.09795e-13 0)
(-3.15829e-13 -9.67688e-14 0)
(-3.25691e-13 -8.31349e-14 0)
(-3.34007e-13 -6.88145e-14 0)
(-3.40716e-13 -5.41031e-14 0)
(-3.45773e-13 -3.88906e-14 0)
(-3.49152e-13 -2.34908e-14 0)
(-3.50843e-13 -7.78895e-15 0)
(-3.50846e-13 7.85409e-15 0)
(-3.49158e-13 2.35597e-14 0)
(-3.45785e-13 3.89487e-14 0)
(-3.40735e-13 5.41702e-14 0)
(-3.34034e-13 6.88621e-14 0)
(-3.25727e-13 8.31979e-14 0)
(-3.15875e-13 9.68052e-14 0)
(-3.04547e-13 1.09855e-13 0)
(-2.91835e-13 1.2196e-13 0)
(-2.77826e-13 1.33288e-13 0)
(-2.62628e-13 1.43462e-13 0)
(-2.46358e-13 1.52628e-13 0)
(-2.29153e-13 1.60416e-13 0)
(-2.11153e-13 1.66959e-13 0)
(-1.92521e-13 1.71891e-13 0)
(-1.73433e-13 1.75312e-13 0)
(-1.54084e-13 1.76871e-13 0)
(-1.34667e-13 1.76626e-13 0)
(-1.15438e-13 1.7423e-13 0)
(-9.66552e-14 1.69661e-13 0)
(-7.85285e-14 1.62584e-13 0)
(-6.14148e-14 1.52933e-13 0)
(-4.57968e-14 1.40219e-13 0)
(-3.16756e-14 1.24322e-13 0)
(-1.95491e-14 1.0482e-13 0)
(-1.01556e-14 8.11085e-14 0)
(-3.78029e-15 5.28104e-14 0)
(-2.92732e-17 2.00227e-14 0)
(-3.76233e-17 -1.81358e-14 0)
(-4.28508e-15 -4.73853e-14 0)
(-1.16272e-14 -7.2479e-14 0)
(-2.26422e-14 -9.32981e-14 0)
(-3.63485e-14 -1.10454e-13 0)
(-5.23547e-14 -1.24365e-13 0)
(-7.02483e-14 -1.35405e-13 0)
(-8.96081e-14 -1.43883e-13 0)
(-1.10071e-13 -1.50009e-13 0)
(-1.31307e-13 -1.54017e-13 0)
(-1.52995e-13 -1.56041e-13 0)
(-1.74874e-13 -1.56283e-13 0)
(-1.96675e-13 -1.54823e-13 0)
(-2.18174e-13 -1.51853e-13 0)
(-2.39148e-13 -1.47416e-13 0)
(-2.59418e-13 -1.41712e-13 0)
(-2.78786e-13 -1.34747e-13 0)
(-2.97107e-13 -1.2674e-13 0)
(-3.14217e-13 -1.17659e-13 0)
(-3.30001e-13 -1.07754e-13 0)
(-3.4432e-13 -9.69561e-14 0)
(-3.57089e-13 -8.55433e-14 0)
(-3.68193e-13 -7.34179e-14 0)
(-3.77568e-13 -6.08755e-14 0)
(-3.85124e-13 -4.77951e-14 0)
(-3.90819e-13 -3.44678e-14 0)
(-3.94613e-13 -2.07428e-14 0)
(-3.96517e-13 -6.95505e-15 0)
(-3.96514e-13 7.01702e-15 0)
(-3.94619e-13 2.07995e-14 0)
(-3.90823e-13 3.45291e-14 0)
(-3.85136e-13 4.78463e-14 0)
(-3.77577e-13 6.09351e-14 0)
(-3.6821e-13 7.346e-14 0)
(-3.57102e-13 8.55957e-14 0)
(-3.44344e-13 9.69863e-14 0)
(-3.30025e-13 1.07797e-13 0)
(-3.14242e-13 1.17685e-13 0)
(-2.97132e-13 1.26778e-13 0)
(-2.78817e-13 1.34758e-13 0)
(-2.59449e-13 1.41741e-13 0)
(-2.39183e-13 1.47415e-13 0)
(-2.18212e-13 1.5187e-13 0)
(-1.96712e-13 1.54808e-13 0)
(-1.74912e-13 1.56283e-13 0)
(-1.53034e-13 1.56012e-13 0)
(-1.31352e-13 1.5399e-13 0)
(-1.10104e-13 1.49959e-13 0)
(-8.96588e-14 1.4385e-13 0)
(-7.03245e-14 1.35327e-13 0)
(-5.23531e-14 1.24284e-13 0)
(-3.63649e-14 1.10433e-13 0)
(-2.28031e-14 9.31902e-14 0)
(-1.16256e-14 7.24116e-14 0)
(-4.2485e-15 4.73548e-14 0)
(-4.85729e-17 1.81119e-14 0)
(-7.12215e-17 -1.59176e-14 0)
(-4.92532e-15 -4.1083e-14 0)
(-1.33377e-14 -6.24958e-14 0)
(-2.58526e-14 -8.01201e-14 0)
(-4.13367e-14 -9.46062e-14 0)
(-5.93078e-14 -1.06324e-13 0)
(-7.93526e-14 -1.15625e-13 0)
(-1.00966e-13 -1.22765e-13 0)
(-1.23766e-13 -1.27927e-13 0)
(-1.47389e-13 -1.31296e-13 0)
(-1.71502e-13 -1.33001e-13 0)
(-1.95793e-13 -1.33187e-13 0)
(-2.20002e-13 -1.31939e-13 0)
(-2.43855e-13 -1.29402e-13 0)
(-2.67139e-13 -1.25627e-13 0)
(-2.89618e-13 -1.20766e-13 0)
(-3.11118e-13 -1.14838e-13 0)
(-3.31437e-13 -1.08015e-13 0)
(-3.50436e-13 -1.00285e-13 0)
(-3.67941e-13 -9.18431e-14 0)
(-3.83848e-13 -8.26486e-14 0)
(-3.98013e-13 -7.29241e-14 0)
(-4.10356e-13 -6.25997e-14 0)
(-4.20768e-13 -5.19309e-14 0)
(-4.29175e-13 -4.08068e-14 0)
(-4.3549e-13 -2.94718e-14 0)
(-4.39701e-13 -1.77503e-14 0)
(-4.418e-13 -5.95773e-15 0)
(-4.41802e-13 6.01754e-15 0)
(-4.39692e-13 1.78051e-14 0)
(-4.35481e-13 2.95362e-14 0)
(-4.29159e-13 4.08538e-14 0)
(-4.20758e-13 5.19945e-14 0)
(-4.10343e-13 6.26383e-14 0)
(-3.98005e-13 7.29888e-14 0)
(-3.83833e-13 8.26739e-14 0)
(-3.67922e-13 9.19057e-14 0)
(-3.50418e-13 1.00296e-13 0)
(-3.31425e-13 1.08064e-13 0)
(-3.111e-13 1.14838e-13 0)
(-2.89602e-13 1.20809e-13 0)
(-2.67123e-13 1.2561e-13 0)
(-2.43839e-13 1.29428e-13 0)
(-2.19991e-13 1.31909e-13 0)
(-1.95785e-13 1.33195e-13 0)
(-1.71499e-13 1.32951e-13 0)
(-1.47386e-13 1.31288e-13 0)
(-1.23778e-13 1.27867e-13 0)
(-1.00973e-13 1.22722e-13 0)
(-7.93615e-14 1.15549e-13 0)
(-5.93588e-14 1.06297e-13 0)
(-4.14063e-14 9.44865e-14 0)
(-2.58058e-14 8.0064e-14 0)
(-1.33811e-14 6.24662e-14 0)
(-5.00934e-15 4.10101e-14 0)
(-6.71077e-17 1.58995e-14 0)
(-6.25448e-17 -1.33728e-14 0)
(-5.69641e-15 -3.39184e-14 0)
(-1.52267e-14 -5.11709e-14 0)
(-2.92971e-14 -6.53129e-14 0)
(-4.65969e-14 -7.68614e-14 0)
(-6.6551e-14 -8.62259e-14 0)
(-8.87156e-14 -9.36636e-14 0)
(-1.12549e-13 -9.93543e-14 0)
(-1.3764e-13 -1.03504e-13 0)
(-1.63607e-13 -1.06185e-13 0)
(-1.90085e-13 -1.07568e-13 0)
(-2.1675e-13 -1.07685e-13 0)
(-2.43312e-13 -1.06709e-13 0)
(-2.69485e-13 -1.04619e-13 0)
(-2.95023e-13 -1.01619e-13 0)
(-3.19687e-13 -9.76354e-14 0)
(-3.4327e-13 -9.29127e-14 0)
(-3.65568e-13 -8.73237e-14 0)
(-3.86409e-13 -8.11612e-14 0)
(-4.05624e-13 -7.424e-14 0)
(-4.23077e-13 -6.69106e-14 0)
(-4.38632e-13 -5.89309e-14 0)
(-4.5219e-13 -5.07077e-14 0)
(-4.63642e-13 -4.19514e-14 0)
(-4.72892e-13 -3.3126e-14 0)
(-4.79831e-13 -2.38339e-14 0)
(-4.84446e-13 -1.44968e-14 0)
(-4.86749e-13 -4.75174e-15 0)
(-4.86745e-13 4.80567e-15 0)
(-4.8443e-13 1.45552e-14 0)
(-4.79815e-13 2.38679e-14 0)
(-4.72866e-13 3.31772e-14 0)
(-4.63609e-13 4.19688e-14 0)
(-4.52145e-13 5.0756e-14 0)
(-4.38586e-13 5.89339e-14 0)
(-4.23021e-13 6.69621e-14 0)
(-4.05572e-13 7.42354e-14 0)
(-3.8635e-13 8.12097e-14 0)
(-3.65499e-13 8.73184e-14 0)
(-3.43198e-13 9.29639e-14 0)
(-3.19622e-13 9.7619e-14 0)
(-2.94957e-13 1.01667e-13 0)
(-2.69417e-13 1.04595e-13 0)
(-2.43249e-13 1.06742e-13 0)
(-2.16694e-13 1.07649e-13 0)
(-1.9003e-13 1.07587e-13 0)
(-1.63558e-13 1.06138e-13 0)
(-1.3761e-13 1.03498e-13 0)
(-1.1253e-13 9.93031e-14 0)
(-8.87049e-14 9.36399e-14 0)
(-6.65379e-14 8.61534e-14 0)
(-4.66047e-14 7.68318e-14 0)
(-2.93523e-14 6.52823e-14 0)
(-1.5251e-14 5.10753e-14 0)
(-5.68747e-15 3.39126e-14 0)
(-7.20782e-17 1.33455e-14 0)
(-1.46998e-16 -1.04345e-14 0)
(-6.61966e-15 -2.57213e-14 0)
(-1.74161e-14 -3.84444e-14 0)
(-3.30986e-14 -4.88025e-14 0)
(-5.21881e-14 -5.72422e-14 0)
(-7.41133e-14 -6.41085e-14 0)
(-9.83327e-14 -6.95631e-14 0)
(-1.24342e-13 -7.37596e-14 0)
(-1.51677e-13 -7.6806e-14 0)
(-1.79935e-13 -7.87979e-14 0)
(-2.0873e-13 -7.98044e-14 0)
(-2.37732e-13 -7.99125e-14 0)
(-2.66601e-13 -7.91676e-14 0)
(-2.95061e-13 -7.76502e-14 0)
(-3.22819e-13 -7.53958e-14 0)
(-3.49645e-13 -7.24839e-14 0)
(-3.75278e-13 -6.89404e-14 0)
(-3.99536e-13 -6.48454e-14 0)
(-4.22192e-13 -6.02195e-14 0)
(-4.43102e-13 -5.51464e-14 0)
(-4.62078e-13 -4.96381e-14 0)
(-4.79007e-13 -4.37842e-14 0)
(-4.93739e-13 -3.75955e-14 0)
(-5.0622e-13 -3.11823e-14 0)
(-5.16317e-13 -2.45903e-14 0)
(-5.23931e-13 -1.78278e-14 0)
(-5.29006e-13 -1.07951e-14 0)
(-5.31563e-13 -3.60523e-15 0)
(-5.31555e-13 3.6479e-15 0)
(-5.29e-13 1.0833e-14 0)
(-5.23902e-13 1.78618e-14 0)
(-5.16281e-13 2.46185e-14 0)
(-5.06164e-13 3.1207e-14 0)
(-4.9368e-13 3.7618e-14 0)
(-4.78924e-13 4.38043e-14 0)
(-4.61988e-13 4.96579e-14 0)
(-4.42996e-13 5.51621e-14 0)
(-4.22076e-13 6.02416e-14 0)
(-3.99417e-13 6.48576e-14 0)
(-3.75161e-13 6.89588e-14 0)
(-3.49516e-13 7.2497e-14 0)
(-3.22694e-13 7.54106e-14 0)
(-2.94944e-13 7.76541e-14 0)
(-2.66484e-13 7.91736e-14 0)
(-2.37624e-13 7.99062e-14 0)
(-2.08629e-13 7.98004e-14 0)
(-1.79852e-13 7.87782e-14 0)
(-1.51596e-13 7.67897e-14 0)
(-1.24281e-13 7.37275e-14 0)
(-9.82888e-14 6.95373e-14 0)
(-7.41112e-14 6.40736e-14 0)
(-5.21744e-14 5.72049e-14 0)
(-3.30966e-14 4.87462e-14 0)
(-1.74371e-14 3.84404e-14 0)
(-6.65529e-15 2.56816e-14 0)
(-1.53268e-16 1.04209e-14 0)
(-3.15756e-16 -6.77205e-15 0)
(-8.00812e-15 -1.62275e-14 0)
(-2.01016e-14 -2.41124e-14 0)
(-3.7332e-14 -3.04334e-14 0)
(-5.8173e-14 -3.5628e-14 0)
(-8.19772e-14 -3.98599e-14 0)
(-1.0821e-13 -4.32293e-14 0)
(-1.36317e-13 -4.5832e-14 0)
(-1.65838e-13 -4.77159e-14 0)
(-1.9634e-13 -4.8961e-14 0)
(-2.27427e-13 -4.95844e-14 0)
(-2.58721e-13 -4.96637e-14 0)
(-2.89891e-13 -4.91934e-14 0)
(-3.20607e-13 -4.82681e-14 0)
(-3.50586e-13 -4.68552e-14 0)
(-3.79543e-13 -4.50668e-14 0)
(-4.07238e-13 -4.2844e-14 0)
(-4.33428e-13 -4.03277e-14 0)
(-4.57917e-13 -3.74246e-14 0)
(-4.80496e-13 -3.43079e-14 0)
(-5.01005e-13 -3.08513e-14 0)
(-5.19278e-13 -2.7262e-14 0)
(-5.35194e-13 -2.33894e-14 0)
(-5.48642e-13 -1.94849e-14 0)
(-5.5959e-13 -1.55178e-14 0)
(-5.67937e-13 -1.15449e-14 0)
(-5.73613e-13 -7.08115e-15 0)
(-5.76446e-13 -2.42312e-15 0)
(-5.76442e-13 2.44666e-15 0)
(-5.7359e-13 7.10165e-15 0)
(-5.67908e-13 1.1582e-14 0)
(-5.59544e-13 1.55484e-14 0)
(-5.48575e-13 1.95443e-14 0)
(-5.35099e-13 2.3426e-14 0)
(-5.1917e-13 2.73236e-14 0)
(-5.00881e-13 3.08752e-14 0)
(-4.8036e-13 3.43627e-14 0)
(-4.57775e-13 3.74341e-14 0)
(-4.33271e-13 4.03682e-14 0)
(-4.07067e-13 4.28357e-14 0)
(-3.7938e-13 4.50892e-14 0)
(-3.50426e-13 4.68233e-14 0)
(-3.20445e-13 4.82785e-14 0)
(-2.89737e-13 4.91562e-14 0)
(-2.58575e-13 4.96628e-14 0)
(-2.27289e-13 4.95372e-14 0)
(-1.96212e-13 4.895e-14 0)
(-1.65736e-13 4.76663e-14 0)
(-1.36231e-13 4.58063e-14 0)
(-1.08137e-13 4.31701e-14 0)
(-8.19237e-14 3.98256e-14 0)
(-5.81646e-14 3.55908e-14 0)
(-3.73327e-14 3.04015e-14 0)
(-2.01068e-14 2.40802e-14 0)
(-8.03195e-15 1.62063e-14 0)
(-3.15378e-16 6.76908e-15 0)
(-1.15972e-15 -2.37932e-15 0)
(-8.91064e-15 -5.73952e-15 0)
(-2.25286e-14 -8.50779e-15 0)
(-4.13684e-14 -1.06978e-14 0)
(-6.3905e-14 -1.24516e-14 0)
(-8.95522e-14 -1.39096e-14 0)
(-1.17756e-13 -1.50769e-14 0)
(-1.47962e-13 -1.59786e-14 0)
(-1.79673e-13 -1.66381e-14 0)
(-2.12432e-13 -1.7066e-14 0)
(-2.45811e-13 -1.72863e-14 0)
(-2.79422e-13 -1.73096e-14 0)
(-3.12895e-13 -1.71542e-14 0)
(-3.45892e-13 -1.68236e-14 0)
(-3.78094e-13 -1.6341e-14 0)
(-4.09209e-13 -1.57073e-14 0)
(-4.38966e-13 -1.4948e-14 0)
(-4.67118e-13 -1.40546e-14 0)
(-4.93434e-13 -1.30627e-14 0)
(-5.17713e-13 -1.19564e-14 0)
(-5.39768e-13 -1.07756e-14 0)
(-5.59448e-13 -9.49365e-15 0)
(-5.76614e-13 -8.1365e-15 0)
(-5.91027e-13 -6.43992e-15 0)
(-6.02698e-13 -4.66467e-15 0)
(-6.11663e-13 -3.04824e-15 0)
(-6.17827e-13 -1.54054e-15 0)
(-6.20867e-13 -3.92486e-16 0)
(-6.20857e-13 4.03872e-16 0)
(-6.17798e-13 1.5537e-15 0)
(-6.11611e-13 3.05804e-15 0)
(-6.02626e-13 4.67592e-15 0)
(-5.9094e-13 6.44165e-15 0)
(-5.76509e-13 8.14005e-15 0)
(-5.59326e-13 9.49095e-15 0)
(-5.3963e-13 1.07806e-14 0)
(-5.17559e-13 1.19531e-14 0)
(-4.93266e-13 1.30686e-14 0)
(-4.66945e-13 1.40468e-14 0)
(-4.38791e-13 1.49545e-14 0)
(-4.09025e-13 1.57073e-14 0)
(-3.77904e-13 1.63527e-14 0)
(-3.45705e-13 1.68168e-14 0)
(-3.12715e-13 1.71582e-14 0)
(-2.79249e-13 1.73015e-14 0)
(-2.45649e-13 1.72894e-14 0)
(-2.12284e-13 1.70531e-14 0)
(-1.79542e-13 1.6635e-14 0)
(-1.47851e-13 1.59673e-14 0)
(-1.17671e-13 1.5073e-14 0)
(-8.94901e-14 1.38998e-14 0)
(-6.38556e-14 1.2445e-14 0)
(-4.13383e-14 1.06881e-14 0)
(-2.25261e-14 8.49726e-15 0)
(-8.91887e-15 5.74672e-15 0)
(-1.16297e-15 2.38211e-15 0)
)
;

boundaryField
{
    top
    {
        type            slip;
    }
    bottom
    {
        type            slip;
    }
    rotatingWall
    {
        type            rotatingWallVelocity;
        origin          (0 0 0);
        axis            (0 1 0);
        omega           constant 1140;
        value           uniform (0 0 0);
    }
    wall
    {
        type            rotatingWallVelocity;
        origin          (0 0 0);
        axis            (0 1 0);
        omega           constant 0;
        value           uniform (0 -0 -0);
    }
    frontAndBack
    {
        type            empty;
    }
}


// ************************************************************************* //
