/*--------------------------------*- C++ -*----------------------------------*\
| =========                 |                                                 |
| \\      /  F ield         | OpenFOAM: The Open Source CFD Toolbox           |
|  \\    /   O peration     | Version:  5.0                                   |
|   \\  /    A nd           | Web:      www.OpenFOAM.org                      |
|    \\/     M anipulation  |                                                 |
\*---------------------------------------------------------------------------*/
FoamFile
{
    version     2.0;
    format      ascii;
    class       volVectorField;
    location    "163";
    object      U;
}
// * * * * * * * * * * * * * * * * * * * * * * * * * * * * * * * * * * * * * //

dimensions      [0 1 -1 0 0 0 0];

internalField   nonuniform List<vector> 
1568
(
(1.41634e-12 -8.28605e-14 0)
(-1.80229e-12 9.0169e-12 0)
(1.08316e-11 -1.74878e-11 0)
(4.09538e-11 -1.56177e-11 0)
(5.73873e-11 -8.22693e-12 0)
(7.94268e-11 -1.50749e-11 0)
(1.09258e-10 -1.63128e-11 0)
(1.3791e-10 -1.5442e-11 0)
(1.66853e-10 -1.62548e-11 0)
(1.97639e-10 -1.69325e-11 0)
(2.28779e-10 -1.69331e-11 0)
(2.59539e-10 -1.6673e-11 0)
(2.89878e-10 -1.62323e-11 0)
(3.19478e-10 -1.56989e-11 0)
(3.47952e-10 -1.51163e-11 0)
(3.75046e-10 -1.43652e-11 0)
(4.00448e-10 -1.34665e-11 0)
(4.23984e-10 -1.25532e-11 0)
(4.45471e-10 -1.14788e-11 0)
(4.64747e-10 -1.03014e-11 0)
(4.81636e-10 -8.95192e-12 0)
(4.96057e-10 -7.51035e-12 0)
(5.07836e-10 -5.57831e-12 0)
(5.1705e-10 -3.81626e-12 0)
(5.23764e-10 -2.18802e-12 0)
(5.27896e-10 -9.76451e-13 0)
(5.29297e-10 4.36257e-14 0)
(5.27962e-10 8.10309e-13 0)
(5.23734e-10 2.14358e-12 0)
(5.16945e-10 3.21612e-12 0)
(5.07933e-10 4.85902e-12 0)
(4.96853e-10 6.44375e-12 0)
(4.83546e-10 7.96499e-12 0)
(4.68217e-10 9.01782e-12 0)
(4.51037e-10 1.01882e-11 0)
(4.32172e-10 1.09258e-11 0)
(4.11708e-10 1.19001e-11 0)
(3.89757e-10 1.25095e-11 0)
(3.66615e-10 1.32493e-11 0)
(3.42315e-10 1.36955e-11 0)
(3.17052e-10 1.41611e-11 0)
(2.91124e-10 1.43069e-11 0)
(2.64769e-10 1.45427e-11 0)
(2.38109e-10 1.45949e-11 0)
(2.11463e-10 1.46227e-11 0)
(1.85087e-10 1.43847e-11 0)
(1.59267e-10 1.40975e-11 0)
(1.34208e-10 1.35516e-11 0)
(1.10191e-10 1.29215e-11 0)
(8.76118e-11 1.204e-11 0)
(6.65689e-11 1.11079e-11 0)
(4.73054e-11 9.97859e-12 0)
(3.18118e-11 8.18779e-12 0)
(1.69722e-11 8.6376e-12 0)
(5.86015e-12 4.04989e-12 0)
(1.03626e-12 1.70301e-12 0)
(1.33804e-11 -9.73982e-12 0)
(2.24149e-12 -2.06946e-11 0)
(2.45441e-11 -2.45769e-11 0)
(2.77797e-11 -2.70647e-11 0)
(5.32751e-11 -3.70799e-11 0)
(7.4703e-11 -3.97853e-11 0)
(9.84823e-11 -4.18251e-11 0)
(1.25859e-10 -4.39918e-11 0)
(1.53156e-10 -4.55517e-11 0)
(1.81115e-10 -4.63306e-11 0)
(2.09592e-10 -4.63221e-11 0)
(2.38286e-10 -4.59526e-11 0)
(2.66452e-10 -4.51309e-11 0)
(2.93778e-10 -4.37499e-11 0)
(3.20178e-10 -4.17999e-11 0)
(3.45229e-10 -3.95338e-11 0)
(3.6878e-10 -3.68312e-11 0)
(3.90631e-10 -3.3835e-11 0)
(4.10607e-10 -3.05172e-11 0)
(4.28501e-10 -2.70963e-11 0)
(4.44237e-10 -2.34223e-11 0)
(4.5767e-10 -1.96506e-11 0)
(4.68866e-10 -1.58957e-11 0)
(4.77708e-10 -1.23968e-11 0)
(4.8419e-10 -8.58119e-12 0)
(4.8812e-10 -4.53747e-12 0)
(4.89469e-10 -1.23839e-13 0)
(4.88216e-10 4.21812e-12 0)
(4.84535e-10 8.3869e-12 0)
(4.78532e-10 1.21103e-11 0)
(4.70235e-10 1.54997e-11 0)
(4.59943e-10 1.86362e-11 0)
(4.47875e-10 2.17556e-11 0)
(4.33992e-10 2.46467e-11 0)
(4.18262e-10 2.74447e-11 0)
(4.00797e-10 2.99308e-11 0)
(3.81859e-10 3.22474e-11 0)
(3.61662e-10 3.41645e-11 0)
(3.40134e-10 3.58923e-11 0)
(3.17684e-10 3.7261e-11 0)
(2.94366e-10 3.84153e-11 0)
(2.7021e-10 3.91833e-11 0)
(2.45542e-10 3.97321e-11 0)
(2.2078e-10 3.98035e-11 0)
(1.95985e-10 3.96095e-11 0)
(1.71473e-10 3.90327e-11 0)
(1.47369e-10 3.81195e-11 0)
(1.2404e-10 3.67842e-11 0)
(1.01832e-10 3.50683e-11 0)
(8.07418e-11 3.27937e-11 0)
(6.10727e-11 3.03629e-11 0)
(4.37986e-11 2.66446e-11 0)
(2.75501e-11 2.26038e-11 0)
(1.59527e-11 1.79228e-11 0)
(6.48255e-12 1.19141e-11 0)
(5.29616e-13 5.28112e-12 0)
(-5.72543e-13 -1.72284e-11 0)
(4.94019e-13 -2.02821e-11 0)
(1.25178e-11 -4.50079e-11 0)
(3.36739e-11 -5.09379e-11 0)
(4.51685e-11 -5.80593e-11 0)
(6.49035e-11 -6.58264e-11 0)
(8.94514e-11 -6.9181e-11 0)
(1.13619e-10 -7.24927e-11 0)
(1.38034e-10 -7.51125e-11 0)
(1.64303e-10 -7.64007e-11 0)
(1.90869e-10 -7.6457e-11 0)
(2.16891e-10 -7.57093e-11 0)
(2.4269e-10 -7.42184e-11 0)
(2.67987e-10 -7.19283e-11 0)
(2.92248e-10 -6.89642e-11 0)
(3.15362e-10 -6.53112e-11 0)
(3.37127e-10 -6.10369e-11 0)
(3.57333e-10 -5.62607e-11 0)
(3.75785e-10 -5.09861e-11 0)
(3.92387e-10 -4.53345e-11 0)
(4.06996e-10 -3.93219e-11 0)
(4.19586e-10 -3.31112e-11 0)
(4.30026e-10 -2.67045e-11 0)
(4.38254e-10 -2.03506e-11 0)
(4.44144e-10 -1.38076e-11 0)
(4.47752e-10 -7.24428e-12 0)
(4.491e-10 -4.9742e-13 0)
(4.48239e-10 6.06032e-12 0)
(4.45113e-10 1.26443e-11 0)
(4.39842e-10 1.8773e-11 0)
(4.32565e-10 2.49113e-11 0)
(4.23348e-10 3.06565e-11 0)
(4.12229e-10 3.6313e-11 0)
(3.9934e-10 4.13124e-11 0)
(3.84835e-10 4.60625e-11 0)
(3.68848e-10 5.00927e-11 0)
(3.51439e-10 5.3914e-11 0)
(3.32734e-10 5.70158e-11 0)
(3.13e-10 5.9763e-11 0)
(2.92221e-10 6.18643e-11 0)
(2.7059e-10 6.35774e-11 0)
(2.48405e-10 6.46973e-11 0)
(2.25789e-10 6.55091e-11 0)
(2.02859e-10 6.57365e-11 0)
(1.79978e-10 6.55276e-11 0)
(1.57258e-10 6.46801e-11 0)
(1.34992e-10 6.32467e-11 0)
(1.13398e-10 6.10442e-11 0)
(9.26887e-11 5.82455e-11 0)
(7.35151e-11 5.4503e-11 0)
(5.51509e-11 4.99521e-11 0)
(3.86722e-11 4.46953e-11 0)
(2.59576e-11 3.75931e-11 0)
(1.30668e-11 2.95092e-11 0)
(4.11562e-12 1.9564e-11 0)
(2.37234e-13 8.00112e-12 0)
(-4.53638e-12 -1.17425e-11 0)
(6.18973e-12 -3.9763e-11 0)
(1.29275e-11 -4.98275e-11 0)
(2.51071e-11 -6.74393e-11 0)
(4.00986e-11 -7.84944e-11 0)
(5.81494e-11 -8.56534e-11 0)
(7.9906e-11 -9.12937e-11 0)
(1.01421e-10 -9.64349e-11 0)
(1.24e-10 -9.96858e-11 0)
(1.47885e-10 -1.01101e-10 0)
(1.7192e-10 -1.01503e-10 0)
(1.95844e-10 -1.00628e-10 0)
(2.19432e-10 -9.86073e-11 0)
(2.42366e-10 -9.55987e-11 0)
(2.64587e-10 -9.16518e-11 0)
(2.8578e-10 -8.67527e-11 0)
(3.05694e-10 -8.11503e-11 0)
(3.24233e-10 -7.47636e-11 0)
(3.41252e-10 -6.78325e-11 0)
(3.56551e-10 -6.03106e-11 0)
(3.70038e-10 -5.24159e-11 0)
(3.81618e-10 -4.41044e-11 0)
(3.91227e-10 -3.56908e-11 0)
(3.98755e-10 -2.7041e-11 0)
(4.04197e-10 -1.84091e-11 0)
(4.07578e-10 -9.53431e-12 0)
(4.08933e-10 -7.74463e-13 0)
(4.083e-10 8.00562e-12 0)
(4.05734e-10 1.64371e-11 0)
(4.01263e-10 2.47713e-11 0)
(3.94779e-10 3.26733e-11 0)
(3.86373e-10 4.03847e-11 0)
(3.76255e-10 4.7511e-11 0)
(3.64508e-10 5.4303e-11 0)
(3.51164e-10 6.03938e-11 0)
(3.36415e-10 6.60559e-11 0)
(3.20453e-10 7.09265e-11 0)
(3.03309e-10 7.53664e-11 0)
(2.85101e-10 7.90098e-11 0)
(2.661e-10 8.20702e-11 0)
(2.46426e-10 8.43928e-11 0)
(2.26118e-10 8.62238e-11 0)
(2.05403e-10 8.72574e-11 0)
(1.84523e-10 8.77604e-11 0)
(1.63583e-10 8.74329e-11 0)
(1.42789e-10 8.63955e-11 0)
(1.22275e-10 8.44525e-11 0)
(1.02521e-10 8.16256e-11 0)
(8.37114e-11 7.7741e-11 0)
(6.58156e-11 7.29059e-11 0)
(4.9609e-11 6.67504e-11 0)
(3.48293e-11 5.94485e-11 0)
(2.097e-11 5.01372e-11 0)
(1.19336e-11 3.93471e-11 0)
(4.50882e-12 2.56274e-11 0)
(4.77705e-13 1.03179e-11 0)
(2.26341e-12 -1.4285e-11 0)
(2.99596e-12 -4.05868e-11 0)
(1.23562e-11 -6.31197e-11 0)
(2.2287e-11 -7.91133e-11 0)
(3.52968e-11 -9.27849e-11 0)
(5.20674e-11 -1.01878e-10 0)
(7.072e-11 -1.09578e-10 0)
(8.95573e-11 -1.15861e-10 0)
(1.10094e-10 -1.19745e-10 0)
(1.31778e-10 -1.21757e-10 0)
(1.5341e-10 -1.22265e-10 0)
(1.74866e-10 -1.2134e-10 0)
(1.96081e-10 -1.19028e-10 0)
(2.16903e-10 -1.15388e-10 0)
(2.37023e-10 -1.10476e-10 0)
(2.5617e-10 -1.04593e-10 0)
(2.7425e-10 -9.76816e-11 0)
(2.91095e-10 -8.99664e-11 0)
(3.06503e-10 -8.14927e-11 0)
(3.20421e-10 -7.24988e-11 0)
(3.3272e-10 -6.29447e-11 0)
(3.43282e-10 -5.30678e-11 0)
(3.52032e-10 -4.28455e-11 0)
(3.58894e-10 -3.24964e-11 0)
(3.63858e-10 -2.19024e-11 0)
(3.66986e-10 -1.13259e-11 0)
(3.68285e-10 -6.95093e-13 0)
(3.67815e-10 9.71183e-12 0)
(3.65594e-10 1.99213e-11 0)
(3.61636e-10 2.96581e-11 0)
(3.55951e-10 3.9017e-11 0)
(3.48502e-10 4.78979e-11 0)
(3.39358e-10 5.63755e-11 0)
(3.28682e-10 6.42502e-11 0)
(3.16631e-10 7.16088e-11 0)
(3.03318e-10 7.8352e-11 0)
(2.88862e-10 8.44943e-11 0)
(2.73356e-10 8.9854e-11 0)
(2.56891e-10 9.45768e-11 0)
(2.39633e-10 9.84984e-11 0)
(2.21783e-10 1.01661e-10 0)
(2.03467e-10 1.03939e-10 0)
(1.84802e-10 1.05486e-10 0)
(1.65884e-10 1.06061e-10 0)
(1.46906e-10 1.05749e-10 0)
(1.28071e-10 1.04421e-10 0)
(1.09566e-10 1.02083e-10 0)
(9.1627e-11 9.86408e-11 0)
(7.4559e-11 9.40569e-11 0)
(5.88347e-11 8.80317e-11 0)
(4.38253e-11 8.05277e-11 0)
(3.0167e-11 7.15426e-11 0)
(2.01864e-11 6.06541e-11 0)
(9.48869e-12 4.70612e-11 0)
(2.70626e-12 3.07287e-11 0)
(-3.12684e-13 1.20049e-11 0)
(6.73197e-13 -1.86603e-11 0)
(3.26388e-12 -4.5782e-11 0)
(1.02281e-11 -7.08371e-11 0)
(1.97476e-11 -9.04047e-11 0)
(3.15863e-11 -1.05801e-10 0)
(4.61601e-11 -1.17441e-10 0)
(6.17247e-11 -1.27358e-10 0)
(7.83603e-11 -1.34659e-10 0)
(9.67599e-11 -1.39095e-10 0)
(1.15819e-10 -1.41627e-10 0)
(1.34859e-10 -1.42434e-10 0)
(1.53967e-10 -1.41454e-10 0)
(1.72966e-10 -1.38726e-10 0)
(1.91567e-10 -1.34441e-10 0)
(2.09511e-10 -1.28811e-10 0)
(2.26635e-10 -1.2191e-10 0)
(2.42801e-10 -1.13875e-10 0)
(2.57841e-10 -1.04887e-10 0)
(2.71622e-10 -9.50743e-11 0)
(2.84048e-10 -8.45417e-11 0)
(2.95039e-10 -7.34762e-11 0)
(3.04486e-10 -6.19596e-11 0)
(3.12328e-10 -5.01119e-11 0)
(3.18526e-10 -3.80016e-11 0)
(3.23035e-10 -2.5726e-11 0)
(3.25876e-10 -1.33677e-11 0)
(3.27111e-10 -1.08735e-12 0)
(3.2674e-10 1.10423e-11 0)
(3.24784e-10 2.28378e-11 0)
(3.21268e-10 3.4259e-11 0)
(3.16187e-10 4.51543e-11 0)
(3.09569e-10 5.55188e-11 0)
(3.0151e-10 6.53179e-11 0)
(2.92091e-10 7.45759e-11 0)
(2.81422e-10 8.31844e-11 0)
(2.69596e-10 9.11151e-11 0)
(2.56696e-10 9.82765e-11 0)
(2.42854e-10 1.04633e-10 0)
(2.28178e-10 1.10137e-10 0)
(2.12807e-10 1.14805e-10 0)
(1.96876e-10 1.18551e-10 0)
(1.80507e-10 1.21345e-10 0)
(1.63793e-10 1.23102e-10 0)
(1.46883e-10 1.23804e-10 0)
(1.29978e-10 1.23414e-10 0)
(1.13189e-10 1.21896e-10 0)
(9.66803e-11 1.19132e-10 0)
(8.08885e-11 1.15075e-10 0)
(6.58013e-11 1.09675e-10 0)
(5.1408e-11 1.02626e-10 0)
(3.88137e-11 9.37171e-11 0)
(2.74228e-11 8.30924e-11 0)
(1.60059e-11 7.0076e-11 0)
(8.95232e-12 5.40692e-11 0)
(3.69498e-12 3.56951e-11 0)
(2.31101e-13 1.33724e-11 0)
(-8.03794e-13 -1.89473e-11 0)
(3.81844e-12 -5.03446e-11 0)
(9.18805e-12 -7.70616e-11 0)
(1.74473e-11 -9.94377e-11 0)
(2.76299e-11 -1.17496e-10 0)
(3.96165e-11 -1.31952e-10 0)
(5.27547e-11 -1.43469e-10 0)
(6.75595e-11 -1.51655e-10 0)
(8.36568e-11 -1.56966e-10 0)
(1.00066e-10 -1.60115e-10 0)
(1.16629e-10 -1.61062e-10 0)
(1.33387e-10 -1.59902e-10 0)
(1.50053e-10 -1.56839e-10 0)
(1.66342e-10 -1.52073e-10 0)
(1.82097e-10 -1.45762e-10 0)
(1.97159e-10 -1.38034e-10 0)
(2.1136e-10 -1.29055e-10 0)
(2.24571e-10 -1.18968e-10 0)
(2.3669e-10 -1.07933e-10 0)
(2.47624e-10 -9.60805e-11 0)
(2.57277e-10 -8.35674e-11 0)
(2.65601e-10 -7.05303e-11 0)
(2.72532e-10 -5.70806e-11 0)
(2.78009e-10 -4.33498e-11 0)
(2.82011e-10 -2.94616e-11 0)
(2.84551e-10 -1.55044e-11 0)
(2.8566e-10 -1.61922e-12 0)
(2.85369e-10 1.20592e-11 0)
(2.83703e-10 2.54266e-11 0)
(2.80658e-10 3.83646e-11 0)
(2.76232e-10 5.08007e-11 0)
(2.70466e-10 6.26698e-11 0)
(2.63431e-10 7.39082e-11 0)
(2.55191e-10 8.445e-11 0)
(2.45825e-10 9.4255e-11 0)
(2.35436e-10 1.03229e-10 0)
(2.24104e-10 1.11351e-10 0)
(2.11942e-10 1.1858e-10 0)
(1.9906e-10 1.24869e-10 0)
(1.85559e-10 1.30164e-10 0)
(1.71571e-10 1.34421e-10 0)
(1.57195e-10 1.37589e-10 0)
(1.42538e-10 1.39617e-10 0)
(1.27726e-10 1.40464e-10 0)
(1.1292e-10 1.40061e-10 0)
(9.82283e-11 1.38337e-10 0)
(8.38202e-11 1.35199e-10 0)
(7.0003e-11 1.30559e-10 0)
(5.68329e-11 1.24269e-10 0)
(4.46391e-11 1.16208e-10 0)
(3.32706e-11 1.06142e-10 0)
(2.29432e-11 9.3673e-11 0)
(1.53029e-11 7.88208e-11 0)
(7.33936e-12 6.11897e-11 0)
(1.80314e-12 3.93566e-11 0)
(2.83395e-13 1.50149e-11 0)
(-2.60377e-13 -1.96494e-11 0)
(3.43076e-12 -5.34615e-11 0)
(7.80599e-12 -8.24761e-11 0)
(1.4341e-11 -1.07309e-10 0)
(2.28453e-11 -1.27724e-10 0)
(3.30819e-11 -1.43984e-10 0)
(4.43951e-11 -1.56401e-10 0)
(5.70529e-11 -1.65462e-10 0)
(7.06351e-11 -1.7167e-10 0)
(8.45424e-11 -1.75284e-10 0)
(9.87363e-11 -1.764e-10 0)
(1.13088e-10 -1.75199e-10 0)
(1.27346e-10 -1.71908e-10 0)
(1.41303e-10 -1.66735e-10 0)
(1.5481e-10 -1.59848e-10 0)
(1.67729e-10 -1.51421e-10 0)
(1.79939e-10 -1.41618e-10 0)
(1.91307e-10 -1.3059e-10 0)
(2.01736e-10 -1.18507e-10 0)
(2.11149e-10 -1.05534e-10 0)
(2.19473e-10 -9.18165e-11 0)
(2.2665e-10 -7.74918e-11 0)
(2.32624e-10 -6.27434e-11 0)
(2.37343e-10 -4.76833e-11 0)
(2.40806e-10 -3.24501e-11 0)
(2.43019e-10 -1.71639e-11 0)
(2.43996e-10 -1.96371e-12 0)
(2.43764e-10 1.30288e-11 0)
(2.42333e-10 2.76762e-11 0)
(2.39727e-10 4.18612e-11 0)
(2.35955e-10 5.54929e-11 0)
(2.31017e-10 6.85048e-11 0)
(2.24977e-10 8.08291e-11 0)
(2.1791e-10 9.23881e-11 0)
(2.0987e-10 1.03123e-10 0)
(2.00939e-10 1.12996e-10 0)
(1.91224e-10 1.21937e-10 0)
(1.80799e-10 1.29914e-10 0)
(1.69733e-10 1.36854e-10 0)
(1.58138e-10 1.42715e-10 0)
(1.46128e-10 1.47434e-10 0)
(1.33793e-10 1.50962e-10 0)
(1.21215e-10 1.53231e-10 0)
(1.08508e-10 1.54171e-10 0)
(9.58252e-11 1.5372e-10 0)
(8.32461e-11 1.51803e-10 0)
(7.09126e-11 1.48314e-10 0)
(5.92055e-11 1.43137e-10 0)
(4.80892e-11 1.36174e-10 0)
(3.74802e-11 1.27207e-10 0)
(2.82307e-11 1.15941e-10 0)
(2.00323e-11 1.02435e-10 0)
(1.16963e-11 8.59935e-11 0)
(6.26224e-12 6.59178e-11 0)
(2.52075e-12 4.31497e-11 0)
(2.56836e-14 1.61473e-11 0)
(-1.16257e-13 -2.12779e-11 0)
(2.71168e-12 -5.69263e-11 0)
(6.28675e-12 -8.82523e-11 0)
(1.13604e-11 -1.14729e-10 0)
(1.85008e-11 -1.36446e-10 0)
(2.71389e-11 -1.5376e-10 0)
(3.64331e-11 -1.67194e-10 0)
(4.67234e-11 -1.77225e-10 0)
(5.78815e-11 -1.84149e-10 0)
(6.93544e-11 -1.8811e-10 0)
(8.10886e-11 -1.89389e-10 0)
(9.3028e-11 -1.88196e-10 0)
(1.04893e-10 -1.8474e-10 0)
(1.1649e-10 -1.79231e-10 0)
(1.27735e-10 -1.71868e-10 0)
(1.38507e-10 -1.62823e-10 0)
(1.48691e-10 -1.5229e-10 0)
(1.58178e-10 -1.4045e-10 0)
(1.66878e-10 -1.27476e-10 0)
(1.74737e-10 -1.13525e-10 0)
(1.81701e-10 -9.8784e-11 0)
(1.87691e-10 -8.34072e-11 0)
(1.92669e-10 -6.75531e-11 0)
(1.96621e-10 -5.13697e-11 0)
(1.99515e-10 -3.50019e-11 0)
(2.01361e-10 -1.85957e-11 0)
(2.0218e-10 -2.2827e-12 0)
(2.01989e-10 1.38037e-11 0)
(2.00794e-10 2.95385e-11 0)
(1.98608e-10 4.48102e-11 0)
(1.95446e-10 5.94938e-11 0)
(1.91336e-10 7.35008e-11 0)
(1.86308e-10 8.67713e-11 0)
(1.80402e-10 9.92223e-11 0)
(1.73706e-10 1.10793e-10 0)
(1.6628e-10 1.21428e-10 0)
(1.5818e-10 1.3107e-10 0)
(1.49484e-10 1.39639e-10 0)
(1.40265e-10 1.47096e-10 0)
(1.30604e-10 1.53386e-10 0)
(1.206e-10 1.58448e-10 0)
(1.10326e-10 1.62216e-10 0)
(9.98452e-11 1.64624e-10 0)
(8.92709e-11 1.65601e-10 0)
(7.87463e-11 1.6508e-10 0)
(6.8325e-11 1.62971e-10 0)
(5.81306e-11 1.59169e-10 0)
(4.8477e-11 1.53562e-10 0)
(3.9325e-11 1.45965e-10 0)
(3.08162e-11 1.36189e-10 0)
(2.30937e-11 1.24112e-10 0)
(1.59958e-11 1.0916e-10 0)
(1.04361e-11 9.13416e-11 0)
(5.06315e-12 7.06316e-11 0)
(1.40657e-12 4.52436e-11 0)
(-2.47577e-14 1.7039e-11 0)
(-4.44398e-13 -2.24452e-11 0)
(2.16466e-12 -5.96723e-11 0)
(4.80074e-12 -9.26583e-11 0)
(8.84814e-12 -1.20341e-10 0)
(1.45758e-11 -1.43234e-10 0)
(2.13798e-11 -1.61659e-10 0)
(2.85268e-11 -1.76175e-10 0)
(3.65496e-11 -1.87038e-10 0)
(4.5392e-11 -1.9447e-10 0)
(5.45022e-11 -1.98774e-10 0)
(6.381e-11 -2.00217e-10 0)
(7.32932e-11 -1.99004e-10 0)
(8.27409e-11 -1.95423e-10 0)
(9.19893e-11 -1.89651e-10 0)
(1.00967e-10 -1.81898e-10 0)
(1.09571e-10 -1.72362e-10 0)
(1.17704e-10 -1.61243e-10 0)
(1.25281e-10 -1.48741e-10 0)
(1.32251e-10 -1.35032e-10 0)
(1.38542e-10 -1.20293e-10 0)
(1.44096e-10 -1.04704e-10 0)
(1.48891e-10 -8.84547e-11 0)
(1.5288e-10 -7.16831e-11 0)
(1.56026e-10 -5.45715e-11 0)
(1.58324e-10 -3.72621e-11 0)
(1.59789e-10 -1.98992e-11 0)
(1.60435e-10 -2.61994e-12 0)
(1.60277e-10 1.44306e-11 0)
(1.59326e-10 3.11086e-11 0)
(1.57576e-10 4.72928e-11 0)
(1.55028e-10 6.2864e-11 0)
(1.51715e-10 7.77372e-11 0)
(1.47673e-10 9.18123e-11 0)
(1.42943e-10 1.05028e-10 0)
(1.37574e-10 1.17312e-10 0)
(1.31621e-10 1.28587e-10 0)
(1.25131e-10 1.38788e-10 0)
(1.18167e-10 1.47862e-10 0)
(1.10794e-10 1.55749e-10 0)
(1.03074e-10 1.62394e-10 0)
(9.50838e-11 1.6773e-10 0)
(8.68831e-11 1.71689e-10 0)
(7.85279e-11 1.74209e-10 0)
(7.0116e-11 1.7522e-10 0)
(6.17659e-11 1.74637e-10 0)
(5.35093e-11 1.72366e-10 0)
(4.54588e-11 1.68292e-10 0)
(3.79137e-11 1.62279e-10 0)
(3.07653e-11 1.54176e-10 0)
(2.4e-11 1.43737e-10 0)
(1.80941e-11 1.30703e-10 0)
(1.28858e-11 1.15083e-10 0)
(7.7529e-12 9.6194e-11 0)
(3.95879e-12 7.34595e-11 0)
(1.52195e-12 4.7818e-11 0)
(-9.122e-15 1.76893e-11 0)
(-4.98413e-13 -2.29762e-11 0)
(1.7487e-12 -6.15301e-11 0)
(3.597e-12 -9.55675e-11 0)
(6.40975e-12 -1.24358e-10 0)
(1.06137e-11 -1.48317e-10 0)
(1.56346e-11 -1.6773e-10 0)
(2.07428e-11 -1.83021e-10 0)
(2.66572e-11 -1.94454e-10 0)
(3.3244e-11 -2.02291e-10 0)
(3.99482e-11 -2.06871e-10 0)
(4.68539e-11 -2.08457e-10 0)
(5.39188e-11 -2.07291e-10 0)
(6.09445e-11 -2.03615e-10 0)
(6.78414e-11 -1.9765e-10 0)
(7.45452e-11 -1.89608e-10 0)
(8.09802e-11 -1.79713e-10 0)
(8.7059e-11 -1.68149e-10 0)
(9.27251e-11 -1.55139e-10 0)
(9.79325e-11 -1.40856e-10 0)
(1.02643e-10 -1.25521e-10 0)
(1.06801e-10 -1.09284e-10 0)
(1.10378e-10 -9.23513e-11 0)
(1.13348e-10 -7.48833e-11 0)
(1.1569e-10 -5.70499e-11 0)
(1.17407e-10 -3.89929e-11 0)
(1.18504e-10 -2.08788e-11 0)
(1.18988e-10 -2.84067e-12 0)
(1.1885e-10 1.49522e-11 0)
(1.18098e-10 3.23598e-11 0)
(1.16742e-10 4.92374e-11 0)
(1.14802e-10 6.54844e-11 0)
(1.12293e-10 8.09909e-11 0)
(1.09236e-10 9.56816e-11 0)
(1.05665e-10 1.09469e-10 0)
(1.01617e-10 1.22281e-10 0)
(9.71282e-11 1.34048e-10 0)
(9.22477e-11 1.4469e-10 0)
(8.70244e-11 1.54157e-10 0)
(8.14993e-11 1.62388e-10 0)
(7.57191e-11 1.69312e-10 0)
(6.97431e-11 1.74867e-10 0)
(6.36244e-11 1.78984e-10 0)
(5.74001e-11 1.81601e-10 0)
(5.11514e-11 1.82635e-10 0)
(4.49793e-11 1.81998e-10 0)
(3.88909e-11 1.79589e-10 0)
(3.29686e-11 1.75294e-10 0)
(2.74838e-11 1.68953e-10 0)
(2.22857e-11 1.60388e-10 0)
(1.74127e-11 1.4945e-10 0)
(1.32708e-11 1.35891e-10 0)
(9.28248e-12 1.19293e-10 0)
(5.78264e-12 9.95826e-11 0)
(3.04513e-12 7.67057e-11 0)
(8.81424e-13 4.89787e-11 0)
(7.27102e-14 1.83653e-11 0)
(-5.0673e-13 -2.33517e-11 0)
(1.3328e-12 -6.28024e-11 0)
(2.34923e-12 -9.76283e-11 0)
(3.99647e-12 -1.27246e-10 0)
(6.74918e-12 -1.51894e-10 0)
(1.00458e-11 -1.7194e-10 0)
(1.32235e-11 -1.87717e-10 0)
(1.70258e-11 -1.99525e-10 0)
(2.13711e-11 -2.07696e-10 0)
(2.57524e-11 -2.12495e-10 0)
(3.02507e-11 -2.14187e-10 0)
(3.48728e-11 -2.13076e-10 0)
(3.95391e-11 -2.09354e-10 0)
(4.4098e-11 -2.03266e-10 0)
(4.85289e-11 -1.95032e-10 0)
(5.27934e-11 -1.84873e-10 0)
(5.68277e-11 -1.73006e-10 0)
(6.05859e-11 -1.59632e-10 0)
(6.40382e-11 -1.44959e-10 0)
(6.71551e-11 -1.29171e-10 0)
(6.99068e-11 -1.12488e-10 0)
(7.22679e-11 -9.50652e-11 0)
(7.42321e-11 -7.71026e-11 0)
(7.57782e-11 -5.87473e-11 0)
(7.69005e-11 -4.01683e-11 0)
(7.76104e-11 -2.15064e-11 0)
(7.79065e-11 -2.93743e-12 0)
(7.77772e-11 1.53802e-11 0)
(7.72339e-11 3.32766e-11 0)
(7.62829e-11 5.06278e-11 0)
(7.49303e-11 6.7336e-11 0)
(7.32019e-11 8.32973e-11 0)
(7.11228e-11 9.84169e-11 0)
(6.87043e-11 1.12613e-10 0)
(6.5978e-11 1.25796e-10 0)
(6.29564e-11 1.37897e-10 0)
(5.96771e-11 1.48853e-10 0)
(5.61876e-11 1.58594e-10 0)
(5.25009e-11 1.67049e-10 0)
(4.86516e-11 1.74158e-10 0)
(4.46902e-11 1.79853e-10 0)
(4.0653e-11 1.84068e-10 0)
(3.65448e-11 1.86724e-10 0)
(3.24525e-11 1.87752e-10 0)
(2.84428e-11 1.87059e-10 0)
(2.44976e-11 1.84535e-10 0)
(2.06883e-11 1.80044e-10 0)
(1.72301e-11 1.73448e-10 0)
(1.40253e-11 1.64591e-10 0)
(1.09921e-11 1.53245e-10 0)
(8.33948e-12 1.39176e-10 0)
(6.08994e-12 1.22283e-10 0)
(3.9902e-12 1.02022e-10 0)
(1.69063e-12 7.78524e-11 0)
(4.53694e-13 5.04098e-11 0)
(-1.69973e-13 1.85415e-11 0)
(-4.62756e-13 -2.35769e-11 0)
(8.53193e-13 -6.35289e-11 0)
(1.18886e-12 -9.88503e-11 0)
(1.67168e-12 -1.28872e-10 0)
(3.0279e-12 -1.53913e-10 0)
(4.65292e-12 -1.74304e-10 0)
(5.9425e-12 -1.90386e-10 0)
(7.6704e-12 -2.02454e-10 0)
(9.78747e-12 -2.10825e-10 0)
(1.18522e-11 -2.15787e-10 0)
(1.40167e-11 -2.17597e-10 0)
(1.6255e-11 -2.16505e-10 0)
(1.85546e-11 -2.12765e-10 0)
(2.07793e-11 -2.06607e-10 0)
(2.29706e-11 -1.98269e-10 0)
(2.50839e-11 -1.87957e-10 0)
(2.70788e-11 -1.75908e-10 0)
(2.89359e-11 -1.62319e-10 0)
(3.06499e-11 -1.47408e-10 0)
(3.2186e-11 -1.31362e-10 0)
(3.35302e-11 -1.14399e-10 0)
(3.4683e-11 -9.66915e-11 0)
(3.56302e-11 -7.84302e-11 0)
(3.63786e-11 -5.97652e-11 0)
(3.69313e-11 -4.08561e-11 0)
(3.72762e-11 -2.18507e-11 0)
(3.73868e-11 -2.94875e-12 0)
(3.72414e-11 1.56862e-11 0)
(3.68567e-11 3.38881e-11 0)
(3.62888e-11 5.15304e-11 0)
(3.55467e-11 6.85126e-11 0)
(3.46185e-11 8.47467e-11 0)
(3.35116e-11 1.00127e-10 0)
(3.22321e-11 1.14562e-10 0)
(3.07964e-11 1.27974e-10 0)
(2.92331e-11 1.40267e-10 0)
(2.75541e-11 1.51405e-10 0)
(2.5772e-11 1.61291e-10 0)
(2.39059e-11 1.69867e-10 0)
(2.19769e-11 1.77068e-10 0)
(2.00163e-11 1.8283e-10 0)
(1.80495e-11 1.87081e-10 0)
(1.60593e-11 1.89752e-10 0)
(1.40775e-11 1.9076e-10 0)
(1.21835e-11 1.89994e-10 0)
(1.03636e-11 1.87365e-10 0)
(8.63791e-12 1.82742e-10 0)
(7.22864e-12 1.75971e-10 0)
(5.89932e-12 1.66873e-10 0)
(4.61307e-12 1.55304e-10 0)
(3.90625e-12 1.41052e-10 0)
(2.90029e-12 1.23592e-10 0)
(1.49757e-12 1.03036e-10 0)
(1.12775e-12 7.91171e-11 0)
(2.8877e-13 5.05128e-11 0)
(1.33042e-13 1.87228e-11 0)
(-4.50423e-13 -2.35876e-11 0)
(3.9166e-13 -6.36803e-11 0)
(2.43528e-14 -9.9093e-11 0)
(-5.31584e-13 -1.29197e-10 0)
(-5.59035e-13 -1.54355e-10 0)
(-5.77895e-13 -1.74873e-10 0)
(-1.1524e-12 -1.91078e-10 0)
(-1.45994e-12 -2.03277e-10 0)
(-1.51806e-12 -2.11758e-10 0)
(-1.70918e-12 -2.16802e-10 0)
(-1.91268e-12 -2.18667e-10 0)
(-1.97807e-12 -2.17607e-10 0)
(-2.0235e-12 -2.13884e-10 0)
(-2.07554e-12 -2.07715e-10 0)
(-2.10501e-12 -1.99347e-10 0)
(-2.11474e-12 -1.89004e-10 0)
(-2.12783e-12 -1.76896e-10 0)
(-2.14498e-12 -1.63231e-10 0)
(-2.16461e-12 -1.48222e-10 0)
(-2.19571e-12 -1.32085e-10 0)
(-2.24131e-12 -1.15001e-10 0)
(-2.29369e-12 -9.71765e-11 0)
(-2.33231e-12 -7.87754e-11 0)
(-2.34977e-12 -5.99721e-11 0)
(-2.35625e-12 -4.09375e-11 0)
(-2.39172e-12 -2.18519e-11 0)
(-2.48958e-12 -2.88403e-12 0)
(-2.64771e-12 1.58083e-11 0)
(-2.84162e-12 3.40962e-11 0)
(-3.02705e-12 5.18635e-11 0)
(-3.18876e-12 6.89697e-11 0)
(-3.3386e-12 8.53089e-11 0)
(-3.48863e-12 1.00782e-10 0)
(-3.63242e-12 1.15301e-10 0)
(-3.77889e-12 1.28781e-10 0)
(-3.90796e-12 1.41155e-10 0)
(-4.01515e-12 1.52329e-10 0)
(-4.10946e-12 1.62252e-10 0)
(-4.17458e-12 1.7085e-10 0)
(-4.21053e-12 1.78063e-10 0)
(-4.20284e-12 1.83823e-10 0)
(-4.1433e-12 1.88064e-10 0)
(-4.05727e-12 1.90714e-10 0)
(-3.92627e-12 1.91681e-10 0)
(-3.69663e-12 1.9086e-10 0)
(-3.42537e-12 1.88153e-10 0)
(-3.11432e-12 1.83448e-10 0)
(-2.60389e-12 1.76577e-10 0)
(-1.98846e-12 1.67384e-10 0)
(-1.3852e-12 1.55699e-10 0)
(-9.6407e-13 1.41253e-10 0)
(-3.65509e-13 1.23903e-10 0)
(4.61223e-13 1.03299e-10 0)
(-3.68452e-13 7.87224e-11 0)
(-5.76945e-13 5.07353e-11 0)
(-1.37003e-13 1.85897e-11 0)
(-4.48659e-13 -2.34542e-11 0)
(4.23404e-15 -6.31971e-11 0)
(-9.96332e-13 -9.83831e-11 0)
(-2.66593e-12 -1.28279e-10 0)
(-4.05485e-12 -1.53278e-10 0)
(-5.67686e-12 -1.73699e-10 0)
(-8.07939e-12 -1.89836e-10 0)
(-1.03925e-11 -2.02007e-10 0)
(-1.25818e-11 -2.10482e-10 0)
(-1.50014e-11 -2.15529e-10 0)
(-1.74993e-11 -2.17409e-10 0)
(-1.98216e-11 -2.16389e-10 0)
(-2.21659e-11 -2.12705e-10 0)
(-2.44557e-11 -2.06597e-10 0)
(-2.66673e-11 -1.98286e-10 0)
(-2.87664e-11 -1.88006e-10 0)
(-3.07451e-11 -1.7596e-10 0)
(-3.25965e-11 -1.62361e-10 0)
(-3.4311e-11 -1.47417e-10 0)
(-3.58747e-11 -1.31337e-10 0)
(-3.72785e-11 -1.14302e-10 0)
(-3.84976e-11 -9.65048e-11 0)
(-3.95119e-11 -7.81372e-11 0)
(-4.03227e-11 -5.94042e-11 0)
(-4.09404e-11 -4.04745e-11 0)
(-4.13867e-11 -2.15489e-11 0)
(-4.16818e-11 -2.74756e-12 0)
(-4.18278e-11 1.57962e-11 0)
(-4.17905e-11 3.39727e-11 0)
(-4.15528e-11 5.16418e-11 0)
(-4.11252e-11 6.86863e-11 0)
(-4.05106e-11 8.49626e-11 0)
(-3.97165e-11 1.00376e-10 0)
(-3.87573e-11 1.14829e-10 0)
(-3.76304e-11 1.28235e-10 0)
(-3.63497e-11 1.40529e-10 0)
(-3.49208e-11 1.51627e-10 0)
(-3.33456e-11 1.61472e-10 0)
(-3.16439e-11 1.69997e-10 0)
(-2.98172e-11 1.77134e-10 0)
(-2.78703e-11 1.82831e-10 0)
(-2.58161e-11 1.87011e-10 0)
(-2.36892e-11 1.89595e-10 0)
(-2.14991e-11 1.90496e-10 0)
(-1.92072e-11 1.89641e-10 0)
(-1.68926e-11 1.86897e-10 0)
(-1.4592e-11 1.8216e-10 0)
(-1.21142e-11 1.75275e-10 0)
(-9.71383e-12 1.66075e-10 0)
(-7.54753e-12 1.54426e-10 0)
(-5.06152e-12 1.4009e-10 0)
(-3.21637e-12 1.22685e-10 0)
(-2.51095e-12 1.02202e-10 0)
(-6.52119e-13 7.82083e-11 0)
(-2.62215e-13 4.9914e-11 0)
(1.75922e-13 1.84066e-11 0)
(-5.77134e-13 -2.29976e-11 0)
(-3.12392e-13 -6.22269e-11 0)
(-2.12092e-12 -9.6774e-11 0)
(-4.73492e-12 -1.26132e-10 0)
(-7.45833e-12 -1.50733e-10 0)
(-1.06626e-11 -1.70822e-10 0)
(-1.48535e-11 -1.86698e-10 0)
(-1.91269e-11 -1.98681e-10 0)
(-2.33956e-11 -2.07028e-10 0)
(-2.79862e-11 -2.12005e-10 0)
(-3.26847e-11 -2.13881e-10 0)
(-3.7296e-11 -2.12889e-10 0)
(-4.18686e-11 -2.09264e-10 0)
(-4.63598e-11 -2.03257e-10 0)
(-5.06996e-11 -1.95086e-10 0)
(-5.48376e-11 -1.84962e-10 0)
(-5.87427e-11 -1.731e-10 0)
(-6.2393e-11 -1.59712e-10 0)
(-6.57607e-11 -1.45001e-10 0)
(-6.88099e-11 -1.29155e-10 0)
(-7.15166e-11 -1.12378e-10 0)
(-7.38744e-11 -9.48482e-11 0)
(-7.58717e-11 -7.6765e-11 0)
(-7.7482e-11 -5.83113e-11 0)
(-7.87178e-11 -3.96849e-11 0)
(-7.95823e-11 -2.10407e-11 0)
(-8.00579e-11 -2.53243e-12 0)
(-8.01523e-11 1.57366e-11 0)
(-7.98721e-11 3.36414e-11 0)
(-7.92076e-11 5.10492e-11 0)
(-7.81772e-11 6.78195e-11 0)
(-7.68017e-11 8.38386e-11 0)
(-7.50813e-11 9.89875e-11 0)
(-7.30359e-11 1.13199e-10 0)
(-7.0675e-11 1.26378e-10 0)
(-6.80106e-11 1.38446e-10 0)
(-6.50645e-11 1.4934e-10 0)
(-6.18608e-11 1.58991e-10 0)
(-5.84254e-11 1.67333e-10 0)
(-5.47715e-11 1.7432e-10 0)
(-5.09211e-11 1.79873e-10 0)
(-4.69159e-11 1.83937e-10 0)
(-4.28002e-11 1.86428e-10 0)
(-3.85965e-11 1.87266e-10 0)
(-3.42976e-11 1.86359e-10 0)
(-2.99901e-11 1.83615e-10 0)
(-2.57391e-11 1.78901e-10 0)
(-2.1443e-11 1.72087e-10 0)
(-1.71848e-11 1.6302e-10 0)
(-1.31651e-11 1.51507e-10 0)
(-9.81841e-12 1.37339e-10 0)
(-6.48842e-12 1.20426e-10 0)
(-2.9324e-12 1.00091e-10 0)
(-2.22357e-12 7.62393e-11 0)
(-1.52874e-12 4.91467e-11 0)
(-4.03881e-14 1.80186e-11 0)
(-4.12251e-13 -2.23823e-11 0)
(-6.91015e-13 -6.06396e-11 0)
(-3.05487e-12 -9.42727e-11 0)
(-6.78093e-12 -1.22827e-10 0)
(-1.08313e-11 -1.46746e-10 0)
(-1.55477e-11 -1.66269e-10 0)
(-2.14891e-11 -1.81699e-10 0)
(-2.76834e-11 -1.93345e-10 0)
(-3.39845e-11 -2.01456e-10 0)
(-4.07016e-11 -2.06296e-10 0)
(-4.75718e-11 -2.08115e-10 0)
(-5.43814e-11 -2.07146e-10 0)
(-6.11351e-11 -2.03619e-10 0)
(-6.77765e-11 -1.97766e-10 0)
(-7.41955e-11 -1.89803e-10 0)
(-8.03191e-11 -1.7994e-10 0)
(-8.61076e-11 -1.68382e-10 0)
(-9.15154e-11 -1.55341e-10 0)
(-9.64878e-11 -1.41006e-10 0)
(-1.00992e-10 -1.25574e-10 0)
(-1.04999e-10 -1.09234e-10 0)
(-1.0847e-10 -9.21816e-11 0)
(-1.11387e-10 -7.45832e-11 0)
(-1.13753e-10 -5.66274e-11 0)
(-1.15557e-10 -3.84825e-11 0)
(-1.1679e-10 -2.02958e-11 0)
(-1.17434e-10 -2.2106e-12 0)
(-1.17485e-10 1.56209e-11 0)
(-1.16962e-10 3.30718e-11 0)
(-1.15889e-10 5.0008e-11 0)
(-1.1429e-10 6.6315e-11 0)
(-1.12176e-10 8.18812e-11 0)
(-1.09542e-10 9.66156e-11 0)
(-1.06413e-10 1.10419e-10 0)
(-1.02831e-10 1.2322e-10 0)
(-9.88132e-11 1.3493e-10 0)
(-9.43882e-11 1.45494e-10 0)
(-8.95933e-11 1.54838e-10 0)
(-8.44555e-11 1.62914e-10 0)
(-7.90196e-11 1.69656e-10 0)
(-7.33243e-11 1.75003e-10 0)
(-6.74101e-11 1.78891e-10 0)
(-6.1356e-11 1.81258e-10 0)
(-5.51996e-11 1.82015e-10 0)
(-4.89412e-11 1.81081e-10 0)
(-4.27021e-11 1.78361e-10 0)
(-3.65715e-11 1.73741e-10 0)
(-3.03887e-11 1.67083e-10 0)
(-2.44778e-11 1.58221e-10 0)
(-1.90605e-11 1.47011e-10 0)
(-1.35032e-11 1.33259e-10 0)
(-8.98784e-12 1.16593e-10 0)
(-6.19257e-12 9.69362e-11 0)
(-2.36683e-12 7.42582e-11 0)
(-9.52503e-13 4.7437e-11 0)
(3.08714e-13 1.75661e-11 0)
(-5.29304e-13 -2.16422e-11 0)
(-9.96455e-13 -5.83741e-11 0)
(-4.13621e-12 -9.08704e-11 0)
(-8.77755e-12 -1.1833e-10 0)
(-1.41105e-11 -1.41281e-10 0)
(-2.03527e-11 -1.60047e-10 0)
(-2.80183e-11 -1.74855e-10 0)
(-3.60922e-11 -1.86023e-10 0)
(-4.43859e-11 -1.938e-10 0)
(-5.31748e-11 -1.98434e-10 0)
(-6.21646e-11 -2.0016e-10 0)
(-7.11161e-11 -1.99214e-10 0)
(-7.99969e-11 -1.95811e-10 0)
(-8.87208e-11 -1.9017e-10 0)
(-9.7159e-11 -1.82491e-10 0)
(-1.05216e-10 -1.72985e-10 0)
(-1.12831e-10 -1.61851e-10 0)
(-1.19938e-10 -1.49287e-10 0)
(-1.26476e-10 -1.35476e-10 0)
(-1.32389e-10 -1.2062e-10 0)
(-1.37639e-10 -1.04881e-10 0)
(-1.42191e-10 -8.84545e-11 0)
(-1.46022e-10 -7.15008e-11 0)
(-1.49111e-10 -5.42151e-11 0)
(-1.51436e-10 -3.67289e-11 0)
(-1.52986e-10 -1.92223e-11 0)
(-1.53765e-10 -1.80728e-12 0)
(-1.53785e-10 1.53484e-11 0)
(-1.53057e-10 3.21398e-11 0)
(-1.51587e-10 4.84172e-11 0)
(-1.49401e-10 6.41059e-11 0)
(-1.46527e-10 7.90669e-11 0)
(-1.42987e-10 9.32426e-11 0)
(-1.38814e-10 1.0649e-10 0)
(-1.34042e-10 1.18777e-10 0)
(-1.287e-10 1.29995e-10 0)
(-1.22827e-10 1.40118e-10 0)
(-1.16475e-10 1.49045e-10 0)
(-1.09689e-10 1.56765e-10 0)
(-1.02525e-10 1.63173e-10 0)
(-9.50302e-11 1.68265e-10 0)
(-8.72688e-11 1.71932e-10 0)
(-7.93305e-11 1.74152e-10 0)
(-7.12765e-11 1.74808e-10 0)
(-6.31233e-11 1.73869e-10 0)
(-5.50024e-11 1.71202e-10 0)
(-4.70304e-11 1.66734e-10 0)
(-3.91652e-11 1.60289e-10 0)
(-3.15026e-11 1.51778e-10 0)
(-2.42682e-11 1.40974e-10 0)
(-1.81093e-11 1.27699e-10 0)
(-1.21697e-11 1.11835e-10 0)
(-6.16486e-12 9.29545e-11 0)
(-4.1429e-12 7.07997e-11 0)
(-2.34814e-12 4.56726e-11 0)
(-1.69585e-13 1.67686e-11 0)
(-3.82434e-13 -2.06463e-11 0)
(-1.45288e-12 -5.5657e-11 0)
(-5.02106e-12 -8.65318e-11 0)
(-1.07116e-11 -1.1264e-10 0)
(-1.73853e-11 -1.34424e-10 0)
(-2.51361e-11 -1.52221e-10 0)
(-3.44696e-11 -1.66238e-10 0)
(-4.43898e-11 -1.76794e-10 0)
(-5.46313e-11 -1.84147e-10 0)
(-6.54392e-11 -1.8851e-10 0)
(-7.64961e-11 -1.90126e-10 0)
(-8.75285e-11 -1.89192e-10 0)
(-9.84722e-11 -1.85946e-10 0)
(-1.09216e-10 -1.80551e-10 0)
(-1.19607e-10 -1.73251e-10 0)
(-1.29537e-10 -1.64187e-10 0)
(-1.38921e-10 -1.53606e-10 0)
(-1.47674e-10 -1.41628e-10 0)
(-1.55723e-10 -1.28519e-10 0)
(-1.62996e-10 -1.14362e-10 0)
(-1.69445e-10 -9.94298e-11 0)
(-1.75023e-10 -8.37825e-11 0)
(-1.7971e-10 -6.77026e-11 0)
(-1.8348e-10 -5.12191e-11 0)
(-1.86314e-10 -3.46219e-11 0)
(-1.88195e-10 -1.79221e-11 0)
(-1.89108e-10 -1.411e-12 0)
(-1.89062e-10 1.49452e-11 0)
(-1.88082e-10 3.08596e-11 0)
(-1.8619e-10 4.63893e-11 0)
(-1.83426e-10 6.12491e-11 0)
(-1.79817e-10 7.55131e-11 0)
(-1.75397e-10 8.89011e-11 0)
(-1.70195e-10 1.01513e-10 0)
(-1.64255e-10 1.13089e-10 0)
(-1.57619e-10 1.23756e-10 0)
(-1.50344e-10 1.33258e-10 0)
(-1.42483e-10 1.41731e-10 0)
(-1.34095e-10 1.48934e-10 0)
(-1.25247e-10 1.55005e-10 0)
(-1.16008e-10 1.59714e-10 0)
(-1.06459e-10 1.6318e-10 0)
(-9.67073e-11 1.65174e-10 0)
(-8.68175e-11 1.65784e-10 0)
(-7.68218e-11 1.64797e-10 0)
(-6.68949e-11 1.62265e-10 0)
(-5.71789e-11 1.57947e-10 0)
(-4.75337e-11 1.51857e-10 0)
(-3.83402e-11 1.43716e-10 0)
(-2.99072e-11 1.33494e-10 0)
(-2.14858e-11 1.20955e-10 0)
(-1.45086e-11 1.05674e-10 0)
(-9.86736e-12 8.77881e-11 0)
(-4.05788e-12 6.73039e-11 0)
(-1.41651e-12 4.29281e-11 0)
(2.65563e-13 1.58671e-11 0)
(-4.33281e-13 -1.9504e-11 0)
(-1.86643e-12 -5.24084e-11 0)
(-6.05833e-12 -8.13519e-11 0)
(-1.27245e-11 -1.05791e-10 0)
(-2.06713e-11 -1.26148e-10 0)
(-2.99039e-11 -1.42811e-10 0)
(-4.08864e-11 -1.55887e-10 0)
(-5.2619e-11 -1.65722e-10 0)
(-6.47659e-11 -1.72558e-10 0)
(-7.75427e-11 -1.76621e-10 0)
(-9.05991e-11 -1.78087e-10 0)
(-1.03649e-10 -1.77202e-10 0)
(-1.16586e-10 -1.74116e-10 0)
(-1.29289e-10 -1.69063e-10 0)
(-1.41572e-10 -1.62159e-10 0)
(-1.53308e-10 -1.53674e-10 0)
(-1.64388e-10 -1.43705e-10 0)
(-1.74736e-10 -1.32517e-10 0)
(-1.84236e-10 -1.20165e-10 0)
(-1.92821e-10 -1.06938e-10 0)
(-2.00416e-10 -9.28794e-11 0)
(-2.06991e-10 -7.82728e-11 0)
(-2.12488e-10 -6.31431e-11 0)
(-2.16894e-10 -4.77563e-11 0)
(-2.20175e-10 -3.21314e-11 0)
(-2.22332e-10 -1.65314e-11 0)
(-2.2334e-10 -9.57549e-13 0)
(-2.23224e-10 1.43192e-11 0)
(-2.21998e-10 2.93191e-11 0)
(-2.19692e-10 4.37984e-11 0)
(-2.16345e-10 5.77982e-11 0)
(-2.12013e-10 7.10843e-11 0)
(-2.06722e-10 8.36958e-11 0)
(-2.00518e-10 9.54178e-11 0)
(-1.93442e-10 1.063e-10 0)
(-1.8555e-10 1.16149e-10 0)
(-1.76909e-10 1.25053e-10 0)
(-1.67584e-10 1.32834e-10 0)
(-1.57647e-10 1.39571e-10 0)
(-1.47171e-10 1.45089e-10 0)
(-1.36249e-10 1.49474e-10 0)
(-1.24965e-10 1.52569e-10 0)
(-1.1346e-10 1.54435e-10 0)
(-1.01797e-10 1.54912e-10 0)
(-9.00444e-11 1.54011e-10 0)
(-7.83703e-11 1.51562e-10 0)
(-6.69391e-11 1.47543e-10 0)
(-5.57528e-11 1.41774e-10 0)
(-4.49502e-11 1.34211e-10 0)
(-3.47165e-11 1.24649e-10 0)
(-2.60946e-11 1.12792e-10 0)
(-1.78591e-11 9.8724e-11 0)
(-9.31734e-12 8.21439e-11 0)
(-5.94796e-12 6.2349e-11 0)
(-3.23842e-12 4.03545e-11 0)
(-1.11007e-13 1.47118e-11 0)
(-3.10168e-13 -1.81315e-11 0)
(-2.38074e-12 -4.86743e-11 0)
(-7.07839e-12 -7.52733e-11 0)
(-1.47302e-11 -9.78692e-11 0)
(-2.40496e-11 -1.165e-10 0)
(-3.4774e-11 -1.31786e-10 0)
(-4.73333e-11 -1.43798e-10 0)
(-6.08306e-11 -1.52799e-10 0)
(-7.4848e-11 -1.59028e-10 0)
(-8.95277e-11 -1.62735e-10 0)
(-1.04534e-10 -1.64049e-10 0)
(-1.1953e-10 -1.63216e-10 0)
(-1.34398e-10 -1.60319e-10 0)
(-1.4896e-10 -1.55655e-10 0)
(-1.63063e-10 -1.49243e-10 0)
(-1.76545e-10 -1.41439e-10 0)
(-1.89288e-10 -1.32187e-10 0)
(-2.01142e-10 -1.21901e-10 0)
(-2.12033e-10 -1.10453e-10 0)
(-2.21865e-10 -9.83078e-11 0)
(-2.30571e-10 -8.52702e-11 0)
(-2.38077e-10 -7.18736e-11 0)
(-2.44343e-10 -5.78236e-11 0)
(-2.49339e-10 -4.37343e-11 0)
(-2.53046e-10 -2.92148e-11 0)
(-2.55439e-10 -1.495e-11 0)
(-2.56524e-10 -4.73258e-13 0)
(-2.56309e-10 1.3467e-11 0)
(-2.54814e-10 2.74235e-11 0)
(-2.52069e-10 4.06183e-11 0)
(-2.48135e-10 5.36664e-11 0)
(-2.43072e-10 6.57544e-11 0)
(-2.36924e-10 7.75315e-11 0)
(-2.29745e-10 8.81342e-11 0)
(-2.21587e-10 9.82829e-11 0)
(-2.12488e-10 1.07127e-10 0)
(-2.0252e-10 1.1543e-10 0)
(-1.91778e-10 1.22347e-10 0)
(-1.80345e-10 1.28623e-10 0)
(-1.6831e-10 1.33449e-10 0)
(-1.55749e-10 1.3756e-10 0)
(-1.42787e-10 1.4019e-10 0)
(-1.29555e-10 1.42005e-10 0)
(-1.16187e-10 1.42271e-10 0)
(-1.02736e-10 1.41542e-10 0)
(-8.94215e-11 1.39146e-10 0)
(-7.64026e-11 1.35561e-10 0)
(-6.35639e-11 1.30155e-10 0)
(-5.13135e-11 1.23304e-10 0)
(-4.02108e-11 1.14375e-10 0)
(-2.9215e-11 1.03743e-10 0)
(-1.97665e-11 9.07033e-11 0)
(-1.35542e-11 7.52395e-11 0)
(-5.7746e-12 5.75376e-11 0)
(-1.89505e-12 3.70586e-11 0)
(3.72797e-13 1.35715e-11 0)
(-2.00457e-13 -1.66968e-11 0)
(-2.75013e-12 -4.45856e-11 0)
(-8.207e-12 -6.87468e-11 0)
(-1.68949e-11 -8.91798e-11 0)
(-2.73925e-11 -1.06009e-10 0)
(-3.96869e-11 -1.19624e-10 0)
(-5.38593e-11 -1.30413e-10 0)
(-6.90532e-11 -1.3842e-10 0)
(-8.489e-11 -1.44011e-10 0)
(-1.01447e-10 -1.47235e-10 0)
(-1.18336e-10 -1.48454e-10 0)
(-1.3519e-10 -1.47574e-10 0)
(-1.51917e-10 -1.45066e-10 0)
(-1.68299e-10 -1.40699e-10 0)
(-1.84172e-10 -1.35082e-10 0)
(-1.99304e-10 -1.27829e-10 0)
(-2.13614e-10 -1.19695e-10 0)
(-2.26933e-10 -1.10122e-10 0)
(-2.39169e-10 -1.00049e-10 0)
(-2.50176e-10 -8.87446e-11 0)
(-2.59936e-10 -7.7297e-11 0)
(-2.6831e-10 -6.47936e-11 0)
(-2.7532e-10 -5.24773e-11 0)
(-2.80855e-10 -3.92815e-11 0)
(-2.84955e-10 -2.65705e-11 0)
(-2.87553e-10 -1.31462e-11 0)
(-2.88696e-10 -5.04943e-13 0)
(-2.88345e-10 1.26712e-11 0)
(-2.86566e-10 2.47865e-11 0)
(-2.83357e-10 3.72999e-11 0)
(-2.78824e-10 4.85522e-11 0)
(-2.73018e-10 6.00599e-11 0)
(-2.66046e-10 7.00919e-11 0)
(-2.57915e-10 8.02381e-11 0)
(-2.48682e-10 8.87677e-11 0)
(-2.38396e-10 9.73475e-11 0)
(-2.27146e-10 1.04227e-10 0)
(-2.15047e-10 1.11057e-10 0)
(-2.02166e-10 1.16131e-10 0)
(-1.8861e-10 1.21049e-10 0)
(-1.74453e-10 1.24216e-10 0)
(-1.59872e-10 1.27131e-10 0)
(-1.44994e-10 1.28272e-10 0)
(-1.3001e-10 1.28961e-10 0)
(-1.14938e-10 1.27845e-10 0)
(-1.00031e-10 1.26071e-10 0)
(-8.5424e-11 1.22432e-10 0)
(-7.12202e-11 1.17881e-10 0)
(-5.75578e-11 1.1135e-10 0)
(-4.46197e-11 1.03676e-10 0)
(-3.35126e-11 9.38475e-11 0)
(-2.33945e-11 8.21437e-11 0)
(-1.26776e-11 6.86073e-11 0)
(-7.37748e-12 5.2459e-11 0)
(-3.79477e-12 3.36895e-11 0)
(2.70379e-13 1.25821e-11 0)
(-2.33827e-13 -1.52531e-11 0)
(-3.21761e-12 -3.99436e-11 0)
(-9.39667e-12 -6.15386e-11 0)
(-1.91738e-11 -7.94202e-11 0)
(-3.093e-11 -9.42991e-11 0)
(-4.46565e-11 -1.06164e-10 0)
(-6.04326e-11 -1.15489e-10 0)
(-7.7331e-11 -1.22489e-10 0)
(-9.49229e-11 -1.27286e-10 0)
(-1.13321e-10 -1.30117e-10 0)
(-1.32017e-10 -1.3107e-10 0)
(-1.50752e-10 -1.30365e-10 0)
(-1.6924e-10 -1.28055e-10 0)
(-1.87403e-10 -1.24337e-10 0)
(-2.04901e-10 -1.19254e-10 0)
(-2.21688e-10 -1.13025e-10 0)
(-2.37446e-10 -1.05684e-10 0)
(-2.52183e-10 -9.74461e-11 0)
(-2.6563e-10 -8.83325e-11 0)
(-2.77825e-10 -7.8605e-11 0)
(-2.8851e-10 -6.82342e-11 0)
(-2.97758e-10 -5.7479e-11 0)
(-3.05374e-10 -4.63084e-11 0)
(-3.11447e-10 -3.4932e-11 0)
(-3.15829e-10 -2.33609e-11 0)
(-3.18625e-10 -1.17548e-11 0)
(-3.19731e-10 -1.99483e-13 0)
(-3.1927e-10 1.11691e-11 0)
(-3.17152e-10 2.22622e-11 0)
(-3.13502e-10 3.29922e-11 0)
(-3.08357e-10 4.32946e-11 0)
(-3.01877e-10 5.31008e-11 0)
(-2.94062e-10 6.22921e-11 0)
(-2.84993e-10 7.08557e-11 0)
(-2.74678e-10 7.86981e-11 0)
(-2.63205e-10 8.58779e-11 0)
(-2.50694e-10 9.22912e-11 0)
(-2.37225e-10 9.80127e-11 0)
(-2.22961e-10 1.02809e-10 0)
(-2.07907e-10 1.06871e-10 0)
(-1.92261e-10 1.09996e-10 0)
(-1.76098e-10 1.12318e-10 0)
(-1.59744e-10 1.13614e-10 0)
(-1.43178e-10 1.13998e-10 0)
(-1.26644e-10 1.13229e-10 0)
(-1.1022e-10 1.11442e-10 0)
(-9.42663e-11 1.08365e-10 0)
(-7.85296e-11 1.04177e-10 0)
(-6.35312e-11 9.86271e-11 0)
(-4.97646e-11 9.16992e-11 0)
(-3.67308e-11 8.30532e-11 0)
(-2.4793e-11 7.33793e-11 0)
(-1.66698e-11 6.09676e-11 0)
(-7.5791e-12 4.67289e-11 0)
(-2.08078e-12 3.05308e-11 0)
(2.28106e-13 1.14674e-11 0)
(-5.22392e-13 -1.34676e-11 0)
(-3.49795e-12 -3.48233e-11 0)
(-1.07722e-11 -5.32354e-11 0)
(-2.16236e-11 -6.80891e-11 0)
(-3.46775e-11 -8.0387e-11 0)
(-4.9739e-11 -9.02171e-11 0)
(-6.71443e-11 -9.78776e-11 0)
(-8.56965e-11 -1.03699e-10 0)
(-1.05033e-10 -1.07592e-10 0)
(-1.25177e-10 -1.10002e-10 0)
(-1.45701e-10 -1.1065e-10 0)
(-1.66169e-10 -1.10143e-10 0)
(-1.86435e-10 -1.07987e-10 0)
(-2.0624e-10 -1.05035e-10 0)
(-2.25406e-10 -1.00478e-10 0)
(-2.43664e-10 -9.54922e-11 0)
(-2.60899e-10 -8.89203e-11 0)
(-2.76901e-10 -8.23266e-11 0)
(-2.91609e-10 -7.41625e-11 0)
(-3.04807e-10 -6.63798e-11 0)
(-3.16465e-10 -5.70339e-11 0)
(-3.26438e-10 -4.84732e-11 0)
(-3.34698e-10 -3.83563e-11 0)
(-3.41179e-10 -2.94268e-11 0)
(-3.45865e-10 -1.88709e-11 0)
(-3.48754e-10 -9.80919e-12 0)
(-3.49867e-10 8.30924e-13 0)
(-3.49185e-10 9.55934e-12 0)
(-3.46765e-10 1.97549e-11 0)
(-3.42622e-10 2.77028e-11 0)
(-3.36878e-10 3.71032e-11 0)
(-3.29662e-10 4.40852e-11 0)
(-3.21049e-10 5.26074e-11 0)
(-3.11049e-10 5.86944e-11 0)
(-2.99678e-10 6.63674e-11 0)
(-2.87026e-10 7.14469e-11 0)
(-2.73197e-10 7.79971e-11 0)
(-2.58467e-10 8.18455e-11 0)
(-2.42812e-10 8.70603e-11 0)
(-2.26338e-10 8.96811e-11 0)
(-2.09198e-10 9.34244e-11 0)
(-1.91608e-10 9.44777e-11 0)
(-1.73735e-10 9.64497e-11 0)
(-1.558e-10 9.59154e-11 0)
(-1.37812e-10 9.60494e-11 0)
(-1.20066e-10 9.37905e-11 0)
(-1.02656e-10 9.19426e-11 0)
(-8.56667e-11 8.7841e-11 0)
(-6.94268e-11 8.37382e-11 0)
(-5.41943e-11 7.75216e-11 0)
(-4.03462e-11 7.10762e-11 0)
(-2.83722e-11 6.22497e-11 0)
(-1.64049e-11 5.22362e-11 0)
(-8.79684e-12 4.11131e-11 0)
(-3.59009e-12 2.61921e-11 0)
(-4.00133e-13 1.00125e-11 0)
(-1.47581e-14 -1.14405e-11 0)
(-4.2446e-12 -2.88877e-11 0)
(-1.188e-11 -4.36351e-11 0)
(-2.36884e-11 -5.53981e-11 0)
(-3.81838e-11 -6.47369e-11 0)
(-5.4766e-11 -7.24043e-11 0)
(-7.38199e-11 -7.84238e-11 0)
(-9.40568e-11 -8.27248e-11 0)
(-1.15161e-10 -8.58891e-11 0)
(-1.37042e-10 -8.75545e-11 0)
(-1.5933e-10 -8.82511e-11 0)
(-1.81517e-10 -8.75021e-11 0)
(-2.03534e-10 -8.61202e-11 0)
(-2.24953e-10 -8.33107e-11 0)
(-2.45726e-10 -8.01752e-11 0)
(-2.65428e-10 -7.55804e-11 0)
(-2.84095e-10 -7.1005e-11 0)
(-3.0132e-10 -6.4929e-11 0)
(-3.17199e-10 -5.92487e-11 0)
(-3.31359e-10 -5.19961e-11 0)
(-3.4393e-10 -4.55515e-11 0)
(-3.54584e-10 -3.75002e-11 0)
(-3.63528e-10 -3.06508e-11 0)
(-3.70388e-10 -2.21592e-11 0)
(-3.75383e-10 -1.51497e-11 0)
(-3.78325e-10 -6.39399e-12 0)
(-3.79456e-10 5.4089e-13 0)
(-3.78612e-10 9.07545e-12 0)
(-3.75983e-10 1.53159e-11 0)
(-3.71439e-10 2.30538e-11 0)
(-3.65213e-10 2.83334e-11 0)
(-3.57216e-10 3.536e-11 0)
(-3.47566e-10 4.00383e-11 0)
(-3.36308e-10 4.66298e-11 0)
(-3.23685e-10 5.08531e-11 0)
(-3.09776e-10 5.68924e-11 0)
(-2.94724e-10 6.0394e-11 0)
(-2.78635e-10 6.54968e-11 0)
(-2.61487e-10 6.81975e-11 0)
(-2.43663e-10 7.21658e-11 0)
(-2.25239e-10 7.36505e-11 0)
(-2.06416e-10 7.61815e-11 0)
(-1.87148e-10 7.62768e-11 0)
(-1.6786e-10 7.72357e-11 0)
(-1.48445e-10 7.60518e-11 0)
(-1.29363e-10 7.54898e-11 0)
(-1.10584e-10 7.29694e-11 0)
(-9.24083e-11 7.07522e-11 0)
(-7.47993e-11 6.67954e-11 0)
(-5.86023e-11 6.28237e-11 0)
(-4.33342e-11 5.70319e-11 0)
(-2.99997e-11 5.0751e-11 0)
(-1.90056e-11 4.3263e-11 0)
(-9.34262e-12 3.29454e-11 0)
(-3.22155e-12 2.23867e-11 0)
(3.81621e-13 8.25592e-12 0)
(-9.18285e-13 -8.59324e-12 0)
(-4.69156e-12 -2.19027e-11 0)
(-1.34824e-11 -3.21466e-11 0)
(-2.61225e-11 -4.11198e-11 0)
(-4.18587e-11 -4.78165e-11 0)
(-6.01413e-11 -5.35387e-11 0)
(-8.0568e-11 -5.79937e-11 0)
(-1.0253e-10 -6.12416e-11 0)
(-1.2537e-10 -6.35106e-11 0)
(-1.49038e-10 -6.48228e-11 0)
(-1.72968e-10 -6.52253e-11 0)
(-1.96977e-10 -6.47912e-11 0)
(-2.20565e-10 -6.36213e-11 0)
(-2.43726e-10 -6.17102e-11 0)
(-2.65913e-10 -5.91865e-11 0)
(-2.87203e-10 -5.60041e-11 0)
(-3.07055e-10 -5.23532e-11 0)
(-3.25652e-10 -4.81126e-11 0)
(-3.42461e-10 -4.35756e-11 0)
(-3.57735e-10 -3.85546e-11 0)
(-3.70988e-10 -3.33959e-11 0)
(-3.82502e-10 -2.78539e-11 0)
(-3.9183e-10 -2.23642e-11 0)
(-3.9927e-10 -1.65708e-11 0)
(-4.04413e-10 -1.09251e-11 0)
(-4.076e-10 -4.90641e-12 0)
(-4.0858e-10 8.05348e-13 0)
(-4.07697e-10 6.61667e-12 0)
(-4.04726e-10 1.17974e-11 0)
(-3.99872e-10 1.69066e-11 0)
(-3.92897e-10 2.14259e-11 0)
(-3.84028e-10 2.60833e-11 0)
(-3.73278e-10 3.02245e-11 0)
(-3.60873e-10 3.45716e-11 0)
(-3.46944e-10 3.83159e-11 0)
(-3.31687e-10 4.21572e-11 0)
(-3.15288e-10 4.52576e-11 0)
(-2.97699e-10 4.84731e-11 0)
(-2.79389e-10 5.08225e-11 0)
(-2.60239e-10 5.32484e-11 0)
(-2.40576e-10 5.46941e-11 0)
(-2.20361e-10 5.60549e-11 0)
(-2e-10 5.64522e-11 0)
(-1.79249e-10 5.68024e-11 0)
(-1.5867e-10 5.62078e-11 0)
(-1.38139e-10 5.55106e-11 0)
(-1.18266e-10 5.38605e-11 0)
(-9.86077e-11 5.20708e-11 0)
(-8.00205e-11 4.92532e-11 0)
(-6.25075e-11 4.61224e-11 0)
(-4.68326e-11 4.20983e-11 0)
(-3.23435e-11 3.72514e-11 0)
(-2.00167e-11 3.15185e-11 0)
(-1.0756e-11 2.4818e-11 0)
(-4.26017e-12 1.64106e-11 0)
(-7.59391e-13 6.18614e-12 0)
(2.28729e-14 -5.13046e-12 0)
(-6.1189e-12 -1.29231e-11 0)
(-1.52321e-11 -1.96312e-11 0)
(-2.94217e-11 -2.48255e-11 0)
(-4.6231e-11 -2.93636e-11 0)
(-6.60287e-11 -3.319e-11 0)
(-8.80229e-11 -3.61502e-11 0)
(-1.1146e-10 -3.83387e-11 0)
(-1.35959e-10 -3.97238e-11 0)
(-1.61215e-10 -4.06888e-11 0)
(-1.86887e-10 -4.08658e-11 0)
(-2.12488e-10 -4.07438e-11 0)
(-2.37819e-10 -3.98183e-11 0)
(-2.62453e-10 -3.88327e-11 0)
(-2.86267e-10 -3.69919e-11 0)
(-3.0887e-10 -3.52845e-11 0)
(-3.3017e-10 -3.26043e-11 0)
(-3.49839e-10 -3.0345e-11 0)
(-3.67874e-10 -2.70262e-11 0)
(-3.83951e-10 -2.44322e-11 0)
(-3.98119e-10 -2.06863e-11 0)
(-4.10148e-10 -1.79045e-11 0)
(-4.20117e-10 -1.37801e-11 0)
(-4.27848e-10 -1.11135e-11 0)
(-4.33423e-10 -7.04568e-12 0)
(-4.36607e-10 -4.09338e-12 0)
(-4.37531e-10 6.81286e-13 0)
(-4.36181e-10 3.84098e-12 0)
(-4.32744e-10 8.30974e-12 0)
(-4.27166e-10 1.05217e-11 0)
(-4.1962e-10 1.45264e-11 0)
(-4.09914e-10 1.68015e-11 0)
(-3.98149e-10 2.07861e-11 0)
(-3.84594e-10 2.25777e-11 0)
(-3.69556e-10 2.59652e-11 0)
(-3.53181e-10 2.71154e-11 0)
(-3.35508e-10 2.99125e-11 0)
(-3.16799e-10 3.05891e-11 0)
(-2.96963e-10 3.27948e-11 0)
(-2.76485e-10 3.29465e-11 0)
(-2.5555e-10 3.45038e-11 0)
(-2.34182e-10 3.4231e-11 0)
(-2.12305e-10 3.53336e-11 0)
(-1.90374e-10 3.46611e-11 0)
(-1.68387e-10 3.50549e-11 0)
(-1.46757e-10 3.38376e-11 0)
(-1.255e-10 3.34528e-11 0)
(-1.04989e-10 3.16227e-11 0)
(-8.52683e-11 3.03153e-11 0)
(-6.68326e-11 2.77443e-11 0)
(-4.99131e-11 2.52678e-11 0)
(-3.49457e-11 2.20719e-11 0)
(-2.23288e-11 1.8672e-11 0)
(-1.14943e-11 1.4469e-11 0)
(-4.94051e-12 9.43101e-12 0)
(3.2211e-13 3.61074e-12 0)
(-7.69679e-13 -1.79695e-12 0)
(-6.87839e-12 -4.51744e-12 0)
(-1.74008e-11 -6.19791e-12 0)
(-3.24273e-11 -8.71724e-12 0)
(-5.10134e-11 -9.98981e-12 0)
(-7.20233e-11 -1.11997e-11 0)
(-9.52871e-11 -1.21105e-11 0)
(-1.20225e-10 -1.28101e-11 0)
(-1.46393e-10 -1.33801e-11 0)
(-1.73399e-10 -1.36787e-11 0)
(-2.00719e-10 -1.37131e-11 0)
(-2.28014e-10 -1.36091e-11 0)
(-2.54961e-10 -1.33602e-11 0)
(-2.81279e-10 -1.29126e-11 0)
(-3.06579e-10 -1.23083e-11 0)
(-3.30676e-10 -1.15998e-11 0)
(-3.5329e-10 -1.08214e-11 0)
(-3.74257e-10 -9.89717e-12 0)
(-3.93327e-10 -8.9477e-12 0)
(-4.10434e-10 -7.85051e-12 0)
(-4.25395e-10 -6.75468e-12 0)
(-4.38153e-10 -5.49935e-12 0)
(-4.48446e-10 -4.11377e-12 0)
(-4.56363e-10 -2.49684e-12 0)
(-4.62076e-10 -1.19785e-12 0)
(-4.65482e-10 -1.42376e-13 0)
(-4.66335e-10 3.96535e-13 0)
(-4.64738e-10 1.09717e-12 0)
(-4.60581e-10 1.98049e-12 0)
(-4.54188e-10 3.46355e-12 0)
(-4.4575e-10 4.81551e-12 0)
(-4.35135e-10 5.86303e-12 0)
(-4.22558e-10 6.60583e-12 0)
(-4.08213e-10 7.51842e-12 0)
(-3.92148e-10 8.17827e-12 0)
(-3.74561e-10 8.99411e-12 0)
(-3.55643e-10 9.52849e-12 0)
(-3.35538e-10 1.01654e-11 0)
(-3.14574e-10 1.04511e-11 0)
(-2.92812e-10 1.09567e-11 0)
(-2.70373e-10 1.11857e-11 0)
(-2.4742e-10 1.14949e-11 0)
(-2.24269e-10 1.14092e-11 0)
(-2.01003e-10 1.15237e-11 0)
(-1.77819e-10 1.13212e-11 0)
(-1.54917e-10 1.11797e-11 0)
(-1.32604e-10 1.07646e-11 0)
(-1.10911e-10 1.05296e-11 0)
(-9.02387e-11 9.79228e-12 0)
(-7.10252e-11 9.0628e-12 0)
(-5.3441e-11 8.40873e-12 0)
(-3.75027e-11 7.40194e-12 0)
(-2.36663e-11 6.11496e-12 0)
(-1.30591e-11 4.06713e-12 0)
(-5.30746e-12 3.74009e-12 0)
(-5.57322e-13 1.33542e-12 0)
)
;

boundaryField
{
    top
    {
        type            slip;
    }
    bottom
    {
        type            slip;
    }
    rotatingWall
    {
        type            rotatingWallVelocity;
        origin          (0 0 0);
        axis            (0 1 0);
        omega           constant 1140;
        value           uniform (0 0 0);
    }
    wall
    {
        type            rotatingWallVelocity;
        origin          (0 0 0);
        axis            (0 1 0);
        omega           constant 0;
        value           uniform (0 -0 -0);
    }
    frontAndBack
    {
        type            empty;
    }
}


// ************************************************************************* //
