/*--------------------------------*- C++ -*----------------------------------*\
| =========                 |                                                 |
| \\      /  F ield         | OpenFOAM: The Open Source CFD Toolbox           |
|  \\    /   O peration     | Version:  5.0                                   |
|   \\  /    A nd           | Web:      www.OpenFOAM.org                      |
|    \\/     M anipulation  |                                                 |
\*---------------------------------------------------------------------------*/
FoamFile
{
    version     2.0;
    format      ascii;
    class       volVectorField;
    location    "157";
    object      U;
}
// * * * * * * * * * * * * * * * * * * * * * * * * * * * * * * * * * * * * * //

dimensions      [0 1 -1 0 0 0 0];

internalField   nonuniform List<vector> 
1568
(
(2.12994e-12 -6.87869e-14 0)
(-3.84268e-12 1.43421e-11 0)
(1.24362e-11 -2.32245e-11 0)
(5.32739e-11 -2.09881e-11 0)
(7.40813e-11 -1.03413e-11 0)
(1.02078e-10 -1.94791e-11 0)
(1.40755e-10 -2.12791e-11 0)
(1.77643e-10 -1.99891e-11 0)
(2.14627e-10 -2.09381e-11 0)
(2.53972e-10 -2.18242e-11 0)
(2.93755e-10 -2.18115e-11 0)
(3.32948e-10 -2.14176e-11 0)
(3.71495e-10 -2.0779e-11 0)
(4.09004e-10 -2.00421e-11 0)
(4.44982e-10 -1.92561e-11 0)
(4.791e-10 -1.82544e-11 0)
(5.10946e-10 -1.70612e-11 0)
(5.4031e-10 -1.58659e-11 0)
(5.66973e-10 -1.44558e-11 0)
(5.90739e-10 -1.29102e-11 0)
(6.1136e-10 -1.11095e-11 0)
(6.28692e-10 -9.05978e-12 0)
(6.42658e-10 -6.58092e-12 0)
(6.53374e-10 -4.37339e-12 0)
(6.60931e-10 -2.20715e-12 0)
(6.65038e-10 -8.50518e-13 0)
(6.65706e-10 2.82207e-13 0)
(6.62917e-10 1.34937e-12 0)
(6.56424e-10 3.23504e-12 0)
(6.46857e-10 4.66784e-12 0)
(6.34596e-10 6.818e-12 0)
(6.19746e-10 8.71951e-12 0)
(6.02136e-10 1.05809e-11 0)
(5.82111e-10 1.18571e-11 0)
(5.59862e-10 1.33089e-11 0)
(5.35623e-10 1.41614e-11 0)
(5.09504e-10 1.53491e-11 0)
(4.8164e-10 1.60387e-11 0)
(4.52422e-10 1.69178e-11 0)
(4.21875e-10 1.73996e-11 0)
(3.90242e-10 1.79284e-11 0)
(3.57901e-10 1.80289e-11 0)
(3.25146e-10 1.82753e-11 0)
(2.92111e-10 1.82881e-11 0)
(2.59191e-10 1.82956e-11 0)
(2.26688e-10 1.79583e-11 0)
(1.9495e-10 1.7572e-11 0)
(1.64215e-10 1.68534e-11 0)
(1.34803e-10 1.6056e-11 0)
(1.07203e-10 1.4944e-11 0)
(8.14939e-11 1.37913e-11 0)
(5.79232e-11 1.23899e-11 0)
(3.91913e-11 1.01572e-11 0)
(2.08596e-11 1.10637e-11 0)
(7.06308e-12 4.94221e-12 0)
(1.31088e-12 2.08445e-12 0)
(1.99167e-11 -1.41732e-11 0)
(-3.20809e-13 -2.955e-11 0)
(3.12904e-11 -3.2199e-11 0)
(3.47303e-11 -3.46622e-11 0)
(6.82692e-11 -4.80403e-11 0)
(9.57037e-11 -5.14042e-11 0)
(1.26295e-10 -5.37672e-11 0)
(1.61595e-10 -5.64007e-11 0)
(1.96568e-10 -5.83117e-11 0)
(2.32311e-10 -5.92073e-11 0)
(2.68685e-10 -5.90612e-11 0)
(3.05276e-10 -5.8461e-11 0)
(3.41091e-10 -5.72861e-11 0)
(3.75733e-10 -5.53849e-11 0)
(4.09106e-10 -5.27346e-11 0)
(4.40656e-10 -4.96803e-11 0)
(4.70198e-10 -4.6062e-11 0)
(4.97478e-10 -4.20782e-11 0)
(5.22277e-10 -3.7695e-11 0)
(5.44332e-10 -3.32035e-11 0)
(5.63567e-10 -2.83826e-11 0)
(5.79816e-10 -2.34963e-11 0)
(5.93196e-10 -1.87553e-11 0)
(6.03506e-10 -1.4294e-11 0)
(6.10786e-10 -9.34076e-12 0)
(6.14733e-10 -4.03555e-12 0)
(6.15444e-10 1.62778e-12 0)
(6.12853e-10 7.08472e-12 0)
(6.07233e-10 1.21721e-11 0)
(5.98741e-10 1.6669e-11 0)
(5.87403e-10 2.08474e-11 0)
(5.73613e-10 2.47304e-11 0)
(5.57666e-10 2.85714e-11 0)
(5.39542e-10 3.20466e-11 0)
(5.19184e-10 3.53952e-11 0)
(4.96743e-10 3.83325e-11 0)
(4.72567e-10 4.10538e-11 0)
(4.4694e-10 4.3254e-11 0)
(4.1975e-10 4.52218e-11 0)
(3.91532e-10 4.67328e-11 0)
(3.62343e-10 4.799e-11 0)
(3.322e-10 4.87645e-11 0)
(3.01513e-10 4.92843e-11 0)
(2.70826e-10 4.92065e-11 0)
(2.40183e-10 4.8825e-11 0)
(2.09976e-10 4.79902e-11 0)
(1.80335e-10 4.67694e-11 0)
(1.51712e-10 4.50488e-11 0)
(1.24536e-10 4.28948e-11 0)
(9.87462e-11 4.00554e-11 0)
(7.46704e-11 3.7093e-11 0)
(5.36753e-11 3.25035e-11 0)
(3.36799e-11 2.75089e-11 0)
(1.96524e-11 2.18343e-11 0)
(7.99834e-12 1.45294e-11 0)
(6.88476e-13 6.51427e-12 0)
(-5.63101e-13 -2.34178e-11 0)
(-6.73038e-13 -2.66127e-11 0)
(1.53429e-11 -5.94594e-11 0)
(4.34367e-11 -6.62782e-11 0)
(5.76939e-11 -7.51243e-11 0)
(8.27903e-11 -8.51038e-11 0)
(1.14547e-10 -8.91749e-11 0)
(1.4568e-10 -9.32294e-11 0)
(1.76856e-10 -9.64471e-11 0)
(2.10423e-10 -9.79431e-11 0)
(2.44372e-10 -9.78096e-11 0)
(2.77517e-10 -9.66325e-11 0)
(3.10284e-10 -9.45022e-11 0)
(3.42338e-10 -9.13429e-11 0)
(3.7299e-10 -8.73128e-11 0)
(4.02091e-10 -8.23957e-11 0)
(4.29384e-10 -7.66809e-11 0)
(4.54605e-10 -7.0337e-11 0)
(4.77508e-10 -6.33637e-11 0)
(4.97982e-10 -5.59323e-11 0)
(5.15856e-10 -4.80605e-11 0)
(5.31115e-10 -3.99833e-11 0)
(5.43577e-10 -3.17115e-11 0)
(5.53159e-10 -2.35215e-11 0)
(5.59744e-10 -1.50654e-11 0)
(5.63426e-10 -6.64927e-12 0)
(5.64257e-10 1.93021e-12 0)
(5.62294e-10 1.01986e-11 0)
(5.57477e-10 1.8453e-11 0)
(5.4997e-10 2.60665e-11 0)
(5.39983e-10 3.37288e-11 0)
(5.27626e-10 4.0856e-11 0)
(5.12947e-10 4.78485e-11 0)
(4.96123e-10 5.39284e-11 0)
(4.77356e-10 5.96747e-11 0)
(4.5683e-10 6.44488e-11 0)
(4.3462e-10 6.89643e-11 0)
(4.10889e-10 7.25272e-11 0)
(3.85983e-10 7.56512e-11 0)
(3.59873e-10 7.79402e-11 0)
(3.32798e-10 7.97642e-11 0)
(3.05138e-10 8.08439e-11 0)
(2.77039e-10 8.15833e-11 0)
(2.48633e-10 8.161e-11 0)
(2.2038e-10 8.1141e-11 0)
(1.92389e-10 7.99044e-11 0)
(1.65027e-10 7.79838e-11 0)
(1.38559e-10 7.51334e-11 0)
(1.1321e-10 7.16005e-11 0)
(8.98162e-11 6.69234e-11 0)
(6.73774e-11 6.12849e-11 0)
(4.72132e-11 5.48246e-11 0)
(3.1927e-11 4.60457e-11 0)
(1.59954e-11 3.61493e-11 0)
(4.83567e-12 2.39264e-11 0)
(3.55179e-13 9.83369e-12 0)
(-6.6541e-12 -1.51292e-11 0)
(7.4425e-12 -5.27759e-11 0)
(1.6052e-11 -6.47574e-11 0)
(3.18711e-11 -8.74272e-11 0)
(5.08841e-11 -1.01631e-10 0)
(7.39307e-11 -1.10589e-10 0)
(1.02089e-10 -1.17506e-10 0)
(1.29709e-10 -1.23917e-10 0)
(1.58494e-10 -1.27913e-10 0)
(1.88981e-10 -1.2948e-10 0)
(2.19648e-10 -1.29729e-10 0)
(2.50084e-10 -1.28327e-10 0)
(2.80002e-10 -1.2545e-10 0)
(3.09013e-10 -1.21296e-10 0)
(3.37056e-10 -1.15934e-10 0)
(3.63712e-10 -1.09348e-10 0)
(3.88657e-10 -1.01873e-10 0)
(4.11777e-10 -9.33976e-11 0)
(4.32894e-10 -8.42494e-11 0)
(4.51754e-10 -7.4364e-11 0)
(4.68249e-10 -6.40423e-11 0)
(4.82265e-10 -5.32261e-11 0)
(4.9372e-10 -4.23476e-11 0)
(5.02483e-10 -3.11835e-11 0)
(5.08584e-10 -2.00804e-11 0)
(5.12076e-10 -8.71368e-12 0)
(5.13007e-10 2.40856e-12 0)
(5.11429e-10 1.34917e-11 0)
(5.07415e-10 2.40433e-11 0)
(5.01019e-10 3.44395e-11 0)
(4.92118e-10 4.42508e-11 0)
(4.80848e-10 5.38002e-11 0)
(4.67497e-10 6.25392e-11 0)
(4.52174e-10 7.08136e-11 0)
(4.34919e-10 7.81358e-11 0)
(4.1599e-10 8.48917e-11 0)
(3.95642e-10 9.05983e-11 0)
(3.7391e-10 9.57587e-11 0)
(3.50945e-10 9.9888e-11 0)
(3.27098e-10 1.03291e-10 0)
(3.02519e-10 1.05765e-10 0)
(2.77235e-10 1.07662e-10 0)
(2.51534e-10 1.08576e-10 0)
(2.25722e-10 1.08883e-10 0)
(1.9991e-10 1.08186e-10 0)
(1.74339e-10 1.06663e-10 0)
(1.49158e-10 1.04055e-10 0)
(1.24983e-10 1.00406e-10 0)
(1.02033e-10 9.54906e-11 0)
(8.01997e-11 8.94642e-11 0)
(6.04436e-11 8.18395e-11 0)
(4.2502e-11 7.28796e-11 0)
(2.54783e-11 6.14057e-11 0)
(1.46217e-11 4.81885e-11 0)
(5.50083e-12 3.13339e-11 0)
(6.89062e-13 1.26788e-11 0)
(3.08312e-12 -1.79822e-11 0)
(3.57712e-12 -5.27965e-11 0)
(1.56299e-11 -8.18722e-11 0)
(2.81181e-11 -1.02361e-10 0)
(4.45385e-11 -1.19838e-10 0)
(6.60569e-11 -1.31121e-10 0)
(9.00791e-11 -1.40655e-10 0)
(1.14092e-10 -1.48519e-10 0)
(1.40214e-10 -1.53269e-10 0)
(1.67859e-10 -1.55544e-10 0)
(1.95395e-10 -1.5587e-10 0)
(2.2261e-10 -1.5436e-10 0)
(2.49446e-10 -1.51059e-10 0)
(2.75734e-10 -1.46039e-10 0)
(3.0107e-10 -1.39375e-10 0)
(3.25098e-10 -1.31475e-10 0)
(3.47702e-10 -1.22265e-10 0)
(3.68673e-10 -1.12045e-10 0)
(3.87754e-10 -1.00876e-10 0)
(4.04887e-10 -8.90827e-11 0)
(4.1991e-10 -7.66106e-11 0)
(4.32673e-10 -6.37834e-11 0)
(4.43089e-10 -5.05649e-11 0)
(4.51071e-10 -3.72378e-11 0)
(4.56632e-10 -2.36435e-11 0)
(4.59873e-10 -1.01547e-11 0)
(4.60807e-10 3.31914e-12 0)
(4.59512e-10 1.64105e-11 0)
(4.56021e-10 2.91737e-11 0)
(4.50363e-10 4.12573e-11 0)
(4.42564e-10 5.28113e-11 0)
(4.3259e-10 6.37001e-11 0)
(4.20541e-10 7.40288e-11 0)
(4.06632e-10 8.35316e-11 0)
(3.91074e-10 9.23425e-11 0)
(3.74021e-10 1.00337e-10 0)
(3.55629e-10 1.07553e-10 0)
(3.36016e-10 1.13756e-10 0)
(3.15292e-10 1.1916e-10 0)
(2.93677e-10 1.23553e-10 0)
(2.71426e-10 1.27011e-10 0)
(2.48687e-10 1.29377e-10 0)
(2.25599e-10 1.30871e-10 0)
(2.02273e-10 1.31186e-10 0)
(1.78942e-10 1.30449e-10 0)
(1.55841e-10 1.28501e-10 0)
(1.33196e-10 1.25364e-10 0)
(1.11309e-10 1.20927e-10 0)
(9.05266e-11 1.15152e-10 0)
(7.14506e-11 1.07645e-10 0)
(5.32296e-11 9.83878e-11 0)
(3.65599e-11 8.73895e-11 0)
(2.46661e-11 7.40872e-11 0)
(1.1477e-11 5.74704e-11 0)
(3.11269e-12 3.74845e-11 0)
(-4.4823e-13 1.46888e-11 0)
(1.10803e-12 -2.40842e-11 0)
(4.03612e-12 -5.94333e-11 0)
(1.29222e-11 -9.16935e-11 0)
(2.48285e-11 -1.16742e-10 0)
(3.98197e-11 -1.36266e-10 0)
(5.84487e-11 -1.50811e-10 0)
(7.82677e-11 -1.63264e-10 0)
(9.93187e-11 -1.72416e-10 0)
(1.22664e-10 -1.77803e-10 0)
(1.46878e-10 -1.80691e-10 0)
(1.71002e-10 -1.81366e-10 0)
(1.95144e-10 -1.79745e-10 0)
(2.19104e-10 -1.75856e-10 0)
(2.42517e-10 -1.6995e-10 0)
(2.6504e-10 -1.62315e-10 0)
(2.8646e-10 -1.53054e-10 0)
(3.06607e-10 -1.42352e-10 0)
(3.2527e-10 -1.30452e-10 0)
(3.42283e-10 -1.17531e-10 0)
(3.57527e-10 -1.03731e-10 0)
(3.70907e-10 -8.9306e-11 0)
(3.82285e-10 -7.43628e-11 0)
(3.91592e-10 -5.90623e-11 0)
(3.98791e-10 -4.34871e-11 0)
(4.03838e-10 -2.77718e-11 0)
(4.06778e-10 -1.20327e-11 0)
(4.07698e-10 3.5075e-12 0)
(4.06601e-10 1.87619e-11 0)
(4.03519e-10 3.3494e-11 0)
(3.98497e-10 4.76699e-11 0)
(3.91543e-10 6.10976e-11 0)
(3.82702e-10 7.37831e-11 0)
(3.7211e-10 8.56838e-11 0)
(3.59877e-10 9.68472e-11 0)
(3.46149e-10 1.07139e-10 0)
(3.31053e-10 1.16539e-10 0)
(3.14693e-10 1.24935e-10 0)
(2.97241e-10 1.32296e-10 0)
(2.78836e-10 1.38576e-10 0)
(2.59653e-10 1.43814e-10 0)
(2.39864e-10 1.4791e-10 0)
(2.19615e-10 1.50841e-10 0)
(1.99012e-10 1.52509e-10 0)
(1.7824e-10 1.52908e-10 0)
(1.57543e-10 1.52003e-10 0)
(1.37041e-10 1.49769e-10 0)
(1.16931e-10 1.4606e-10 0)
(9.77671e-11 1.40833e-10 0)
(7.95076e-11 1.34034e-10 0)
(6.20868e-11 1.25272e-10 0)
(4.69142e-11 1.14275e-10 0)
(3.32489e-11 1.01274e-10 0)
(1.92712e-11 8.54027e-11 0)
(1.08633e-11 6.58219e-11 0)
(4.52347e-12 4.35082e-11 0)
(3.18097e-13 1.62693e-11 0)
(-1.07791e-12 -2.43801e-11 0)
(4.8579e-12 -6.51058e-11 0)
(1.15852e-11 -9.93929e-11 0)
(2.19326e-11 -1.27975e-10 0)
(3.47493e-11 -1.50945e-10 0)
(4.99016e-11 -1.69243e-10 0)
(6.64248e-11 -1.83812e-10 0)
(8.50633e-11 -1.9406e-10 0)
(1.05418e-10 -2.00524e-10 0)
(1.26153e-10 -2.04179e-10 0)
(1.4701e-10 -2.05e-10 0)
(1.68076e-10 -2.03099e-10 0)
(1.89004e-10 -1.9873e-10 0)
(2.09415e-10 -1.92161e-10 0)
(2.29101e-10 -1.8361e-10 0)
(2.4786e-10 -1.73249e-10 0)
(2.65481e-10 -1.613e-10 0)
(2.81801e-10 -1.47957e-10 0)
(2.96693e-10 -1.33437e-10 0)
(3.10045e-10 -1.17918e-10 0)
(3.21739e-10 -1.01612e-10 0)
(3.3172e-10 -8.47023e-11 0)
(3.39912e-10 -6.73356e-11 0)
(3.46247e-10 -4.96866e-11 0)
(3.50709e-10 -3.192e-11 0)
(3.53329e-10 -1.41585e-11 0)
(3.54153e-10 3.41064e-12 0)
(3.53229e-10 2.06124e-11 0)
(3.50593e-10 3.73201e-11 0)
(3.46252e-10 5.33888e-11 0)
(3.4021e-10 6.87351e-11 0)
(3.3253e-10 8.32812e-11 0)
(3.23316e-10 9.69536e-11 0)
(3.12655e-10 1.09674e-10 0)
(3.00651e-10 1.21405e-10 0)
(2.87438e-10 1.32034e-10 0)
(2.73126e-10 1.41553e-10 0)
(2.57856e-10 1.49922e-10 0)
(2.41773e-10 1.57098e-10 0)
(2.25004e-10 1.63031e-10 0)
(2.07711e-10 1.67678e-10 0)
(1.90014e-10 1.70992e-10 0)
(1.72042e-10 1.72925e-10 0)
(1.53947e-10 1.7344e-10 0)
(1.35926e-10 1.72467e-10 0)
(1.18091e-10 1.69927e-10 0)
(1.00651e-10 1.65716e-10 0)
(8.39989e-11 1.59736e-10 0)
(6.81544e-11 1.51809e-10 0)
(5.35251e-11 1.41785e-10 0)
(3.99202e-11 1.29379e-10 0)
(2.75009e-11 1.14095e-10 0)
(1.85052e-11 9.59535e-11 0)
(8.83547e-12 7.45318e-11 0)
(1.98932e-12 4.78743e-11 0)
(4.04397e-13 1.82762e-11 0)
(-4.40535e-13 -2.51227e-11 0)
(4.417e-12 -6.87982e-11 0)
(9.80016e-12 -1.05896e-10 0)
(1.78746e-11 -1.37654e-10 0)
(2.84595e-11 -1.63714e-10 0)
(4.12755e-11 -1.84394e-10 0)
(5.53906e-11 -2.00083e-10 0)
(7.12347e-11 -2.11394e-10 0)
(8.82991e-11 -2.18986e-10 0)
(1.05738e-10 -2.23225e-10 0)
(1.23486e-10 -2.2424e-10 0)
(1.41412e-10 -2.22252e-10 0)
(1.59207e-10 -2.17555e-10 0)
(1.76587e-10 -2.10433e-10 0)
(1.93359e-10 -2.01115e-10 0)
(2.0935e-10 -1.89832e-10 0)
(2.2441e-10 -1.76803e-10 0)
(2.3837e-10 -1.62234e-10 0)
(2.51109e-10 -1.46354e-10 0)
(2.62534e-10 -1.29385e-10 0)
(2.72557e-10 -1.11527e-10 0)
(2.81108e-10 -9.29618e-11 0)
(2.88123e-10 -7.39359e-11 0)
(2.93544e-10 -5.45984e-11 0)
(2.97378e-10 -3.5135e-11 0)
(2.99643e-10 -1.57049e-11 0)
(3.00366e-10 3.50774e-12 0)
(2.99586e-10 2.23468e-11 0)
(2.97326e-10 4.06385e-11 0)
(2.9362e-10 5.82392e-11 0)
(2.88489e-10 7.504e-11 0)
(2.81939e-10 9.09654e-11 0)
(2.74062e-10 1.05936e-10 0)
(2.64959e-10 1.19863e-10 0)
(2.54702e-10 1.32681e-10 0)
(2.43402e-10 1.44359e-10 0)
(2.31198e-10 1.54822e-10 0)
(2.18185e-10 1.64048e-10 0)
(2.04451e-10 1.71961e-10 0)
(1.90137e-10 1.78523e-10 0)
(1.75385e-10 1.83673e-10 0)
(1.60305e-10 1.87368e-10 0)
(1.44987e-10 1.89538e-10 0)
(1.29578e-10 1.90111e-10 0)
(1.14258e-10 1.89027e-10 0)
(9.91065e-11 1.86205e-10 0)
(8.42966e-11 1.81524e-10 0)
(7.03186e-11 1.74851e-10 0)
(5.7087e-11 1.66078e-10 0)
(4.44521e-11 1.54945e-10 0)
(3.35095e-11 1.41066e-10 0)
(2.38652e-11 1.24548e-10 0)
(1.38212e-11 1.04529e-10 0)
(7.43326e-12 8.00542e-11 0)
(2.99847e-12 5.24952e-11 0)
(5.84855e-14 1.96295e-11 0)
(-1.92883e-13 -2.71896e-11 0)
(3.46268e-12 -7.30401e-11 0)
(7.81474e-12 -1.13042e-10 0)
(1.39303e-11 -1.46863e-10 0)
(2.2724e-11 -1.74555e-10 0)
(3.34626e-11 -1.96529e-10 0)
(4.49485e-11 -2.13461e-10 0)
(5.76927e-11 -2.25981e-10 0)
(7.15691e-11 -2.34483e-10 0)
(8.5809e-11 -2.39157e-10 0)
(1.00342e-10 -2.40358e-10 0)
(1.15131e-10 -2.38357e-10 0)
(1.29816e-10 -2.33429e-10 0)
(1.44135e-10 -2.25858e-10 0)
(1.57979e-10 -2.1591e-10 0)
(1.71203e-10 -2.03814e-10 0)
(1.83661e-10 -1.89833e-10 0)
(1.95216e-10 -1.74211e-10 0)
(2.05754e-10 -1.57181e-10 0)
(2.15212e-10 -1.38957e-10 0)
(2.23525e-10 -1.1979e-10 0)
(2.30597e-10 -9.98881e-11 0)
(2.36386e-10 -7.9463e-11 0)
(2.40879e-10 -5.87127e-11 0)
(2.44045e-10 -3.78299e-11 0)
(2.45904e-10 -1.70079e-11 0)
(2.4649e-10 3.58118e-12 0)
(2.45831e-10 2.37652e-11 0)
(2.4394e-10 4.33866e-11 0)
(2.40842e-10 6.23081e-11 0)
(2.3656e-10 8.03764e-11 0)
(2.31138e-10 9.74875e-11 0)
(2.24618e-10 1.13576e-10 0)
(2.17055e-10 1.28548e-10 0)
(2.08569e-10 1.42338e-10 0)
(1.9924e-10 1.54893e-10 0)
(1.8914e-10 1.66158e-10 0)
(1.7837e-10 1.76045e-10 0)
(1.6702e-10 1.84525e-10 0)
(1.55193e-10 1.91544e-10 0)
(1.43014e-10 1.97049e-10 0)
(1.30566e-10 2.00972e-10 0)
(1.17922e-10 2.03249e-10 0)
(1.05225e-10 2.0381e-10 0)
(9.26456e-11 2.02586e-10 0)
(8.02291e-11 1.99486e-10 0)
(6.81264e-11 1.94387e-10 0)
(5.67486e-11 1.87167e-10 0)
(4.59971e-11 1.77604e-10 0)
(3.60213e-11 1.65469e-10 0)
(2.70188e-11 1.50633e-10 0)
(1.87013e-11 1.3236e-10 0)
(1.2277e-11 1.10665e-10 0)
(5.89862e-12 8.56197e-11 0)
(1.53051e-12 5.47882e-11 0)
(-3.76542e-14 2.06424e-11 0)
(-6.30292e-13 -2.86618e-11 0)
(2.72098e-12 -7.63755e-11 0)
(5.85024e-12 -1.18454e-10 0)
(1.06318e-11 -1.53734e-10 0)
(1.75974e-11 -1.82853e-10 0)
(2.59549e-11 -2.06196e-10 0)
(3.46317e-11 -2.24492e-10 0)
(4.43979e-11 -2.38072e-10 0)
(5.52385e-11 -2.4722e-10 0)
(6.63976e-11 -2.52319e-10 0)
(7.77766e-11 -2.53709e-10 0)
(8.93791e-11 -2.51666e-10 0)
(1.00931e-10 -2.46567e-10 0)
(1.12213e-10 -2.38644e-10 0)
(1.23134e-10 -2.28184e-10 0)
(1.33573e-10 -2.15447e-10 0)
(1.43403e-10 -2.00707e-10 0)
(1.52521e-10 -1.84232e-10 0)
(1.60863e-10 -1.66261e-10 0)
(1.68341e-10 -1.47032e-10 0)
(1.74885e-10 -1.26787e-10 0)
(1.8047e-10 -1.05784e-10 0)
(1.85044e-10 -8.42046e-11 0)
(1.88561e-10 -6.22935e-11 0)
(1.91024e-10 -4.02393e-11 0)
(1.92458e-10 -1.82321e-11 0)
(1.92889e-10 3.54951e-12 0)
(1.92339e-10 2.49189e-11 0)
(1.90829e-10 4.56931e-11 0)
(1.88356e-10 6.57222e-11 0)
(1.84925e-10 8.48598e-11 0)
(1.80583e-10 1.03008e-10 0)
(1.75382e-10 1.20048e-10 0)
(1.69377e-10 1.35917e-10 0)
(1.62635e-10 1.50536e-10 0)
(1.55228e-10 1.63824e-10 0)
(1.47219e-10 1.75714e-10 0)
(1.38685e-10 1.8616e-10 0)
(1.29709e-10 1.95103e-10 0)
(1.20371e-10 2.02495e-10 0)
(1.10762e-10 2.0827e-10 0)
(1.00954e-10 2.12363e-10 0)
(9.10089e-11 2.14719e-10 0)
(8.10546e-11 2.15268e-10 0)
(7.12257e-11 2.13921e-10 0)
(6.15447e-11 2.10584e-10 0)
(5.21489e-11 2.05121e-10 0)
(4.34297e-11 1.97383e-10 0)
(3.52033e-11 1.87191e-10 0)
(2.74237e-11 1.74251e-10 0)
(2.06986e-11 1.5824e-10 0)
(1.47959e-11 1.39201e-10 0)
(8.85121e-12 1.16283e-10 0)
(4.50306e-12 8.86989e-11 0)
(1.72461e-12 5.78121e-11 0)
(-1.23206e-14 2.13368e-11 0)
(-7.30183e-13 -2.92624e-11 0)
(2.18472e-12 -7.8535e-11 0)
(4.2814e-12 -1.21856e-10 0)
(7.46531e-12 -1.58473e-10 0)
(1.24552e-11 -1.88902e-10 0)
(1.84913e-11 -2.13486e-10 0)
(2.45033e-11 -2.32768e-10 0)
(3.15203e-11 -2.47075e-10 0)
(3.94331e-11 -2.56728e-10 0)
(4.74793e-11 -2.62163e-10 0)
(5.57471e-11 -2.63723e-10 0)
(6.42299e-11 -2.61733e-10 0)
(7.26521e-11 -2.56507e-10 0)
(8.09065e-11 -2.48331e-10 0)
(8.89089e-11 -2.37494e-10 0)
(9.65707e-11 -2.24298e-10 0)
(1.03782e-10 -2.0899e-10 0)
(1.10471e-10 -1.91869e-10 0)
(1.16583e-10 -1.73169e-10 0)
(1.22073e-10 -1.53189e-10 0)
(1.26871e-10 -1.32131e-10 0)
(1.30946e-10 -1.10272e-10 0)
(1.3427e-10 -8.78254e-11 0)
(1.36818e-10 -6.50195e-11 0)
(1.38601e-10 -4.20421e-11 0)
(1.39631e-10 -1.91127e-11 0)
(1.39923e-10 3.59707e-12 0)
(1.39467e-10 2.58686e-11 0)
(1.38277e-10 4.75249e-11 0)
(1.36372e-10 6.83843e-11 0)
(1.33778e-10 8.83266e-11 0)
(1.30523e-10 1.07219e-10 0)
(1.26633e-10 1.24978e-10 0)
(1.22155e-10 1.41505e-10 0)
(1.17141e-10 1.56725e-10 0)
(1.11636e-10 1.70566e-10 0)
(1.05705e-10 1.82942e-10 0)
(9.94092e-11 1.93813e-10 0)
(9.27998e-11 2.0312e-10 0)
(8.5935e-11 2.10797e-10 0)
(7.88865e-11 2.16784e-10 0)
(7.17169e-11 2.21015e-10 0)
(6.44588e-11 2.23445e-10 0)
(5.72458e-11 2.23978e-10 0)
(5.01521e-11 2.22523e-10 0)
(4.32003e-11 2.18983e-10 0)
(3.64756e-11 2.13224e-10 0)
(3.03408e-11 2.05066e-10 0)
(2.45599e-11 1.94299e-10 0)
(1.91448e-11 1.80752e-10 0)
(1.46424e-11 1.64133e-10 0)
(1.02544e-11 1.43918e-10 0)
(6.37054e-12 1.20024e-10 0)
(3.37074e-12 9.24732e-11 0)
(9.1001e-13 5.89768e-11 0)
(1.00908e-13 2.21143e-11 0)
(-7.52951e-13 -2.96413e-11 0)
(1.6465e-12 -7.9919e-11 0)
(2.66575e-12 -1.24137e-10 0)
(4.3449e-12 -1.61741e-10 0)
(7.45468e-12 -1.93002e-10 0)
(1.12543e-11 -2.18371e-10 0)
(1.47644e-11 -2.38256e-10 0)
(1.90534e-11 -2.53023e-10 0)
(2.40762e-11 -2.63088e-10 0)
(2.91492e-11 -2.68788e-10 0)
(3.42997e-11 -2.70464e-10 0)
(3.9677e-11 -2.68564e-10 0)
(4.50432e-11 -2.63276e-10 0)
(5.03024e-11 -2.54943e-10 0)
(5.54001e-11 -2.43867e-10 0)
(6.02982e-11 -2.30341e-10 0)
(6.49151e-11 -2.14655e-10 0)
(6.91929e-11 -1.97082e-10 0)
(7.30962e-11 -1.779e-10 0)
(7.65897e-11 -1.57357e-10 0)
(7.96388e-11 -1.35751e-10 0)
(8.22146e-11 -1.1329e-10 0)
(8.43122e-11 -9.02416e-11 0)
(8.59066e-11 -6.68013e-11 0)
(8.69949e-11 -4.31939e-11 0)
(8.75982e-11 -1.96027e-11 0)
(8.77177e-11 3.74267e-12 0)
(8.73396e-11 2.6638e-11 0)
(8.64824e-11 4.88659e-11 0)
(8.5157e-11 7.02733e-11 0)
(8.3373e-11 9.07439e-11 0)
(8.1166e-11 1.10155e-10 0)
(7.85716e-11 1.28397e-10 0)
(7.56063e-11 1.4538e-10 0)
(7.23117e-11 1.61005e-10 0)
(6.87034e-11 1.75203e-10 0)
(6.48297e-11 1.87914e-10 0)
(6.07519e-11 1.99067e-10 0)
(5.64844e-11 2.08597e-10 0)
(5.20696e-11 2.16446e-10 0)
(4.75686e-11 2.22556e-10 0)
(4.30299e-11 2.26856e-10 0)
(3.83911e-11 2.29268e-10 0)
(3.39412e-11 2.29756e-10 0)
(2.95067e-11 2.2822e-10 0)
(2.52515e-11 2.24508e-10 0)
(2.11648e-11 2.18484e-10 0)
(1.75554e-11 2.1e-10 0)
(1.4254e-11 1.98875e-10 0)
(1.11396e-11 1.84843e-10 0)
(8.47614e-12 1.67616e-10 0)
(6.25308e-12 1.47097e-10 0)
(4.16188e-12 1.22625e-10 0)
(1.64654e-12 9.34668e-11 0)
(3.59375e-13 6.05739e-11 0)
(-2.29427e-13 2.22204e-11 0)
(-6.85884e-13 -2.9835e-11 0)
(1.02931e-12 -8.06188e-11 0)
(1.17624e-12 -1.25364e-10 0)
(1.35098e-12 -1.63406e-10 0)
(2.66494e-12 -1.95112e-10 0)
(4.31561e-12 -2.20881e-10 0)
(5.40186e-12 -2.41124e-10 0)
(7.02751e-12 -2.56199e-10 0)
(9.18101e-12 -2.66511e-10 0)
(1.12553e-11 -2.72428e-10 0)
(1.34409e-11 -2.74298e-10 0)
(1.58154e-11 -2.72377e-10 0)
(1.81317e-11 -2.67055e-10 0)
(2.04325e-11 -2.58649e-10 0)
(2.26907e-11 -2.47454e-10 0)
(2.48682e-11 -2.33749e-10 0)
(2.69129e-11 -2.17848e-10 0)
(2.88018e-11 -2.00018e-10 0)
(3.05305e-11 -1.80553e-10 0)
(3.20563e-11 -1.59707e-10 0)
(3.33636e-11 -1.3777e-10 0)
(3.44572e-11 -1.14977e-10 0)
(3.53206e-11 -9.1581e-11 0)
(3.59652e-11 -6.77824e-11 0)
(3.6399e-11 -4.37903e-11 0)
(3.66091e-11 -1.97985e-11 0)
(3.65615e-11 3.93137e-12 0)
(3.62281e-11 2.71871e-11 0)
(3.56336e-11 4.97569e-11 0)
(3.48556e-11 7.14831e-11 0)
(3.39069e-11 9.22473e-11 0)
(3.27716e-11 1.11949e-10 0)
(3.14603e-11 1.30466e-10 0)
(2.99817e-11 1.47694e-10 0)
(2.83574e-11 1.63554e-10 0)
(2.66242e-11 1.77937e-10 0)
(2.47971e-11 1.90822e-10 0)
(2.2891e-11 2.02104e-10 0)
(2.09284e-11 2.11731e-10 0)
(1.89373e-11 2.19646e-10 0)
(1.69535e-11 2.25792e-10 0)
(1.50356e-11 2.30108e-10 0)
(1.30153e-11 2.32525e-10 0)
(1.11814e-11 2.32954e-10 0)
(9.36697e-12 2.31261e-10 0)
(7.77318e-12 2.27381e-10 0)
(6.25932e-12 2.21181e-10 0)
(5.18555e-12 2.12475e-10 0)
(4.2071e-12 2.01056e-10 0)
(3.23372e-12 1.86765e-10 0)
(2.99246e-12 1.69355e-10 0)
(2.32787e-12 1.48171e-10 0)
(1.00483e-12 1.23386e-10 0)
(9.86565e-13 9.47302e-11 0)
(2.04522e-13 6.04208e-11 0)
(1.83681e-13 2.23625e-11 0)
(-6.69351e-13 -2.97597e-11 0)
(4.39477e-13 -8.0592e-11 0)
(-3.15279e-13 -1.25353e-10 0)
(-1.4626e-12 -1.63416e-10 0)
(-1.91254e-12 -1.95211e-10 0)
(-2.35532e-12 -2.21098e-10 0)
(-3.63983e-12 -2.41466e-10 0)
(-4.60109e-12 -2.56692e-10 0)
(-5.20395e-12 -2.67138e-10 0)
(-5.9923e-12 -2.73162e-10 0)
(-6.83266e-12 -2.75112e-10 0)
(-7.53056e-12 -2.73238e-10 0)
(-8.06719e-12 -2.67951e-10 0)
(-8.64147e-12 -2.59547e-10 0)
(-9.17372e-12 -2.48331e-10 0)
(-9.66219e-12 -2.34605e-10 0)
(-1.01325e-11 -2.1865e-10 0)
(-1.05835e-11 -2.00747e-10 0)
(-1.1011e-11 -1.81182e-10 0)
(-1.14247e-11 -1.60246e-10 0)
(-1.18259e-11 -1.38184e-10 0)
(-1.22018e-11 -1.15271e-10 0)
(-1.25231e-11 -9.17285e-11 0)
(-1.27782e-11 -6.77871e-11 0)
(-1.29792e-11 -4.36724e-11 0)
(-1.31789e-11 -1.96215e-11 0)
(-1.3422e-11 4.14536e-12 0)
(-1.37058e-11 2.74261e-11 0)
(-1.39957e-11 5.00587e-11 0)
(-1.42298e-11 7.19009e-11 0)
(-1.43874e-11 9.27795e-11 0)
(-1.44851e-11 1.1257e-10 0)
(-1.45391e-11 1.31158e-10 0)
(-1.45418e-11 1.48448e-10 0)
(-1.45057e-11 1.64347e-10 0)
(-1.44047e-11 1.78788e-10 0)
(-1.4234e-11 1.91672e-10 0)
(-1.40077e-11 2.02958e-10 0)
(-1.37059e-11 2.1257e-10 0)
(-1.33311e-11 2.20459e-10 0)
(-1.28646e-11 2.26562e-10 0)
(-1.23241e-11 2.30833e-10 0)
(-1.16584e-11 2.33181e-10 0)
(-1.09396e-11 2.33523e-10 0)
(-1.00089e-11 2.31744e-10 0)
(-9.11815e-12 2.27753e-10 0)
(-8.13124e-12 2.21441e-10 0)
(-6.85969e-12 2.12605e-10 0)
(-5.46179e-12 2.01073e-10 0)
(-4.10009e-12 1.86659e-10 0)
(-2.99969e-12 1.69033e-10 0)
(-1.72292e-12 1.48055e-10 0)
(-1.37563e-13 1.23283e-10 0)
(-9.09515e-13 9.37913e-11 0)
(-9.63374e-13 6.04708e-11 0)
(-1.82012e-13 2.21112e-11 0)
(-6.70366e-13 -2.95199e-11 0)
(-4.31572e-14 -7.97643e-11 0)
(-1.60366e-12 -1.24131e-10 0)
(-4.16346e-12 -1.61847e-10 0)
(-6.33525e-12 -1.93382e-10 0)
(-8.80232e-12 -2.19105e-10 0)
(-1.23959e-11 -2.39362e-10 0)
(-1.5892e-11 -2.54541e-10 0)
(-1.91863e-11 -2.64976e-10 0)
(-2.28064e-11 -2.70998e-10 0)
(-2.64772e-11 -2.72932e-10 0)
(-3.00362e-11 -2.71168e-10 0)
(-3.34831e-11 -2.65969e-10 0)
(-3.68716e-11 -2.57657e-10 0)
(-4.01388e-11 -2.46533e-10 0)
(-4.32367e-11 -2.32911e-10 0)
(-4.61524e-11 -2.17061e-10 0)
(-4.88768e-11 -1.99269e-10 0)
(-5.13962e-11 -1.79816e-10 0)
(-5.36908e-11 -1.58982e-10 0)
(-5.57475e-11 -1.3701e-10 0)
(-5.75323e-11 -1.14161e-10 0)
(-5.90176e-11 -9.06902e-11 0)
(-6.02049e-11 -6.68721e-11 0)
(-6.11085e-11 -4.29303e-11 0)
(-6.17578e-11 -1.91292e-11 0)
(-6.21797e-11 4.37755e-12 0)
(-6.23777e-11 2.74223e-11 0)
(-6.23057e-11 4.98712e-11 0)
(-6.19402e-11 7.15498e-11 0)
(-6.12964e-11 9.23154e-11 0)
(-6.03791e-11 1.11992e-10 0)
(-5.91992e-11 1.30472e-10 0)
(-5.77769e-11 1.47644e-10 0)
(-5.61097e-11 1.63414e-10 0)
(-5.42168e-11 1.7772e-10 0)
(-5.21063e-11 1.90475e-10 0)
(-4.97822e-11 2.01628e-10 0)
(-4.72718e-11 2.11117e-10 0)
(-4.45761e-11 2.1888e-10 0)
(-4.16998e-11 2.24877e-10 0)
(-3.86741e-11 2.29026e-10 0)
(-3.54595e-11 2.31243e-10 0)
(-3.23606e-11 2.31476e-10 0)
(-2.88872e-11 2.29669e-10 0)
(-2.54695e-11 2.25637e-10 0)
(-2.20552e-11 2.19274e-10 0)
(-1.83883e-11 2.10417e-10 0)
(-1.48142e-11 1.98882e-10 0)
(-1.15869e-11 1.84522e-10 0)
(-7.94727e-12 1.67059e-10 0)
(-5.09873e-12 1.46011e-10 0)
(-3.89152e-12 1.21463e-10 0)
(-1.19182e-12 9.29098e-11 0)
(-4.9144e-13 5.91982e-11 0)
(2.49081e-13 2.17814e-11 0)
(-8.49853e-13 -2.88593e-11 0)
(-4.44513e-13 -7.83192e-11 0)
(-3.0317e-12 -1.21778e-10 0)
(-6.76002e-12 -1.58732e-10 0)
(-1.06027e-11 -1.89708e-10 0)
(-1.50512e-11 -2.14973e-10 0)
(-2.08855e-11 -2.34875e-10 0)
(-2.68389e-11 -2.49806e-10 0)
(-3.27404e-11 -2.60077e-10 0)
(-3.90686e-11 -2.66021e-10 0)
(-4.55327e-11 -2.67969e-10 0)
(-5.18829e-11 -2.66238e-10 0)
(-5.81375e-11 -2.61139e-10 0)
(-6.42719e-11 -2.52982e-10 0)
(-7.01872e-11 -2.42065e-10 0)
(-7.58137e-11 -2.28669e-10 0)
(-8.11092e-11 -2.13085e-10 0)
(-8.60467e-11 -1.95594e-10 0)
(-9.05898e-11 -1.76471e-10 0)
(-9.46909e-11 -1.55969e-10 0)
(-9.83186e-11 -1.34362e-10 0)
(-1.01466e-10 -1.11889e-10 0)
(-1.04118e-10 -8.88177e-11 0)
(-1.06241e-10 -6.53917e-11 0)
(-1.07853e-10 -4.18724e-11 0)
(-1.08959e-10 -1.8464e-11 0)
(-1.09534e-10 4.63661e-12 0)
(-1.09591e-10 2.73003e-11 0)
(-1.0914e-10 4.9373e-11 0)
(-1.0817e-10 7.06891e-11 0)
(-1.06708e-10 9.10763e-11 0)
(-1.04784e-10 1.10397e-10 0)
(-1.02399e-10 1.28514e-10 0)
(-9.95805e-11 1.45353e-10 0)
(-9.63426e-11 1.60813e-10 0)
(-9.27015e-11 1.74809e-10 0)
(-8.86865e-11 1.87284e-10 0)
(-8.43306e-11 1.9817e-10 0)
(-7.96682e-11 2.07408e-10 0)
(-7.47148e-11 2.14963e-10 0)
(-6.94989e-11 2.20758e-10 0)
(-6.40799e-11 2.24746e-10 0)
(-5.85022e-11 2.26864e-10 0)
(-5.284e-11 2.27008e-10 0)
(-4.7004e-11 2.25093e-10 0)
(-4.11728e-11 2.2105e-10 0)
(-3.54082e-11 2.14713e-10 0)
(-2.95587e-11 2.05947e-10 0)
(-2.37622e-11 1.94582e-10 0)
(-1.82781e-11 1.80406e-10 0)
(-1.36693e-11 1.63168e-10 0)
(-9.11705e-12 1.42793e-10 0)
(-4.1979e-12 1.18507e-10 0)
(-3.1601e-12 9.01141e-11 0)
(-2.17571e-12 5.80633e-11 0)
(-5.09166e-14 2.12031e-11 0)
(-6.26284e-13 -2.79872e-11 0)
(-9.27555e-13 -7.61064e-11 0)
(-4.1871e-12 -1.18313e-10 0)
(-9.30271e-12 -1.54181e-10 0)
(-1.47952e-11 -1.84244e-10 0)
(-2.11174e-11 -2.08757e-10 0)
(-2.91249e-11 -2.28072e-10 0)
(-3.74659e-11 -2.42564e-10 0)
(-4.5892e-11 -2.52535e-10 0)
(-5.48576e-11 -2.58311e-10 0)
(-6.40237e-11 -2.60203e-10 0)
(-7.30878e-11 -2.58523e-10 0)
(-8.20464e-11 -2.53569e-10 0)
(-9.08393e-11 -2.45638e-10 0)
(-9.93203e-11 -2.35017e-10 0)
(-1.07389e-10 -2.21987e-10 0)
(-1.14994e-10 -2.06825e-10 0)
(-1.22077e-10 -1.89812e-10 0)
(-1.28568e-10 -1.71204e-10 0)
(-1.34425e-10 -1.51267e-10 0)
(-1.39611e-10 -1.30254e-10 0)
(-1.44078e-10 -1.08428e-10 0)
(-1.47805e-10 -8.60123e-11 0)
(-1.50797e-10 -6.32557e-11 0)
(-1.53043e-10 -4.0382e-11 0)
(-1.54531e-10 -1.75814e-11 0)
(-1.55241e-10 4.95909e-12 0)
(-1.55167e-10 2.70463e-11 0)
(-1.54338e-10 4.85187e-11 0)
(-1.52792e-10 6.92127e-11 0)
(-1.5056e-10 8.8988e-11 0)
(-1.47663e-10 1.07715e-10 0)
(-1.44094e-10 1.25289e-10 0)
(-1.39888e-10 1.41598e-10 0)
(-1.35103e-10 1.56566e-10 0)
(-1.29761e-10 1.701e-10 0)
(-1.23902e-10 1.82149e-10 0)
(-1.17574e-10 1.92641e-10 0)
(-1.10813e-10 2.01535e-10 0)
(-1.03675e-10 2.08776e-10 0)
(-9.62108e-11 2.14306e-10 0)
(-8.84736e-11 2.18072e-10 0)
(-8.05629e-11 2.20023e-10 0)
(-7.2527e-11 2.20064e-10 0)
(-6.4351e-11 2.18117e-10 0)
(-5.621e-11 2.14098e-10 0)
(-4.82118e-11 2.07877e-10 0)
(-4.01197e-11 1.99308e-10 0)
(-3.23586e-11 1.88204e-10 0)
(-2.52705e-11 1.74409e-10 0)
(-1.79805e-11 1.57715e-10 0)
(-1.1966e-11 1.37675e-10 0)
(-8.31613e-12 1.14242e-10 0)
(-3.21848e-12 8.74112e-11 0)
(-1.3014e-12 5.57227e-11 0)
(4.40916e-13 2.05767e-11 0)
(-7.86129e-13 -2.6961e-11 0)
(-1.28724e-12 -7.30438e-11 0)
(-5.53255e-12 -1.13746e-10 0)
(-1.17567e-11 -1.48168e-10 0)
(-1.88255e-11 -1.76957e-10 0)
(-2.70247e-11 -2.00483e-10 0)
(-3.71553e-11 -2.18994e-10 0)
(-4.78128e-11 -2.32872e-10 0)
(-5.86944e-11 -2.42421e-10 0)
(-7.02102e-11 -2.47946e-10 0)
(-8.19865e-11 -2.4974e-10 0)
(-9.36843e-11 -2.48113e-10 0)
(-1.05257e-10 -2.43343e-10 0)
(-1.16603e-10 -2.35713e-10 0)
(-1.27554e-10 -2.25487e-10 0)
(-1.37982e-10 -2.12949e-10 0)
(-1.47807e-10 -1.98363e-10 0)
(-1.56946e-10 -1.81995e-10 0)
(-1.65321e-10 -1.64092e-10 0)
(-1.72862e-10 -1.44925e-10 0)
(-1.79522e-10 -1.24713e-10 0)
(-1.85258e-10 -1.03717e-10 0)
(-1.90044e-10 -8.21521e-11 0)
(-1.93854e-10 -6.02781e-11 0)
(-1.96664e-10 -3.82683e-11 0)
(-1.98463e-10 -1.63587e-11 0)
(-1.99258e-10 5.30721e-12 0)
(-1.99069e-10 2.6514e-11 0)
(-1.97915e-10 4.71323e-11 0)
(-1.95807e-10 6.69758e-11 0)
(-1.92783e-10 8.59596e-11 0)
(-1.88886e-10 1.03915e-10 0)
(-1.84145e-10 1.20781e-10 0)
(-1.78609e-10 1.36387e-10 0)
(-1.72324e-10 1.50709e-10 0)
(-1.65328e-10 1.63625e-10 0)
(-1.57674e-10 1.75125e-10 0)
(-1.49429e-10 1.85097e-10 0)
(-1.40652e-10 1.93552e-10 0)
(-1.31414e-10 2.00381e-10 0)
(-1.21772e-10 2.05599e-10 0)
(-1.11812e-10 2.09097e-10 0)
(-1.01645e-10 2.10869e-10 0)
(-9.1343e-11 2.1079e-10 0)
(-8.09188e-11 2.08845e-10 0)
(-7.05545e-11 2.04894e-10 0)
(-6.03864e-11 1.98867e-10 0)
(-5.03282e-11 1.90565e-10 0)
(-4.05321e-11 1.79903e-10 0)
(-3.12729e-11 1.66622e-10 0)
(-2.33852e-11 1.50521e-10 0)
(-1.57949e-11 1.31501e-10 0)
(-7.93594e-12 1.09051e-10 0)
(-5.41212e-12 8.28465e-11 0)
(-3.1575e-12 5.34102e-11 0)
(-2.22293e-13 1.95117e-11 0)
(-5.85311e-13 -2.56386e-11 0)
(-1.84241e-12 -6.94282e-11 0)
(-6.59679e-12 -1.08024e-10 0)
(-1.40985e-11 -1.40693e-10 0)
(-2.28117e-11 -1.67969e-10 0)
(-3.28541e-11 -1.90248e-10 0)
(-4.50171e-11 -2.07747e-10 0)
(-5.79306e-11 -2.20845e-10 0)
(-7.11932e-11 -2.29863e-10 0)
(-8.51756e-11 -2.35059e-10 0)
(-9.94767e-11 -2.36736e-10 0)
(-1.13715e-10 -2.3515e-10 0)
(-1.27802e-10 -2.30608e-10 0)
(-1.41604e-10 -2.23324e-10 0)
(-1.54924e-10 -2.13618e-10 0)
(-1.67617e-10 -2.01679e-10 0)
(-1.79574e-10 -1.87836e-10 0)
(-1.90687e-10 -1.72254e-10 0)
(-2.00863e-10 -1.55282e-10 0)
(-2.10013e-10 -1.37042e-10 0)
(-2.18078e-10 -1.17891e-10 0)
(-2.25001e-10 -9.79183e-11 0)
(-2.30761e-10 -7.74928e-11 0)
(-2.35329e-10 -5.66632e-11 0)
(-2.38685e-10 -3.58047e-11 0)
(-2.40809e-10 -1.49399e-11 0)
(-2.41688e-10 5.56023e-12 0)
(-2.41335e-10 2.57386e-11 0)
(-2.39788e-10 4.52374e-11 0)
(-2.37083e-10 6.41333e-11 0)
(-2.33278e-10 8.20732e-11 0)
(-2.28416e-10 9.91563e-11 0)
(-2.22543e-10 1.15039e-10 0)
(-2.15703e-10 1.29857e-10 0)
(-2.07953e-10 1.43299e-10 0)
(-1.9935e-10 1.55541e-10 0)
(-1.89968e-10 1.66279e-10 0)
(-1.79879e-10 1.75702e-10 0)
(-1.69156e-10 1.83529e-10 0)
(-1.57885e-10 1.89957e-10 0)
(-1.46151e-10 1.94717e-10 0)
(-1.34058e-10 1.97984e-10 0)
(-1.21741e-10 1.99492e-10 0)
(-1.09272e-10 1.99374e-10 0)
(-9.66837e-11 1.97385e-10 0)
(-8.42082e-11 1.93615e-10 0)
(-7.20186e-11 1.87783e-10 0)
(-5.98965e-11 1.7993e-10 0)
(-4.83268e-11 1.69731e-10 0)
(-3.7765e-11 1.57171e-10 0)
(-2.71723e-11 1.41988e-10 0)
(-1.8304e-11 1.23676e-10 0)
(-1.25767e-11 1.02433e-10 0)
(-5.15356e-12 7.84023e-11 0)
(-1.79408e-12 4.98606e-11 0)
(3.84421e-13 1.83391e-11 0)
(-6.46692e-13 -2.4152e-11 0)
(-2.35082e-12 -6.51654e-11 0)
(-7.84245e-12 -1.01275e-10 0)
(-1.65182e-11 -1.31803e-10 0)
(-2.67731e-11 -1.57245e-10 0)
(-3.86121e-11 -1.78073e-10 0)
(-5.27687e-11 -1.94375e-10 0)
(-6.78794e-11 -2.06565e-10 0)
(-8.3454e-11 -2.14936e-10 0)
(-9.98237e-11 -2.19768e-10 0)
(-1.16547e-10 -2.2128e-10 0)
(-1.33228e-10 -2.19785e-10 0)
(-1.49724e-10 -2.15479e-10 0)
(-1.65892e-10 -2.08664e-10 0)
(-1.81487e-10 -1.995e-10 0)
(-1.96346e-10 -1.88337e-10 0)
(-2.10326e-10 -1.75314e-10 0)
(-2.23336e-10 -1.60774e-10 0)
(-2.35224e-10 -1.44809e-10 0)
(-2.45911e-10 -1.27784e-10 0)
(-2.55303e-10 -1.09782e-10 0)
(-2.63365e-10 -9.11595e-11 0)
(-2.70032e-10 -7.19727e-11 0)
(-2.75291e-10 -5.25545e-11 0)
(-2.79105e-10 -3.29535e-11 0)
(-2.8148e-10 -1.34936e-11 0)
(-2.82385e-10 5.8033e-12 0)
(-2.81859e-10 2.46136e-11 0)
(-2.79926e-10 4.2949e-11 0)
(-2.76635e-10 6.05272e-11 0)
(-2.72044e-10 7.73862e-11 0)
(-2.66233e-10 9.32573e-11 0)
(-2.59243e-10 1.08178e-10 0)
(-2.51138e-10 1.21909e-10 0)
(-2.4197e-10 1.34503e-10 0)
(-2.31817e-10 1.45754e-10 0)
(-2.20762e-10 1.5577e-10 0)
(-2.08895e-10 1.64365e-10 0)
(-1.96305e-10 1.7164e-10 0)
(-1.83084e-10 1.77415e-10 0)
(-1.69347e-10 1.818e-10 0)
(-1.55203e-10 1.8464e-10 0)
(-1.40827e-10 1.86017e-10 0)
(-1.26286e-10 1.85768e-10 0)
(-1.11658e-10 1.83912e-10 0)
(-9.71684e-11 1.80271e-10 0)
(-8.30064e-11 1.74825e-10 0)
(-6.91326e-11 1.67385e-10 0)
(-5.57551e-11 1.57907e-10 0)
(-4.30812e-11 1.46171e-10 0)
(-3.24305e-11 1.31822e-10 0)
(-2.22612e-11 1.15006e-10 0)
(-1.14469e-11 9.54138e-11 0)
(-7.47456e-12 7.21338e-11 0)
(-4.22382e-12 4.66357e-11 0)
(-1.4071e-13 1.68581e-11 0)
(-4.80554e-13 -2.23839e-11 0)
(-2.98298e-12 -6.0347e-11 0)
(-9.03581e-12 -9.34463e-11 0)
(-1.88939e-11 -1.21629e-10 0)
(-3.08105e-11 -1.44869e-10 0)
(-4.44524e-11 -1.63947e-10 0)
(-6.04979e-11 -1.78901e-10 0)
(-7.77302e-11 -1.90043e-10 0)
(-9.55578e-11 -1.97658e-10 0)
(-1.14218e-10 -2.0206e-10 0)
(-1.33285e-10 -2.03405e-10 0)
(-1.52303e-10 -2.0201e-10 0)
(-1.71116e-10 -1.97975e-10 0)
(-1.89504e-10 -1.91697e-10 0)
(-2.07271e-10 -1.83193e-10 0)
(-2.24206e-10 -1.72944e-10 0)
(-2.40158e-10 -1.60866e-10 0)
(-2.54936e-10 -1.47523e-10 0)
(-2.68449e-10 -1.32735e-10 0)
(-2.80578e-10 -1.17134e-10 0)
(-2.91242e-10 -1.00449e-10 0)
(-3.00352e-10 -8.34036e-11 0)
(-3.07864e-10 -6.55951e-11 0)
(-3.13749e-10 -4.78553e-11 0)
(-3.17989e-10 -2.96518e-11 0)
(-3.20556e-10 -1.19105e-11 0)
(-3.21463e-10 6.00923e-12 0)
(-3.20724e-10 2.31076e-11 0)
(-3.18373e-10 4.01495e-11 0)
(-3.14461e-10 5.6099e-11 0)
(-3.09078e-10 7.18011e-11 0)
(-3.02311e-10 8.61711e-11 0)
(-2.94224e-10 1.00102e-10 0)
(-2.84889e-10 1.12444e-10 0)
(-2.74379e-10 1.24188e-10 0)
(-2.62744e-10 1.34203e-10 0)
(-2.50076e-10 1.43541e-10 0)
(-2.36499e-10 1.51083e-10 0)
(-2.22119e-10 1.57857e-10 0)
(-2.07046e-10 1.62794e-10 0)
(-1.91375e-10 1.66912e-10 0)
(-1.75261e-10 1.69201e-10 0)
(-1.5887e-10 1.70584e-10 0)
(-1.42355e-10 1.70097e-10 0)
(-1.25779e-10 1.68512e-10 0)
(-1.09421e-10 1.64954e-10 0)
(-9.34703e-11 1.60093e-10 0)
(-7.7733e-11 1.53105e-10 0)
(-6.27226e-11 1.44536e-10 0)
(-4.91994e-11 1.33571e-10 0)
(-3.5755e-11 1.20737e-10 0)
(-2.41004e-11 1.05181e-10 0)
(-1.67358e-11 8.69011e-11 0)
(-7.06236e-12 6.62248e-11 0)
(-2.29052e-12 4.25499e-11 0)
(5.41287e-13 1.54361e-11 0)
(-3.3546e-13 -2.05638e-11 0)
(-3.41146e-12 -5.51625e-11 0)
(-1.03746e-11 -8.51678e-11 0)
(-2.14584e-11 -1.10618e-10 0)
(-3.47659e-11 -1.31596e-10 0)
(-5.02977e-11 -1.48559e-10 0)
(-6.82707e-11 -1.61979e-10 0)
(-8.75241e-11 -1.71874e-10 0)
(-1.07527e-10 -1.78701e-10 0)
(-1.28431e-10 -1.82513e-10 0)
(-1.49748e-10 -1.83771e-10 0)
(-1.70975e-10 -1.82346e-10 0)
(-1.92e-10 -1.78851e-10 0)
(-2.12548e-10 -1.72985e-10 0)
(-2.32412e-10 -1.65544e-10 0)
(-2.51288e-10 -1.56028e-10 0)
(-2.69076e-10 -1.45427e-10 0)
(-2.85559e-10 -1.33016e-10 0)
(-3.00631e-10 -1.20027e-10 0)
(-3.14098e-10 -1.05511e-10 0)
(-3.25952e-10 -9.08896e-11 0)
(-3.36017e-10 -7.49806e-11 0)
(-3.44335e-10 -5.94034e-11 0)
(-3.50771e-10 -4.2779e-11 0)
(-3.5539e-10 -2.68851e-11 0)
(-3.58108e-10 -1.01755e-11 0)
(-3.5899e-10 5.40913e-12 0)
(-3.57986e-10 2.15865e-11 0)
(-3.55195e-10 3.63043e-11 0)
(-3.50628e-10 5.1466e-11 0)
(-3.44437e-10 6.49292e-11 0)
(-3.36696e-10 7.86626e-11 0)
(-3.27556e-10 9.04302e-11 0)
(-3.17027e-10 1.02301e-10 0)
(-3.05188e-10 1.12046e-10 0)
(-2.92102e-10 1.2184e-10 0)
(-2.77882e-10 1.29433e-10 0)
(-2.62682e-10 1.36983e-10 0)
(-2.46581e-10 1.42295e-10 0)
(-2.29716e-10 1.47464e-10 0)
(-2.12171e-10 1.50444e-10 0)
(-1.94177e-10 1.53201e-10 0)
(-1.75884e-10 1.5378e-10 0)
(-1.57526e-10 1.53917e-10 0)
(-1.39107e-10 1.51873e-10 0)
(-1.2096e-10 1.49159e-10 0)
(-1.03228e-10 1.44228e-10 0)
(-8.59958e-11 1.38348e-10 0)
(-6.94568e-11 1.30152e-10 0)
(-5.3827e-11 1.20748e-10 0)
(-4.04547e-11 1.08879e-10 0)
(-2.83197e-11 9.49262e-11 0)
(-1.51145e-11 7.89938e-11 0)
(-8.94441e-12 6.01812e-11 0)
(-4.7947e-12 3.84829e-11 0)
(3.89915e-13 1.42734e-11 0)
(-3.80921e-13 -1.87629e-11 0)
(-3.96562e-12 -4.93168e-11 0)
(-1.17912e-11 -7.61189e-11 0)
(-2.41679e-11 -9.83586e-11 0)
(-3.89554e-11 -1.16903e-10 0)
(-5.61769e-11 -1.3167e-10 0)
(-7.60521e-11 -1.43254e-10 0)
(-9.73261e-11 -1.51892e-10 0)
(-1.19408e-10 -1.57739e-10 0)
(-1.42501e-10 -1.61079e-10 0)
(-1.65955e-10 -1.62033e-10 0)
(-1.89417e-10 -1.60867e-10 0)
(-2.12515e-10 -1.57669e-10 0)
(-2.35163e-10 -1.52668e-10 0)
(-2.56922e-10 -1.45955e-10 0)
(-2.77737e-10 -1.37779e-10 0)
(-2.97195e-10 -1.28236e-10 0)
(-3.15315e-10 -1.17555e-10 0)
(-3.31756e-10 -1.05827e-10 0)
(-3.46573e-10 -9.33357e-11 0)
(-3.59439e-10 -8.01147e-11 0)
(-3.7046e-10 -6.64282e-11 0)
(-3.79394e-10 -5.23218e-11 0)
(-3.86372e-10 -3.79818e-11 0)
(-3.91215e-10 -2.35287e-11 0)
(-3.94069e-10 -9.08155e-12 0)
(-3.94797e-10 5.13641e-12 0)
(-3.9356e-10 1.90781e-11 0)
(-3.9025e-10 3.25327e-11 0)
(-3.85052e-10 4.55261e-11 0)
(-3.78035e-10 5.78488e-11 0)
(-3.69419e-10 6.95406e-11 0)
(-3.59209e-10 8.03184e-11 0)
(-3.47514e-10 9.03065e-11 0)
(-3.34343e-10 9.9261e-11 0)
(-3.19811e-10 1.0741e-10 0)
(-3.04075e-10 1.145e-10 0)
(-2.8724e-10 1.20778e-10 0)
(-2.69512e-10 1.25827e-10 0)
(-2.50886e-10 1.30043e-10 0)
(-2.31618e-10 1.33058e-10 0)
(-2.11795e-10 1.35182e-10 0)
(-1.91833e-10 1.36033e-10 0)
(-1.71684e-10 1.35879e-10 0)
(-1.51647e-10 1.34325e-10 0)
(-1.3182e-10 1.31653e-10 0)
(-1.12635e-10 1.27448e-10 0)
(-9.37173e-11 1.22043e-10 0)
(-7.57319e-11 1.15062e-10 0)
(-5.93159e-11 1.06576e-10 0)
(-4.37669e-11 9.61116e-11 0)
(-2.94083e-11 8.46577e-11 0)
(-1.99883e-11 7.00277e-11 0)
(-8.98243e-12 5.3416e-11 0)
(-2.33062e-12 3.48356e-11 0)
(3.29922e-13 1.29779e-11 0)
(-7.61681e-13 -1.65486e-11 0)
(-4.26625e-12 -4.29499e-11 0)
(-1.34397e-11 -6.57543e-11 0)
(-2.70711e-11 -8.41677e-11 0)
(-4.33831e-11 -9.94326e-11 0)
(-6.2157e-11 -1.11629e-10 0)
(-8.39555e-11 -1.21104e-10 0)
(-1.07176e-10 -1.28268e-10 0)
(-1.31315e-10 -1.32976e-10 0)
(-1.56463e-10 -1.3582e-10 0)
(-1.82072e-10 -1.36405e-10 0)
(-2.07566e-10 -1.35547e-10 0)
(-2.32751e-10 -1.3256e-10 0)
(-2.57309e-10 -1.28607e-10 0)
(-2.8101e-10 -1.22574e-10 0)
(-3.03516e-10 -1.16065e-10 0)
(-3.24671e-10 -1.07498e-10 0)
(-3.44222e-10 -9.90014e-11 0)
(-3.62089e-10 -8.84629e-11 0)
(-3.78007e-10 -7.85372e-11 0)
(-3.91939e-10 -6.65733e-11 0)
(-4.03715e-10 -5.57642e-11 0)
(-4.13303e-10 -4.29203e-11 0)
(-4.20645e-10 -3.17664e-11 0)
(-4.25734e-10 -1.84861e-11 0)
(-4.28585e-10 -7.34384e-12 0)
(-4.29213e-10 5.833e-12 0)
(-4.27594e-10 1.63342e-11 0)
(-4.23807e-10 2.87917e-11 0)
(-4.17912e-10 3.81878e-11 0)
(-4.1009e-10 4.95332e-11 0)
(-4.0052e-10 5.75757e-11 0)
(-3.89305e-10 6.76976e-11 0)
(-3.76457e-10 7.45141e-11 0)
(-3.61994e-10 8.34957e-11 0)
(-3.46033e-10 8.8986e-11 0)
(-3.28713e-10 9.65116e-11 0)
(-3.10389e-10 1.00432e-10 0)
(-2.91029e-10 1.06278e-10 0)
(-2.70752e-10 1.08698e-10 0)
(-2.49761e-10 1.12745e-10 0)
(-2.2832e-10 1.13273e-10 0)
(-2.06641e-10 1.15185e-10 0)
(-1.84986e-10 1.13863e-10 0)
(-1.63355e-10 1.13619e-10 0)
(-1.42109e-10 1.10328e-10 0)
(-1.21341e-10 1.07803e-10 0)
(-1.01095e-10 1.02466e-10 0)
(-8.18192e-11 9.73833e-11 0)
(-6.38056e-11 8.97144e-11 0)
(-4.74559e-11 8.20386e-11 0)
(-3.34175e-11 7.15383e-11 0)
(-1.91063e-11 5.97813e-11 0)
(-1.03233e-11 4.70421e-11 0)
(-4.25226e-12 2.97388e-11 0)
(-5.48813e-13 1.12727e-11 0)
(-5.61391e-14 -1.40555e-11 0)
(-5.17655e-12 -3.55806e-11 0)
(-1.46735e-11 -5.38312e-11 0)
(-2.93889e-11 -6.83599e-11 0)
(-4.74055e-11 -7.98699e-11 0)
(-6.798e-11 -8.93371e-11 0)
(-9.17309e-11 -9.67549e-11 0)
(-1.16932e-10 -1.01989e-10 0)
(-1.43162e-10 -1.05803e-10 0)
(-1.70346e-10 -1.07714e-10 0)
(-1.98026e-10 -1.08418e-10 0)
(-2.2552e-10 -1.07266e-10 0)
(-2.52753e-10 -1.05339e-10 0)
(-2.79171e-10 -1.01577e-10 0)
(-3.04734e-10 -9.74445e-11 0)
(-3.28877e-10 -9.14306e-11 0)
(-3.51674e-10 -8.55048e-11 0)
(-3.72582e-10 -7.76442e-11 0)
(-3.91758e-10 -7.03726e-11 0)
(-4.08706e-10 -6.10703e-11 0)
(-4.23627e-10 -5.29047e-11 0)
(-4.36089e-10 -4.26614e-11 0)
(-4.46388e-10 -3.40737e-11 0)
(-4.54039e-10 -2.3351e-11 0)
(-4.59379e-10 -1.46536e-11 0)
(-4.62165e-10 -3.73918e-12 0)
(-4.62717e-10 4.6293e-12 0)
(-4.6079e-10 1.50414e-11 0)
(-4.56662e-10 2.23714e-11 0)
(-4.50203e-10 3.17011e-11 0)
(-4.41748e-10 3.77308e-11 0)
(-4.31167e-10 4.60567e-11 0)
(-4.18622e-10 5.12432e-11 0)
(-4.04174e-10 5.89722e-11 0)
(-3.88149e-10 6.35589e-11 0)
(-3.70652e-10 7.05785e-11 0)
(-3.51866e-10 7.4249e-11 0)
(-3.31933e-10 8.00858e-11 0)
(-3.10804e-10 8.27772e-11 0)
(-2.88984e-10 8.72132e-11 0)
(-2.66555e-10 8.84154e-11 0)
(-2.43777e-10 9.10895e-11 0)
(-2.20549e-10 9.06236e-11 0)
(-1.97427e-10 9.14168e-11 0)
(-1.74229e-10 8.94854e-11 0)
(-1.5156e-10 8.85198e-11 0)
(-1.29309e-10 8.51094e-11 0)
(-1.07848e-10 8.22752e-11 0)
(-8.7092e-11 7.73123e-11 0)
(-6.81445e-11 7.25375e-11 0)
(-5.02516e-11 6.55726e-11 0)
(-3.46877e-11 5.82068e-11 0)
(-2.20112e-11 4.95647e-11 0)
(-1.07241e-11 3.74612e-11 0)
(-3.63313e-12 2.55133e-11 0)
(5.65024e-13 9.24012e-12 0)
(-1.28562e-12 -1.04996e-11 0)
(-5.65695e-12 -2.69624e-11 0)
(-1.65493e-11 -3.95316e-11 0)
(-3.21413e-11 -5.06555e-11 0)
(-5.15982e-11 -5.88749e-11 0)
(-7.42127e-11 -6.59475e-11 0)
(-9.95372e-11 -7.14415e-11 0)
(-1.26769e-10 -7.53954e-11 0)
(-1.55036e-10 -7.81132e-11 0)
(-1.84326e-10 -7.96261e-11 0)
(-2.13902e-10 -7.99987e-11 0)
(-2.4353e-10 -7.93036e-11 0)
(-2.72557e-10 -7.76849e-11 0)
(-3.01005e-10 -7.51227e-11 0)
(-3.28154e-10 -7.1804e-11 0)
(-3.54127e-10 -6.76405e-11 0)
(-3.78213e-10 -6.29152e-11 0)
(-4.0068e-10 -5.74352e-11 0)
(-4.20825e-10 -5.16288e-11 0)
(-4.39012e-10 -4.52048e-11 0)
(-4.54599e-10 -3.86652e-11 0)
(-4.67988e-10 -3.16326e-11 0)
(-4.78591e-10 -2.47419e-11 0)
(-4.86826e-10 -1.74408e-11 0)
(-4.9217e-10 -1.03842e-11 0)
(-4.95122e-10 -2.90514e-12 0)
(-4.95354e-10 4.00051e-12 0)
(-4.93291e-10 1.0997e-11 0)
(-4.88658e-10 1.71116e-11 0)
(-4.81778e-10 2.32255e-11 0)
(-4.72333e-10 2.8489e-11 0)
(-4.60621e-10 3.39526e-11 0)
(-4.46664e-10 3.86757e-11 0)
(-4.3077e-10 4.37081e-11 0)
(-4.13116e-10 4.78989e-11 0)
(-3.93963e-10 5.22685e-11 0)
(-3.73561e-10 5.56291e-11 0)
(-3.51828e-10 5.92091e-11 0)
(-3.29387e-10 6.16343e-11 0)
(-3.06061e-10 6.42443e-11 0)
(-2.82274e-10 6.55641e-11 0)
(-2.57942e-10 6.687e-11 0)
(-2.33588e-10 6.69391e-11 0)
(-2.08851e-10 6.70631e-11 0)
(-1.84458e-10 6.5992e-11 0)
(-1.60205e-10 6.49181e-11 0)
(-1.36863e-10 6.2671e-11 0)
(-1.13778e-10 6.03881e-11 0)
(-9.20859e-11 5.68539e-11 0)
(-7.17282e-11 5.30698e-11 0)
(-5.36295e-11 4.82638e-11 0)
(-3.68664e-11 4.25593e-11 0)
(-2.2693e-11 3.58854e-11 0)
(-1.22641e-11 2.81864e-11 0)
(-4.89997e-12 1.85654e-11 0)
(-9.89426e-13 6.82514e-12 0)
(6.46143e-14 -6.20876e-12 0)
(-7.43147e-12 -1.5778e-11 0)
(-1.85423e-11 -2.40545e-11 0)
(-3.60352e-11 -3.04616e-11 0)
(-5.66857e-11 -3.60848e-11 0)
(-8.10997e-11 -4.085e-11 0)
(-1.08256e-10 -4.4536e-11 0)
(-1.37181e-10 -4.72309e-11 0)
(-1.67383e-10 -4.88652e-11 0)
(-1.98493e-10 -4.99999e-11 0)
(-2.30089e-10 -5.01403e-11 0)
(-2.61531e-10 -4.99204e-11 0)
(-2.92577e-10 -4.86344e-11 0)
(-3.22676e-10 -4.73265e-11 0)
(-3.5169e-10 -4.48962e-11 0)
(-3.79108e-10 -4.26796e-11 0)
(-4.04833e-10 -3.91794e-11 0)
(-4.2844e-10 -3.62909e-11 0)
(-4.4995e-10 -3.20054e-11 0)
(-4.68941e-10 -2.8747e-11 0)
(-4.85503e-10 -2.39395e-11 0)
(-4.99352e-10 -2.04354e-11 0)
(-5.10618e-10 -1.52078e-11 0)
(-5.19079e-10 -1.20312e-11 0)
(-5.24788e-10 -6.78137e-12 0)
(-5.27461e-10 -3.05535e-12 0)
(-5.2746e-10 2.9271e-12 0)
(-5.24661e-10 6.52278e-12 0)
(-5.19417e-10 1.17654e-11 0)
(-5.11625e-10 1.42679e-11 0)
(-5.01411e-10 1.92811e-11 0)
(-4.88611e-10 2.189e-11 0)
(-4.73366e-10 2.67726e-11 0)
(-4.56033e-10 2.86677e-11 0)
(-4.37028e-10 3.27243e-11 0)
(-4.16545e-10 3.375e-11 0)
(-3.94629e-10 3.70203e-11 0)
(-3.71624e-10 3.74362e-11 0)
(-3.4739e-10 3.99536e-11 0)
(-3.22567e-10 3.97224e-11 0)
(-2.97375e-10 4.14318e-11 0)
(-2.71829e-10 4.07082e-11 0)
(-2.45785e-10 4.19268e-11 0)
(-2.19826e-10 4.07995e-11 0)
(-1.93912e-10 4.11755e-11 0)
(-1.68562e-10 3.94428e-11 0)
(-1.43738e-10 3.89189e-11 0)
(-1.19894e-10 3.65265e-11 0)
(-9.70484e-11 3.49342e-11 0)
(-7.58052e-11 3.17298e-11 0)
(-5.63914e-11 2.87612e-11 0)
(-3.9309e-11 2.49595e-11 0)
(-2.50719e-11 2.10596e-11 0)
(-1.27433e-11 1.61904e-11 0)
(-5.55173e-12 1.04311e-11 0)
(5.3997e-13 3.85637e-12 0)
(-9.24178e-13 -2.18259e-12 0)
(-8.37235e-12 -5.52297e-12 0)
(-2.11966e-11 -7.49167e-12 0)
(-3.95803e-11 -1.06807e-11 0)
(-6.24106e-11 -1.22031e-11 0)
(-8.81968e-11 -1.36918e-11 0)
(-1.16784e-10 -1.48021e-11 0)
(-1.47452e-10 -1.56399e-11 0)
(-1.79596e-10 -1.63306e-11 0)
(-2.12721e-10 -1.66801e-11 0)
(-2.46192e-10 -1.66862e-11 0)
(-2.79588e-10 -1.65177e-11 0)
(-3.12469e-10 -1.61703e-11 0)
(-3.44492e-10 -1.55682e-11 0)
(-3.75176e-10 -1.4766e-11 0)
(-4.04277e-10 -1.38412e-11 0)
(-4.31446e-10 -1.28331e-11 0)
(-4.56489e-10 -1.16476e-11 0)
(-4.79093e-10 -1.0435e-11 0)
(-4.99202e-10 -9.03819e-12 0)
(-5.16591e-10 -7.64593e-12 0)
(-5.31148e-10 -6.05384e-12 0)
(-5.42527e-10 -4.2392e-12 0)
(-5.51087e-10 -2.18663e-12 0)
(-5.56912e-10 -7.40206e-13 0)
(-5.59695e-10 3.12188e-13 0)
(-5.59444e-10 8.6057e-13 0)
(-5.5614e-10 1.84528e-12 0)
(-5.49896e-10 3.3037e-12 0)
(-5.41019e-10 5.18377e-12 0)
(-5.29555e-10 6.48703e-12 0)
(-5.15621e-10 7.61794e-12 0)
(-4.99384e-10 8.4129e-12 0)
(-4.81102e-10 9.4397e-12 0)
(-4.60861e-10 1.01412e-11 0)
(-4.38922e-10 1.10469e-11 0)
(-4.15537e-10 1.15924e-11 0)
(-3.90892e-10 1.22746e-11 0)
(-3.65409e-10 1.25041e-11 0)
(-3.39153e-10 1.30315e-11 0)
(-3.12255e-10 1.32092e-11 0)
(-2.84926e-10 1.3505e-11 0)
(-2.57541e-10 1.32907e-11 0)
(-2.30156e-10 1.33614e-11 0)
(-2.03018e-10 1.30331e-11 0)
(-1.76347e-10 1.28099e-11 0)
(-1.50498e-10 1.22604e-11 0)
(-1.25454e-10 1.19729e-11 0)
(-1.01709e-10 1.10335e-11 0)
(-7.97901e-11 1.01617e-11 0)
(-5.98227e-11 9.45901e-12 0)
(-4.17669e-11 8.26627e-12 0)
(-2.61694e-11 6.72676e-12 0)
(-1.44781e-11 4.2717e-12 0)
(-5.88445e-12 4.29414e-12 0)
(-5.73366e-13 1.4544e-12 0)
)
;

boundaryField
{
    top
    {
        type            slip;
    }
    bottom
    {
        type            slip;
    }
    rotatingWall
    {
        type            rotatingWallVelocity;
        origin          (0 0 0);
        axis            (0 1 0);
        omega           constant 1140;
        value           uniform (0 0 0);
    }
    wall
    {
        type            rotatingWallVelocity;
        origin          (0 0 0);
        axis            (0 1 0);
        omega           constant 0;
        value           uniform (0 -0 -0);
    }
    frontAndBack
    {
        type            empty;
    }
}


// ************************************************************************* //
