/*--------------------------------*- C++ -*----------------------------------*\
| =========                 |                                                 |
| \\      /  F ield         | OpenFOAM: The Open Source CFD Toolbox           |
|  \\    /   O peration     | Version:  5.0                                   |
|   \\  /    A nd           | Web:      www.OpenFOAM.org                      |
|    \\/     M anipulation  |                                                 |
\*---------------------------------------------------------------------------*/
FoamFile
{
    version     2.0;
    format      ascii;
    class       volVectorField;
    location    "33";
    object      U;
}
// * * * * * * * * * * * * * * * * * * * * * * * * * * * * * * * * * * * * * //

dimensions      [0 1 -1 0 0 0 0];

internalField   nonuniform List<vector> 
1568
(
(4.13812e-09 -1.10992e-08 0)
(3.23577e-08 7.02636e-08 0)
(1.14524e-07 -2.42135e-08 0)
(2.77804e-07 -8.89277e-08 0)
(4.36786e-07 -1.01379e-07 0)
(5.90363e-07 -1.04135e-07 0)
(7.53361e-07 -1.05638e-07 0)
(9.1971e-07 -1.04902e-07 0)
(1.08317e-06 -1.01524e-07 0)
(1.24013e-06 -9.66375e-08 0)
(1.38821e-06 -9.09424e-08 0)
(1.52538e-06 -8.41524e-08 0)
(1.6495e-06 -7.59484e-08 0)
(1.75858e-06 -6.65141e-08 0)
(1.85195e-06 -5.47114e-08 0)
(1.93151e-06 -4.40835e-08 0)
(1.99821e-06 -3.59794e-08 0)
(2.05121e-06 -2.84991e-08 0)
(2.09042e-06 -2.0835e-08 0)
(2.11667e-06 -1.37917e-08 0)
(2.13035e-06 -9.59786e-09 0)
(2.13243e-06 -7.77672e-09 0)
(2.12415e-06 -4.21394e-09 0)
(2.10604e-06 8.13826e-10 0)
(2.07993e-06 5.94831e-09 0)
(2.04827e-06 1.01877e-08 0)
(2.01283e-06 1.38225e-08 0)
(1.97387e-06 1.66596e-08 0)
(1.932e-06 1.98089e-08 0)
(1.88809e-06 2.25654e-08 0)
(1.84211e-06 2.55848e-08 0)
(1.79372e-06 2.81709e-08 0)
(1.74307e-06 3.09161e-08 0)
(1.69005e-06 3.3327e-08 0)
(1.63452e-06 3.62189e-08 0)
(1.57644e-06 3.87687e-08 0)
(1.51576e-06 4.16708e-08 0)
(1.45231e-06 4.45214e-08 0)
(1.386e-06 4.8463e-08 0)
(1.31586e-06 5.22774e-08 0)
(1.24127e-06 5.57767e-08 0)
(1.16264e-06 5.88772e-08 0)
(1.08035e-06 6.20089e-08 0)
(9.94379e-07 6.47504e-08 0)
(9.04956e-07 6.72509e-08 0)
(8.12637e-07 6.90719e-08 0)
(7.18352e-07 7.05762e-08 0)
(6.22841e-07 7.15848e-08 0)
(5.26537e-07 7.16603e-08 0)
(4.30431e-07 6.9524e-08 0)
(3.36582e-07 6.60825e-08 0)
(2.47835e-07 6.3678e-08 0)
(1.69665e-07 6.14343e-08 0)
(9.6528e-08 5.72511e-08 0)
(3.88281e-08 3.78899e-08 0)
(6.53237e-09 1.17648e-08 0)
(1.07902e-07 -7.09054e-08 0)
(-1.14116e-08 -1.80179e-07 0)
(1.35588e-07 -2.13643e-07 0)
(2.1058e-07 -2.12525e-07 0)
(3.46777e-07 -2.20217e-07 0)
(4.77304e-07 -2.30084e-07 0)
(6.13116e-07 -2.34817e-07 0)
(7.53375e-07 -2.33629e-07 0)
(8.91146e-07 -2.27147e-07 0)
(1.02267e-06 -2.16142e-07 0)
(1.14631e-06 -2.01324e-07 0)
(1.2609e-06 -1.83714e-07 0)
(1.36481e-06 -1.63881e-07 0)
(1.45706e-06 -1.42558e-07 0)
(1.53734e-06 -1.22103e-07 0)
(1.60536e-06 -1.03714e-07 0)
(1.66096e-06 -8.46452e-08 0)
(1.70434e-06 -6.46405e-08 0)
(1.73612e-06 -4.48953e-08 0)
(1.75683e-06 -2.61016e-08 0)
(1.76717e-06 -7.6052e-09 0)
(1.76794e-06 9.98319e-09 0)
(1.76079e-06 2.55218e-08 0)
(1.74619e-06 3.80239e-08 0)
(1.72551e-06 4.7237e-08 0)
(1.69999e-06 5.34707e-08 0)
(1.6703e-06 5.81393e-08 0)
(1.63719e-06 6.18866e-08 0)
(1.60144e-06 6.4804e-08 0)
(1.56341e-06 6.71564e-08 0)
(1.52326e-06 6.95836e-08 0)
(1.48128e-06 7.21443e-08 0)
(1.43774e-06 7.49105e-08 0)
(1.39254e-06 7.77442e-08 0)
(1.34542e-06 8.07023e-08 0)
(1.29623e-06 8.37086e-08 0)
(1.24486e-06 8.68654e-08 0)
(1.19115e-06 9.00935e-08 0)
(1.13478e-06 9.39906e-08 0)
(1.07584e-06 9.89683e-08 0)
(1.01404e-06 1.04253e-07 0)
(9.491e-07 1.09155e-07 0)
(8.81047e-07 1.13989e-07 0)
(8.10243e-07 1.18588e-07 0)
(7.36733e-07 1.22796e-07 0)
(6.60967e-07 1.26217e-07 0)
(5.83512e-07 1.28594e-07 0)
(5.05057e-07 1.2984e-07 0)
(4.26182e-07 1.30119e-07 0)
(3.4792e-07 1.28925e-07 0)
(2.71455e-07 1.24901e-07 0)
(2.00531e-07 1.15328e-07 0)
(1.34247e-07 9.96864e-08 0)
(7.55333e-08 8.32775e-08 0)
(4.20613e-08 5.88687e-08 0)
(-8.9795e-09 3.30108e-08 0)
(6.51923e-08 -1.18052e-07 0)
(-1.16629e-08 -1.74499e-07 0)
(6.93081e-08 -2.91676e-07 0)
(1.59731e-07 -3.29166e-07 0)
(2.65194e-07 -3.53724e-07 0)
(3.66973e-07 -3.68765e-07 0)
(4.73729e-07 -3.73767e-07 0)
(5.85465e-07 -3.70382e-07 0)
(6.95774e-07 -3.59277e-07 0)
(8.01314e-07 -3.41612e-07 0)
(9.00684e-07 -3.18364e-07 0)
(9.92818e-07 -2.90869e-07 0)
(1.07662e-06 -2.60245e-07 0)
(1.15115e-06 -2.27714e-07 0)
(1.21586e-06 -1.94498e-07 0)
(1.27038e-06 -1.6172e-07 0)
(1.31436e-06 -1.29421e-07 0)
(1.34814e-06 -9.78422e-08 0)
(1.37232e-06 -6.74182e-08 0)
(1.3876e-06 -3.89073e-08 0)
(1.39469e-06 -1.27039e-08 0)
(1.39444e-06 1.07e-08 0)
(1.38773e-06 3.15256e-08 0)
(1.37549e-06 4.92369e-08 0)
(1.35824e-06 6.34622e-08 0)
(1.33688e-06 7.44149e-08 0)
(1.31185e-06 8.32102e-08 0)
(1.28385e-06 9.01933e-08 0)
(1.25348e-06 9.63079e-08 0)
(1.22121e-06 1.01537e-07 0)
(1.18737e-06 1.06803e-07 0)
(1.15221e-06 1.11802e-07 0)
(1.11601e-06 1.17059e-07 0)
(1.07881e-06 1.22165e-07 0)
(1.04042e-06 1.27649e-07 0)
(1.00067e-06 1.33091e-07 0)
(9.59391e-07 1.39105e-07 0)
(9.16347e-07 1.45304e-07 0)
(8.71564e-07 1.52278e-07 0)
(8.24957e-07 1.59674e-07 0)
(7.7637e-07 1.67517e-07 0)
(7.25657e-07 1.7526e-07 0)
(6.72839e-07 1.83045e-07 0)
(6.17916e-07 1.90384e-07 0)
(5.61053e-07 1.9717e-07 0)
(5.02474e-07 2.02824e-07 0)
(4.42791e-07 2.07129e-07 0)
(3.82337e-07 2.09562e-07 0)
(3.21108e-07 2.09659e-07 0)
(2.60136e-07 2.06215e-07 0)
(2.01831e-07 1.9846e-07 0)
(1.47203e-07 1.85749e-07 0)
(9.89801e-08 1.66651e-07 0)
(5.27898e-08 1.38938e-07 0)
(2.59633e-08 9.78908e-08 0)
(-8.06059e-09 4.65592e-08 0)
(1.12511e-08 -1.11581e-07 0)
(6.45416e-09 -2.40225e-07 0)
(5.54449e-08 -3.42359e-07 0)
(1.20192e-07 -4.00957e-07 0)
(1.94935e-07 -4.41854e-07 0)
(2.66282e-07 -4.66778e-07 0)
(3.44691e-07 -4.75764e-07 0)
(4.285e-07 -4.72339e-07 0)
(5.12143e-07 -4.58764e-07 0)
(5.92195e-07 -4.36468e-07 0)
(6.67563e-07 -4.07104e-07 0)
(7.37556e-07 -3.72131e-07 0)
(8.01054e-07 -3.33276e-07 0)
(8.57147e-07 -2.91994e-07 0)
(9.05532e-07 -2.49673e-07 0)
(9.45795e-07 -2.07408e-07 0)
(9.77701e-07 -1.659e-07 0)
(1.0015e-06 -1.25454e-07 0)
(1.01773e-06 -8.68163e-08 0)
(1.02699e-06 -5.04815e-08 0)
(1.03001e-06 -1.71354e-08 0)
(1.02744e-06 1.2942e-08 0)
(1.01996e-06 3.93311e-08 0)
(1.00824e-06 6.20056e-08 0)
(9.92863e-07 8.05284e-08 0)
(9.7434e-07 9.54854e-08 0)
(9.53098e-07 1.07377e-07 0)
(9.29628e-07 1.17176e-07 0)
(9.04475e-07 1.25279e-07 0)
(8.78069e-07 1.32528e-07 0)
(8.50616e-07 1.39148e-07 0)
(8.22392e-07 1.45687e-07 0)
(7.93746e-07 1.52046e-07 0)
(7.64716e-07 1.58555e-07 0)
(7.35108e-07 1.6502e-07 0)
(7.04858e-07 1.71859e-07 0)
(6.73897e-07 1.78946e-07 0)
(6.42035e-07 1.86761e-07 0)
(6.09182e-07 1.95121e-07 0)
(5.75405e-07 2.04188e-07 0)
(5.40551e-07 2.13568e-07 0)
(5.04396e-07 2.23281e-07 0)
(4.66953e-07 2.32855e-07 0)
(4.28264e-07 2.42195e-07 0)
(3.88205e-07 2.50665e-07 0)
(3.46994e-07 2.57906e-07 0)
(3.0506e-07 2.63242e-07 0)
(2.62544e-07 2.66267e-07 0)
(2.19373e-07 2.66118e-07 0)
(1.76177e-07 2.61985e-07 0)
(1.34882e-07 2.52441e-07 0)
(9.81598e-08 2.36199e-07 0)
(6.40334e-08 2.10742e-07 0)
(3.44954e-08 1.73325e-07 0)
(1.67992e-08 1.20425e-07 0)
(-3.28061e-09 5.71337e-08 0)
(-4.16252e-09 -1.0162e-07 0)
(1.5574e-08 -2.48764e-07 0)
(3.82581e-08 -3.66267e-07 0)
(7.99648e-08 -4.4362e-07 0)
(1.23938e-07 -5.013e-07 0)
(1.70756e-07 -5.35417e-07 0)
(2.24666e-07 -5.48455e-07 0)
(2.82264e-07 -5.4567e-07 0)
(3.4011e-07 -5.30488e-07 0)
(3.95567e-07 -5.05194e-07 0)
(4.47682e-07 -4.71416e-07 0)
(4.95729e-07 -4.31151e-07 0)
(5.38872e-07 -3.86283e-07 0)
(5.76551e-07 -3.38457e-07 0)
(6.08386e-07 -2.8909e-07 0)
(6.34084e-07 -2.39621e-07 0)
(6.53579e-07 -1.90883e-07 0)
(6.67078e-07 -1.43688e-07 0)
(6.74949e-07 -9.86562e-08 0)
(6.77771e-07 -5.65524e-08 0)
(6.76099e-07 -1.78651e-08 0)
(6.70468e-07 1.68183e-08 0)
(6.61378e-07 4.7343e-08 0)
(6.4935e-07 7.34511e-08 0)
(6.34875e-07 9.52748e-08 0)
(6.184e-07 1.13004e-07 0)
(6.00237e-07 1.27389e-07 0)
(5.80773e-07 1.38979e-07 0)
(5.60446e-07 1.48581e-07 0)
(5.39635e-07 1.56656e-07 0)
(5.18548e-07 1.63879e-07 0)
(4.97349e-07 1.7058e-07 0)
(4.76248e-07 1.77191e-07 0)
(4.55333e-07 1.83768e-07 0)
(4.34599e-07 1.90651e-07 0)
(4.14041e-07 1.97959e-07 0)
(3.93605e-07 2.05972e-07 0)
(3.73104e-07 2.14682e-07 0)
(3.52437e-07 2.24299e-07 0)
(3.31594e-07 2.34612e-07 0)
(3.10495e-07 2.45501e-07 0)
(2.88985e-07 2.56626e-07 0)
(2.66981e-07 2.6784e-07 0)
(2.44302e-07 2.78576e-07 0)
(2.20816e-07 2.88412e-07 0)
(1.96665e-07 2.96721e-07 0)
(1.7231e-07 3.02929e-07 0)
(1.47319e-07 3.06171e-07 0)
(1.22067e-07 3.06109e-07 0)
(9.62196e-08 3.01629e-07 0)
(7.28033e-08 2.90934e-07 0)
(5.13867e-08 2.72456e-07 0)
(3.39219e-08 2.43013e-07 0)
(1.64007e-08 1.99155e-07 0)
(6.25879e-09 1.35937e-07 0)
(-3.31749e-09 6.34059e-08 0)
(-7.1078e-09 -1.04013e-07 0)
(1.35955e-08 -2.59282e-07 0)
(1.92386e-08 -3.82972e-07 0)
(3.75176e-08 -4.73076e-07 0)
(5.79028e-08 -5.37431e-07 0)
(8.35336e-08 -5.75165e-07 0)
(1.15339e-07 -5.90044e-07 0)
(1.47388e-07 -5.87961e-07 0)
(1.80773e-07 -5.72099e-07 0)
(2.12242e-07 -5.44853e-07 0)
(2.4165e-07 -5.0833e-07 0)
(2.68343e-07 -4.64638e-07 0)
(2.91715e-07 -4.1571e-07 0)
(3.11325e-07 -3.63301e-07 0)
(3.26888e-07 -3.09062e-07 0)
(3.38208e-07 -2.5442e-07 0)
(3.45301e-07 -2.00568e-07 0)
(3.48357e-07 -1.48482e-07 0)
(3.47696e-07 -9.90293e-08 0)
(3.43714e-07 -5.29238e-08 0)
(3.36871e-07 -1.08596e-08 0)
(3.27588e-07 2.67372e-08 0)
(3.16287e-07 5.95717e-08 0)
(3.03375e-07 8.76388e-08 0)
(2.89228e-07 1.1101e-07 0)
(2.74176e-07 1.30066e-07 0)
(2.58514e-07 1.45275e-07 0)
(2.42516e-07 1.57378e-07 0)
(2.26531e-07 1.66979e-07 0)
(2.10881e-07 1.74803e-07 0)
(1.95751e-07 1.81317e-07 0)
(1.81299e-07 1.87085e-07 0)
(1.6772e-07 1.92529e-07 0)
(1.55095e-07 1.98146e-07 0)
(1.43419e-07 2.04185e-07 0)
(1.32685e-07 2.10959e-07 0)
(1.22813e-07 2.18539e-07 0)
(1.13679e-07 2.27077e-07 0)
(1.05163e-07 2.36576e-07 0)
(9.72092e-08 2.47012e-07 0)
(8.97039e-08 2.58103e-07 0)
(8.25005e-08 2.69612e-07 0)
(7.54416e-08 2.81135e-07 0)
(6.83191e-08 2.92261e-07 0)
(6.09668e-08 3.02453e-07 0)
(5.35285e-08 3.11214e-07 0)
(4.66007e-08 3.18031e-07 0)
(3.90853e-08 3.22201e-07 0)
(3.02461e-08 3.22303e-07 0)
(2.16878e-08 3.17052e-07 0)
(1.52386e-08 3.05496e-07 0)
(1.06983e-08 2.85703e-07 0)
(5.40125e-09 2.54645e-07 0)
(8.88138e-10 2.07433e-07 0)
(1.38331e-10 1.41403e-07 0)
(-3.22625e-09 6.37769e-08 0)
(-7.29073e-09 -1.08883e-07 0)
(4.45082e-09 -2.64741e-07 0)
(2.6503e-11 -3.93496e-07 0)
(3.64838e-10 -4.87698e-07 0)
(7.86118e-10 -5.53366e-07 0)
(5.97969e-09 -5.92497e-07 0)
(1.57957e-08 -6.09164e-07 0)
(2.52982e-08 -6.0756e-07 0)
(3.50621e-08 -5.91151e-07 0)
(4.36804e-08 -5.62759e-07 0)
(5.14363e-08 -5.24581e-07 0)
(5.77431e-08 -4.78663e-07 0)
(6.21989e-08 -4.27061e-07 0)
(6.45047e-08 -3.71666e-07 0)
(6.4452e-08 -3.1422e-07 0)
(6.19211e-08 -2.5628e-07 0)
(5.69516e-08 -1.99173e-07 0)
(4.97281e-08 -1.44048e-07 0)
(4.05022e-08 -9.18868e-08 0)
(2.95895e-08 -4.35115e-08 0)
(1.73335e-08 4.35912e-10 0)
(4.10781e-09 3.94806e-08 0)
(-9.75126e-09 7.34086e-08 0)
(-2.39418e-08 1.02174e-07 0)
(-3.8188e-08 1.25958e-07 0)
(-5.22301e-08 1.45115e-07 0)
(-6.58376e-08 1.60183e-07 0)
(-7.87689e-08 1.71799e-07 0)
(-9.07489e-08 1.80704e-07 0)
(-1.0155e-07 1.87563e-07 0)
(-1.1103e-07 1.92977e-07 0)
(-1.19022e-07 1.97419e-07 0)
(-1.25337e-07 2.01487e-07 0)
(-1.29912e-07 2.05654e-07 0)
(-1.32785e-07 2.10315e-07 0)
(-1.33999e-07 2.15701e-07 0)
(-1.33634e-07 2.2201e-07 0)
(-1.31796e-07 2.2934e-07 0)
(-1.28591e-07 2.37757e-07 0)
(-1.24143e-07 2.47177e-07 0)
(-1.18585e-07 2.57418e-07 0)
(-1.12081e-07 2.68192e-07 0)
(-1.04809e-07 2.79159e-07 0)
(-9.70387e-08 2.89882e-07 0)
(-8.89884e-08 2.99876e-07 0)
(-8.05645e-08 3.08591e-07 0)
(-7.18101e-08 3.15495e-07 0)
(-6.23108e-08 3.1985e-07 0)
(-5.36244e-08 3.2001e-07 0)
(-4.5294e-08 3.14529e-07 0)
(-3.62554e-08 3.02627e-07 0)
(-2.68496e-08 2.82502e-07 0)
(-1.78073e-08 2.50733e-07 0)
(-1.19936e-08 2.04415e-07 0)
(-5.82343e-09 1.38017e-07 0)
(-3.04455e-09 6.10302e-08 0)
(-7.94756e-09 -1.0832e-07 0)
(-4.0694e-09 -2.60529e-07 0)
(-1.68696e-08 -3.89419e-07 0)
(-3.11126e-08 -4.84086e-07 0)
(-4.77935e-08 -5.49561e-07 0)
(-6.04205e-08 -5.89288e-07 0)
(-7.24641e-08 -6.06887e-07 0)
(-8.42643e-08 -6.05849e-07 0)
(-9.70062e-08 -5.89783e-07 0)
(-1.08682e-07 -5.6108e-07 0)
(-1.20864e-07 -5.22116e-07 0)
(-1.33436e-07 -4.75059e-07 0)
(-1.46634e-07 -4.22039e-07 0)
(-1.60571e-07 -3.65072e-07 0)
(-1.75338e-07 -3.06013e-07 0)
(-1.90969e-07 -2.46483e-07 0)
(-2.0738e-07 -1.87905e-07 0)
(-2.24425e-07 -1.31497e-07 0)
(-2.41895e-07 -7.83139e-08 0)
(-2.5954e-07 -2.91929e-08 0)
(-2.77091e-07 1.52063e-08 0)
(-2.94265e-07 5.44525e-08 0)
(-3.10793e-07 8.82762e-08 0)
(-3.2645e-07 1.16678e-07 0)
(-3.41015e-07 1.39843e-07 0)
(-3.54296e-07 1.58188e-07 0)
(-3.66116e-07 1.72236e-07 0)
(-3.76286e-07 1.82648e-07 0)
(-3.84605e-07 1.90132e-07 0)
(-3.90934e-07 1.95418e-07 0)
(-3.95067e-07 1.99153e-07 0)
(-3.96907e-07 2.01719e-07 0)
(-3.96424e-07 2.03845e-07 0)
(-3.93477e-07 2.06066e-07 0)
(-3.88124e-07 2.08711e-07 0)
(-3.80433e-07 2.12102e-07 0)
(-3.70472e-07 2.16455e-07 0)
(-3.58339e-07 2.21944e-07 0)
(-3.44172e-07 2.28607e-07 0)
(-3.28109e-07 2.36411e-07 0)
(-3.10315e-07 2.45189e-07 0)
(-2.90967e-07 2.54711e-07 0)
(-2.70275e-07 2.64633e-07 0)
(-2.4853e-07 2.74547e-07 0)
(-2.25992e-07 2.83963e-07 0)
(-2.0264e-07 2.92303e-07 0)
(-1.78426e-07 2.98808e-07 0)
(-1.53632e-07 3.02529e-07 0)
(-1.30087e-07 3.0269e-07 0)
(-1.06781e-07 2.97974e-07 0)
(-8.3102e-08 2.86626e-07 0)
(-5.93167e-08 2.66885e-07 0)
(-3.92348e-08 2.36753e-07 0)
(-2.30235e-08 1.91792e-07 0)
(-9.27888e-09 1.29788e-07 0)
(-2.75035e-09 5.6685e-08 0)
(-8.60478e-09 -1.02271e-07 0)
(-1.06757e-08 -2.47643e-07 0)
(-3.11199e-08 -3.72062e-07 0)
(-5.77863e-08 -4.63986e-07 0)
(-8.95999e-08 -5.27914e-07 0)
(-1.19357e-07 -5.67024e-07 0)
(-1.49498e-07 -5.84471e-07 0)
(-1.79521e-07 -5.84016e-07 0)
(-2.11652e-07 -5.68638e-07 0)
(-2.42614e-07 -5.40251e-07 0)
(-2.73012e-07 -5.01309e-07 0)
(-3.02797e-07 -4.54185e-07 0)
(-3.3207e-07 -4.01038e-07 0)
(-3.60856e-07 -3.43931e-07 0)
(-3.89107e-07 -2.84755e-07 0)
(-4.16757e-07 -2.25183e-07 0)
(-4.43703e-07 -1.66688e-07 0)
(-4.69805e-07 -1.10547e-07 0)
(-4.94895e-07 -5.78205e-08 0)
(-5.18775e-07 -9.36357e-09 0)
(-5.41247e-07 3.41652e-08 0)
(-5.6212e-07 7.23252e-08 0)
(-5.81199e-07 1.04881e-07 0)
(-5.98289e-07 1.31813e-07 0)
(-6.1322e-07 1.53343e-07 0)
(-6.25849e-07 1.69894e-07 0)
(-6.36068e-07 1.82026e-07 0)
(-6.4374e-07 1.90355e-07 0)
(-6.48765e-07 1.95625e-07 0)
(-6.51048e-07 1.98533e-07 0)
(-6.5023e-07 1.99647e-07 0)
(-6.46312e-07 1.99695e-07 0)
(-6.39663e-07 1.99267e-07 0)
(-6.29915e-07 1.9882e-07 0)
(-6.17094e-07 1.98789e-07 0)
(-6.01282e-07 1.99539e-07 0)
(-5.82565e-07 2.01361e-07 0)
(-5.61066e-07 2.04424e-07 0)
(-5.36932e-07 2.08813e-07 0)
(-5.10322e-07 2.14497e-07 0)
(-4.81412e-07 2.21355e-07 0)
(-4.50406e-07 2.29169e-07 0)
(-4.17546e-07 2.3763e-07 0)
(-3.83158e-07 2.46327e-07 0)
(-3.47547e-07 2.54772e-07 0)
(-3.10763e-07 2.62376e-07 0)
(-2.72824e-07 2.68424e-07 0)
(-2.34466e-07 2.72148e-07 0)
(-1.97183e-07 2.72524e-07 0)
(-1.6069e-07 2.68295e-07 0)
(-1.23909e-07 2.58072e-07 0)
(-8.84229e-08 2.40273e-07 0)
(-5.70412e-08 2.12348e-07 0)
(-3.25223e-08 1.72504e-07 0)
(-1.33885e-08 1.15859e-07 0)
(-2.83709e-09 5.05951e-08 0)
(-8.98217e-09 -9.29843e-08 0)
(-1.52092e-08 -2.27371e-07 0)
(-4.29377e-08 -3.43921e-07 0)
(-7.98731e-08 -4.30361e-07 0)
(-1.24612e-07 -4.9086e-07 0)
(-1.69004e-07 -5.28215e-07 0)
(-2.14444e-07 -5.45363e-07 0)
(-2.61665e-07 -5.44901e-07 0)
(-3.09879e-07 -5.29493e-07 0)
(-3.57319e-07 -5.01642e-07 0)
(-4.03564e-07 -4.63499e-07 0)
(-4.48435e-07 -4.17285e-07 0)
(-4.91855e-07 -3.65194e-07 0)
(-5.33709e-07 -3.09237e-07 0)
(-5.73838e-07 -2.51293e-07 0)
(-6.12102e-07 -1.9305e-07 0)
(-6.48361e-07 -1.36011e-07 0)
(-6.82474e-07 -8.14719e-08 0)
(-7.14289e-07 -3.05104e-08 0)
(-7.43673e-07 1.60129e-08 0)
(-7.70496e-07 5.74541e-08 0)
(-7.94617e-07 9.33716e-08 0)
(-8.15911e-07 1.23555e-07 0)
(-8.34243e-07 1.47969e-07 0)
(-8.49457e-07 1.66839e-07 0)
(-8.61448e-07 1.80632e-07 0)
(-8.70172e-07 1.89906e-07 0)
(-8.7552e-07 1.95284e-07 0)
(-8.77644e-07 1.97547e-07 0)
(-8.761e-07 1.9726e-07 0)
(-8.70979e-07 1.95069e-07 0)
(-8.62361e-07 1.91913e-07 0)
(-8.5011e-07 1.88206e-07 0)
(-8.3423e-07 1.84429e-07 0)
(-8.14755e-07 1.81102e-07 0)
(-7.91748e-07 1.78648e-07 0)
(-7.65311e-07 1.77371e-07 0)
(-7.35577e-07 1.7748e-07 0)
(-7.02708e-07 1.79071e-07 0)
(-6.66872e-07 1.82148e-07 0)
(-6.28264e-07 1.86603e-07 0)
(-5.87104e-07 1.92247e-07 0)
(-5.43667e-07 1.9879e-07 0)
(-4.98315e-07 2.05851e-07 0)
(-4.51399e-07 2.12963e-07 0)
(-4.03038e-07 2.19565e-07 0)
(-3.53315e-07 2.25008e-07 0)
(-3.03125e-07 2.28568e-07 0)
(-2.54091e-07 2.2935e-07 0)
(-2.06196e-07 2.2623e-07 0)
(-1.58484e-07 2.17945e-07 0)
(-1.12638e-07 2.02938e-07 0)
(-7.25638e-08 1.79745e-07 0)
(-4.06388e-08 1.45174e-07 0)
(-1.65128e-08 9.81279e-08 0)
(-2.728e-09 4.25451e-08 0)
(-9.09873e-09 -8.19799e-08 0)
(-1.85305e-08 -2.01671e-07 0)
(-5.17876e-08 -3.07012e-07 0)
(-9.74067e-08 -3.85817e-07 0)
(-1.52756e-07 -4.41093e-07 0)
(-2.09198e-07 -4.75306e-07 0)
(-2.67618e-07 -4.90844e-07 0)
(-3.28613e-07 -4.89953e-07 0)
(-3.90556e-07 -4.74893e-07 0)
(-4.51698e-07 -4.47911e-07 0)
(-5.11212e-07 -4.11116e-07 0)
(-5.6875e-07 -3.66639e-07 0)
(-6.24077e-07 -3.16555e-07 0)
(-6.76913e-07 -2.62815e-07 0)
(-7.27016e-07 -2.07253e-07 0)
(-7.74178e-07 -1.51543e-07 0)
(-8.1824e-07 -9.71629e-08 0)
(-8.59052e-07 -4.54185e-08 0)
(-8.96484e-07 2.62652e-09 0)
(-9.30427e-07 4.61018e-08 0)
(-9.60803e-07 8.43976e-08 0)
(-9.87534e-07 1.17087e-07 0)
(-1.01057e-06 1.43955e-07 0)
(-1.02982e-06 1.64924e-07 0)
(-1.04513e-06 1.80234e-07 0)
(-1.05644e-06 1.90409e-07 0)
(-1.06372e-06 1.96069e-07 0)
(-1.06716e-06 1.97817e-07 0)
(-1.06653e-06 1.96291e-07 0)
(-1.06173e-06 1.92172e-07 0)
(-1.05287e-06 1.86289e-07 0)
(-1.04e-06 1.79228e-07 0)
(-1.02299e-06 1.71602e-07 0)
(-1.00189e-06 1.6397e-07 0)
(-9.7675e-07 1.56869e-07 0)
(-9.47658e-07 1.50734e-07 0)
(-9.14725e-07 1.45895e-07 0)
(-8.78097e-07 1.42577e-07 0)
(-8.37944e-07 1.40914e-07 0)
(-7.94449e-07 1.40925e-07 0)
(-7.47815e-07 1.42539e-07 0)
(-6.98276e-07 1.4559e-07 0)
(-6.46129e-07 1.49826e-07 0)
(-5.91767e-07 1.54901e-07 0)
(-5.35582e-07 1.6039e-07 0)
(-4.77739e-07 1.65789e-07 0)
(-4.18388e-07 1.70534e-07 0)
(-3.58538e-07 1.73969e-07 0)
(-2.99932e-07 1.7532e-07 0)
(-2.4275e-07 1.73651e-07 0)
(-1.86217e-07 1.67864e-07 0)
(-1.32156e-07 1.56896e-07 0)
(-8.50073e-08 1.38952e-07 0)
(-4.71514e-08 1.1299e-07 0)
(-1.93823e-08 7.57691e-08 0)
(-2.33652e-09 3.32869e-08 0)
(-9.05949e-09 -6.92479e-08 0)
(-2.10602e-08 -1.72473e-07 0)
(-5.83635e-08 -2.63629e-07 0)
(-1.10564e-07 -3.32615e-07 0)
(-1.74081e-07 -3.81115e-07 0)
(-2.39933e-07 -4.11046e-07 0)
(-3.08562e-07 -4.24244e-07 0)
(-3.80267e-07 -4.22512e-07 0)
(-4.53047e-07 -4.07754e-07 0)
(-5.24947e-07 -3.81918e-07 0)
(-5.94948e-07 -3.46948e-07 0)
(-6.62512e-07 -3.04845e-07 0)
(-7.27225e-07 -2.57525e-07 0)
(-7.88716e-07 -2.06871e-07 0)
(-8.4666e-07 -1.5464e-07 0)
(-9.00786e-07 -1.02452e-07 0)
(-9.50911e-07 -5.17621e-08 0)
(-9.96887e-07 -3.82572e-09 0)
(-1.03859e-06 4.03014e-08 0)
(-1.07595e-06 7.97978e-08 0)
(-1.1089e-06 1.14039e-07 0)
(-1.13744e-06 1.42656e-07 0)
(-1.16158e-06 1.65431e-07 0)
(-1.1813e-06 1.82227e-07 0)
(-1.19645e-06 1.93219e-07 0)
(-1.20696e-06 1.99095e-07 0)
(-1.21294e-06 2.00555e-07 0)
(-1.21449e-06 1.98083e-07 0)
(-1.21131e-06 1.92188e-07 0)
(-1.20371e-06 1.83854e-07 0)
(-1.19176e-06 1.7375e-07 0)
(-1.17538e-06 1.62396e-07 0)
(-1.1545e-06 1.50469e-07 0)
(-1.12917e-06 1.38607e-07 0)
(-1.09949e-06 1.27355e-07 0)
(-1.06557e-06 1.17171e-07 0)
(-1.02754e-06 1.08407e-07 0)
(-9.85537e-07 1.01315e-07 0)
(-9.39746e-07 9.60425e-08 0)
(-8.90355e-07 9.26482e-08 0)
(-8.3757e-07 9.10884e-08 0)
(-7.81634e-07 9.12357e-08 0)
(-7.22864e-07 9.28756e-08 0)
(-6.61679e-07 9.57099e-08 0)
(-5.98492e-07 9.93666e-08 0)
(-5.33499e-07 1.0342e-07 0)
(-4.66898e-07 1.07381e-07 0)
(-3.99779e-07 1.10719e-07 0)
(-3.34015e-07 1.12796e-07 0)
(-2.69931e-07 1.1286e-07 0)
(-2.06698e-07 1.10127e-07 0)
(-1.4673e-07 1.03697e-07 0)
(-9.39464e-08 9.28402e-08 0)
(-5.22055e-08 7.53411e-08 0)
(-2.19862e-08 5.12493e-08 0)
(-2.16979e-09 2.26178e-08 0)
(-8.81495e-09 -5.54769e-08 0)
(-2.28913e-08 -1.40457e-07 0)
(-6.28111e-08 -2.15537e-07 0)
(-1.19612e-07 -2.73014e-07 0)
(-1.88783e-07 -3.13542e-07 0)
(-2.61275e-07 -3.38316e-07 0)
(-3.37158e-07 -3.48586e-07 0)
(-4.16481e-07 -3.45692e-07 0)
(-4.97023e-07 -3.31167e-07 0)
(-5.7664e-07 -3.06663e-07 0)
(-6.54149e-07 -2.73902e-07 0)
(-7.2887e-07 -2.34659e-07 0)
(-8.00281e-07 -1.90718e-07 0)
(-8.67917e-07 -1.43837e-07 0)
(-9.31371e-07 -9.56847e-08 0)
(-9.90342e-07 -4.78048e-08 0)
(-1.04462e-06 -1.59618e-09 0)
(-1.09405e-06 4.17382e-08 0)
(-1.13852e-06 8.11782e-08 0)
(-1.17799e-06 1.15923e-07 0)
(-1.21243e-06 1.4539e-07 0)
(-1.24182e-06 1.69234e-07 0)
(-1.26625e-06 1.87264e-07 0)
(-1.28582e-06 1.99087e-07 0)
(-1.30043e-06 2.05011e-07 0)
(-1.30997e-06 2.06184e-07 0)
(-1.31459e-06 2.03404e-07 0)
(-1.31428e-06 1.96628e-07 0)
(-1.30898e-06 1.86118e-07 0)
(-1.29906e-06 1.72989e-07 0)
(-1.2847e-06 1.58263e-07 0)
(-1.26561e-06 1.42274e-07 0)
(-1.24175e-06 1.2578e-07 0)
(-1.21325e-06 1.09437e-07 0)
(-1.18025e-06 9.38079e-08 0)
(-1.14287e-06 7.93429e-08 0)
(-1.10124e-06 6.64417e-08 0)
(-1.05552e-06 5.53623e-08 0)
(-1.00588e-06 4.62858e-08 0)
(-9.52505e-07 3.92892e-08 0)
(-8.95609e-07 3.43659e-08 0)
(-8.35435e-07 3.14187e-08 0)
(-7.72306e-07 3.02813e-08 0)
(-7.06654e-07 3.07096e-08 0)
(-6.38907e-07 3.2404e-08 0)
(-5.69278e-07 3.50162e-08 0)
(-4.97988e-07 3.81623e-08 0)
(-4.26182e-07 4.14264e-08 0)
(-3.55823e-07 4.43415e-08 0)
(-2.87265e-07 4.63817e-08 0)
(-2.1992e-07 4.70187e-08 0)
(-1.55614e-07 4.58626e-08 0)
(-1.00161e-07 4.21052e-08 0)
(-5.5224e-08 3.54004e-08 0)
(-2.31586e-08 2.40184e-08 0)
(-1.48019e-09 1.12749e-08 0)
(-8.59757e-09 -4.12294e-08 0)
(-2.39226e-08 -1.06767e-07 0)
(-6.53055e-08 -1.64603e-07 0)
(-1.24604e-07 -2.09392e-07 0)
(-1.97e-07 -2.41083e-07 0)
(-2.73338e-07 -2.60067e-07 0)
(-3.53463e-07 -2.66981e-07 0)
(-4.37267e-07 -2.62703e-07 0)
(-5.22408e-07 -2.48367e-07 0)
(-6.06608e-07 -2.25313e-07 0)
(-6.88553e-07 -1.95002e-07 0)
(-7.67467e-07 -1.58992e-07 0)
(-8.42747e-07 -1.18895e-07 0)
(-9.13868e-07 -7.6308e-08 0)
(-9.80374e-07 -3.27937e-08 0)
(-1.04192e-06 1.01949e-08 0)
(-1.09829e-06 5.13484e-08 0)
(-1.14932e-06 8.952e-08 0)
(-1.19494e-06 1.23735e-07 0)
(-1.23513e-06 1.53224e-07 0)
(-1.26989e-06 1.77465e-07 0)
(-1.29925e-06 1.96213e-07 0)
(-1.3232e-06 2.09751e-07 0)
(-1.34174e-06 2.17524e-07 0)
(-1.35495e-06 2.18565e-07 0)
(-1.36301e-06 2.13866e-07 0)
(-1.36615e-06 2.04756e-07 0)
(-1.36431e-06 1.91441e-07 0)
(-1.35753e-06 1.75422e-07 0)
(-1.34618e-06 1.58677e-07 0)
(-1.33002e-06 1.40139e-07 0)
(-1.30876e-06 1.19561e-07 0)
(-1.28276e-06 9.84616e-08 0)
(-1.25219e-06 7.75945e-08 0)
(-1.21716e-06 5.75282e-08 0)
(-1.17776e-06 3.87546e-08 0)
(-1.13412e-06 2.16565e-08 0)
(-1.08642e-06 6.54315e-09 0)
(-1.03481e-06 -6.39571e-09 0)
(-9.79485e-07 -1.70478e-08 0)
(-9.20637e-07 -2.53956e-08 0)
(-8.58506e-07 -3.14962e-08 0)
(-7.93408e-07 -3.5476e-08 0)
(-7.25775e-07 -3.75116e-08 0)
(-6.56031e-07 -3.78363e-08 0)
(-5.84393e-07 -3.67082e-08 0)
(-5.11091e-07 -3.43983e-08 0)
(-4.37293e-07 -3.11891e-08 0)
(-3.64997e-07 -2.73671e-08 0)
(-2.94634e-07 -2.32179e-08 0)
(-2.25296e-07 -1.89484e-08 0)
(-1.59753e-07 -1.4725e-08 0)
(-1.01958e-07 -1.03677e-08 0)
(-5.67595e-08 -7.11081e-09 0)
(-2.43948e-08 -3.83855e-09 0)
(-1.64835e-09 -6.1828e-10 0)
(-8.56354e-09 -2.68064e-08 0)
(-2.4017e-08 -7.22895e-08 0)
(-6.56883e-08 -1.12404e-07 0)
(-1.25601e-07 -1.43983e-07 0)
(-1.98862e-07 -1.66378e-07 0)
(-2.76284e-07 -1.79219e-07 0)
(-3.57661e-07 -1.82535e-07 0)
(-4.42828e-07 -1.76741e-07 0)
(-5.29391e-07 -1.62575e-07 0)
(-6.15003e-07 -1.41039e-07 0)
(-6.98274e-07 -1.13332e-07 0)
(-7.78372e-07 -8.07812e-08 0)
(-8.54644e-07 -4.48088e-08 0)
(-9.26523e-07 -6.86054e-09 0)
(-9.93532e-07 3.16481e-08 0)
(-1.0553e-06 6.93682e-08 0)
(-1.11159e-06 1.05083e-07 0)
(-1.16228e-06 1.37716e-07 0)
(-1.20731e-06 1.66357e-07 0)
(-1.24667e-06 1.90284e-07 0)
(-1.28041e-06 2.08997e-07 0)
(-1.30858e-06 2.22177e-07 0)
(-1.33115e-06 2.296e-07 0)
(-1.34795e-06 2.30424e-07 0)
(-1.35943e-06 2.25206e-07 0)
(-1.36613e-06 2.16479e-07 0)
(-1.36777e-06 2.04823e-07 0)
(-1.36438e-06 1.88877e-07 0)
(-1.35629e-06 1.69005e-07 0)
(-1.34355e-06 1.46261e-07 0)
(-1.32589e-06 1.21172e-07 0)
(-1.30339e-06 9.54011e-08 0)
(-1.27635e-06 6.96729e-08 0)
(-1.24492e-06 4.43531e-08 0)
(-1.2092e-06 1.99533e-08 0)
(-1.16928e-06 -3.03894e-09 0)
(-1.1253e-06 -2.42259e-08 0)
(-1.07741e-06 -4.32865e-08 0)
(-1.02578e-06 -6.00045e-08 0)
(-9.70585e-07 -7.42445e-08 0)
(-9.12005e-07 -8.5949e-08 0)
(-8.50261e-07 -9.5143e-08 0)
(-7.8565e-07 -1.01909e-07 0)
(-7.18588e-07 -1.0637e-07 0)
(-6.4949e-07 -1.08684e-07 0)
(-5.78546e-07 -1.09026e-07 0)
(-5.05972e-07 -1.07551e-07 0)
(-4.32927e-07 -1.0439e-07 0)
(-3.61407e-07 -9.96464e-08 0)
(-2.91743e-07 -9.33564e-08 0)
(-2.23301e-07 -8.54611e-08 0)
(-1.57612e-07 -7.56316e-08 0)
(-1.01651e-07 -6.38423e-08 0)
(-5.6235e-08 -4.9397e-08 0)
(-2.35947e-08 -3.2489e-08 0)
(-1.09037e-09 -1.24703e-08 0)
(-8.82749e-09 -1.24399e-08 0)
(-2.31572e-08 -3.80612e-08 0)
(-6.41842e-08 -6.04743e-08 0)
(-1.22728e-07 -7.89009e-08 0)
(-1.94546e-07 -9.19878e-08 0)
(-2.70368e-07 -9.86394e-08 0)
(-3.50067e-07 -9.83101e-08 0)
(-4.33533e-07 -9.09698e-08 0)
(-5.18386e-07 -7.69657e-08 0)
(-6.02274e-07 -5.698e-08 0)
(-6.83787e-07 -3.19384e-08 0)
(-7.62074e-07 -2.9432e-09 0)
(-8.3647e-07 2.87815e-08 0)
(-9.06388e-07 6.19473e-08 0)
(-9.71338e-07 9.52762e-08 0)
(-1.03095e-06 1.27544e-07 0)
(-1.08499e-06 1.57626e-07 0)
(-1.13335e-06 1.8453e-07 0)
(-1.17599e-06 2.07423e-07 0)
(-1.21291e-06 2.25638e-07 0)
(-1.24416e-06 2.38693e-07 0)
(-1.26981e-06 2.46294e-07 0)
(-1.28992e-06 2.4829e-07 0)
(-1.30464e-06 2.44545e-07 0)
(-1.31445e-06 2.35472e-07 0)
(-1.31948e-06 2.2143e-07 0)
(-1.3195e-06 2.0292e-07 0)
(-1.3146e-06 1.80741e-07 0)
(-1.30508e-06 1.55873e-07 0)
(-1.29097e-06 1.29049e-07 0)
(-1.2724e-06 1.00364e-07 0)
(-1.24956e-06 7.05599e-08 0)
(-1.22254e-06 4.0554e-08 0)
(-1.19144e-06 1.10162e-08 0)
(-1.15637e-06 -1.74828e-08 0)
(-1.11743e-06 -4.44564e-08 0)
(-1.07476e-06 -6.94881e-08 0)
(-1.0285e-06 -9.22651e-08 0)
(-9.78809e-07 -1.12543e-07 0)
(-9.25832e-07 -1.30162e-07 0)
(-8.69736e-07 -1.45041e-07 0)
(-8.10727e-07 -1.57162e-07 0)
(-7.49067e-07 -1.6656e-07 0)
(-6.8514e-07 -1.73318e-07 0)
(-6.19329e-07 -1.77522e-07 0)
(-5.51788e-07 -1.79261e-07 0)
(-4.82681e-07 -1.78574e-07 0)
(-4.13129e-07 -1.75453e-07 0)
(-3.45074e-07 -1.6982e-07 0)
(-2.78853e-07 -1.61487e-07 0)
(-2.13283e-07 -1.50063e-07 0)
(-1.51274e-07 -1.35036e-07 0)
(-9.65283e-08 -1.15512e-07 0)
(-5.42337e-08 -9.12576e-08 0)
(-2.39432e-08 -6.00027e-08 0)
(-1.08853e-09 -2.41429e-08 0)
(-8.813e-09 1.4212e-09 0)
(-2.16533e-08 -5.15878e-09 0)
(-6.07424e-08 -1.05231e-08 0)
(-1.16202e-07 -1.63816e-08 0)
(-1.8432e-07 -2.05077e-08 0)
(-2.55927e-07 -2.1173e-08 0)
(-3.31122e-07 -1.73262e-08 0)
(-4.09929e-07 -8.49858e-09 0)
(-4.90044e-07 5.31945e-09 0)
(-5.69176e-07 2.37501e-08 0)
(-6.45939e-07 4.61255e-08 0)
(-7.19504e-07 7.15658e-08 0)
(-7.89222e-07 9.90388e-08 0)
(-8.54521e-07 1.27425e-07 0)
(-9.14915e-07 1.55581e-07 0)
(-9.70046e-07 1.82394e-07 0)
(-1.0197e-06 2.06846e-07 0)
(-1.06376e-06 2.28045e-07 0)
(-1.10223e-06 2.45242e-07 0)
(-1.13515e-06 2.57806e-07 0)
(-1.16259e-06 2.65279e-07 0)
(-1.18466e-06 2.67375e-07 0)
(-1.20152e-06 2.63976e-07 0)
(-1.21342e-06 2.55077e-07 0)
(-1.22061e-06 2.41027e-07 0)
(-1.22319e-06 2.22375e-07 0)
(-1.22126e-06 1.99626e-07 0)
(-1.21499e-06 1.73306e-07 0)
(-1.2045e-06 1.44152e-07 0)
(-1.18981e-06 1.12843e-07 0)
(-1.17108e-06 7.98861e-08 0)
(-1.14859e-06 4.60488e-08 0)
(-1.12245e-06 1.21244e-08 0)
(-1.09275e-06 -2.12232e-08 0)
(-1.05959e-06 -5.34068e-08 0)
(-1.02308e-06 -8.3943e-08 0)
(-9.83337e-07 -1.12417e-07 0)
(-9.40488e-07 -1.3851e-07 0)
(-8.94652e-07 -1.61965e-07 0)
(-8.45954e-07 -1.82613e-07 0)
(-7.94536e-07 -2.00349e-07 0)
(-7.40556e-07 -2.15115e-07 0)
(-6.84253e-07 -2.26903e-07 0)
(-6.2597e-07 -2.35743e-07 0)
(-5.66032e-07 -2.41667e-07 0)
(-5.04529e-07 -2.44679e-07 0)
(-4.41563e-07 -2.44711e-07 0)
(-3.78186e-07 -2.41627e-07 0)
(-3.16264e-07 -2.35193e-07 0)
(-2.55895e-07 -2.24994e-07 0)
(-1.96225e-07 -2.10378e-07 0)
(-1.38407e-07 -1.90413e-07 0)
(-8.98389e-08 -1.64217e-07 0)
(-5.01138e-08 -1.29854e-07 0)
(-2.15653e-08 -8.62431e-08 0)
(-2.0808e-10 -3.5073e-08 0)
(-9.03855e-09 1.41802e-08 0)
(-1.92648e-08 2.55807e-08 0)
(-5.56905e-08 3.57851e-08 0)
(-1.06143e-07 4.14282e-08 0)
(-1.68365e-07 4.5591e-08 0)
(-2.33326e-07 5.04649e-08 0)
(-3.01372e-07 5.7552e-08 0)
(-3.72734e-07 6.77136e-08 0)
(-4.45264e-07 8.12852e-08 0)
(-5.16779e-07 9.81645e-08 0)
(-5.85968e-07 1.17922e-07 0)
(-6.52053e-07 1.39889e-07 0)
(-7.1443e-07 1.6322e-07 0)
(-7.72562e-07 1.86961e-07 0)
(-8.26003e-07 2.10099e-07 0)
(-8.74416e-07 2.3163e-07 0)
(-9.17602e-07 2.50638e-07 0)
(-9.55472e-07 2.66352e-07 0)
(-9.88062e-07 2.78117e-07 0)
(-1.01545e-06 2.85333e-07 0)
(-1.03776e-06 2.87571e-07 0)
(-1.05513e-06 2.84595e-07 0)
(-1.06778e-06 2.76308e-07 0)
(-1.07596e-06 2.62797e-07 0)
(-1.07991e-06 2.44374e-07 0)
(-1.07978e-06 2.21472e-07 0)
(-1.07576e-06 1.9457e-07 0)
(-1.06802e-06 1.64272e-07 0)
(-1.05667e-06 1.31271e-07 0)
(-1.04179e-06 9.62279e-08 0)
(-1.02356e-06 5.9729e-08 0)
(-1.0022e-06 2.25091e-08 0)
(-9.77848e-07 -1.46937e-08 0)
(-9.50618e-07 -5.12074e-08 0)
(-9.20616e-07 -8.64656e-08 0)
(-8.87934e-07 -1.19963e-07 0)
(-8.5267e-07 -1.51309e-07 0)
(-8.14929e-07 -1.80159e-07 0)
(-7.74799e-07 -2.06275e-07 0)
(-7.32369e-07 -2.29464e-07 0)
(-6.87726e-07 -2.4961e-07 0)
(-6.4099e-07 -2.66618e-07 0)
(-5.92352e-07 -2.80451e-07 0)
(-5.42102e-07 -2.91074e-07 0)
(-4.90493e-07 -2.98474e-07 0)
(-4.37546e-07 -3.02589e-07 0)
(-3.83271e-07 -3.03259e-07 0)
(-3.28633e-07 -3.00217e-07 0)
(-2.75353e-07 -2.93117e-07 0)
(-2.23454e-07 -2.8132e-07 0)
(-1.71354e-07 -2.63915e-07 0)
(-1.21874e-07 -2.39793e-07 0)
(-7.78799e-08 -2.07274e-07 0)
(-4.45404e-08 -1.64906e-07 0)
(-2.04778e-08 -1.09383e-07 0)
(-4.88316e-10 -4.51632e-08 0)
(-9.17622e-09 2.53141e-08 0)
(-1.63771e-08 5.32717e-08 0)
(-4.88954e-08 7.70019e-08 0)
(-9.26166e-08 9.26027e-08 0)
(-1.46931e-07 1.04036e-07 0)
(-2.03011e-07 1.13774e-07 0)
(-2.61487e-07 1.23671e-07 0)
(-3.22858e-07 1.34926e-07 0)
(-3.8519e-07 1.48161e-07 0)
(-4.46462e-07 1.63508e-07 0)
(-5.05473e-07 1.80747e-07 0)
(-5.61528e-07 1.99405e-07 0)
(-6.1409e-07 2.18816e-07 0)
(-6.62689e-07 2.3818e-07 0)
(-7.06931e-07 2.56599e-07 0)
(-7.46524e-07 2.73167e-07 0)
(-7.8131e-07 2.87094e-07 0)
(-8.11181e-07 2.97712e-07 0)
(-8.36261e-07 3.04472e-07 0)
(-8.56654e-07 3.0681e-07 0)
(-8.72525e-07 3.04332e-07 0)
(-8.84077e-07 2.96852e-07 0)
(-8.91565e-07 2.84305e-07 0)
(-8.95263e-07 2.66793e-07 0)
(-8.95416e-07 2.44583e-07 0)
(-8.92233e-07 2.18071e-07 0)
(-8.85918e-07 1.87737e-07 0)
(-8.76666e-07 1.54177e-07 0)
(-8.64614e-07 1.18047e-07 0)
(-8.49881e-07 8.00127e-08 0)
(-8.32648e-07 4.07194e-08 0)
(-8.13115e-07 8.69813e-10 0)
(-7.91419e-07 -3.88362e-08 0)
(-7.6768e-07 -7.77492e-08 0)
(-7.42006e-07 -1.15312e-07 0)
(-7.14476e-07 -1.51035e-07 0)
(-6.85165e-07 -1.84534e-07 0)
(-6.5414e-07 -2.15473e-07 0)
(-6.21456e-07 -2.43614e-07 0)
(-5.87146e-07 -2.68754e-07 0)
(-5.51254e-07 -2.90764e-07 0)
(-5.13832e-07 -3.09523e-07 0)
(-4.75018e-07 -3.24959e-07 0)
(-4.35027e-07 -3.36989e-07 0)
(-3.94024e-07 -3.45555e-07 0)
(-3.51965e-07 -3.50564e-07 0)
(-3.08753e-07 -3.51766e-07 0)
(-2.65235e-07 -3.48794e-07 0)
(-2.22968e-07 -3.41201e-07 0)
(-1.81642e-07 -3.28154e-07 0)
(-1.4005e-07 -3.08555e-07 0)
(-9.87396e-08 -2.80972e-07 0)
(-6.4966e-08 -2.43786e-07 0)
(-3.69081e-08 -1.93984e-07 0)
(-1.60954e-08 -1.29441e-07 0)
(1.08246e-10 -5.38218e-08 0)
(-9.47246e-09 3.48788e-08 0)
(-1.3246e-08 7.73316e-08 0)
(-4.02925e-08 1.11881e-07 0)
(-7.57275e-08 1.35502e-07 0)
(-1.20283e-07 1.5286e-07 0)
(-1.65511e-07 1.66544e-07 0)
(-2.12278e-07 1.78681e-07 0)
(-2.61388e-07 1.90705e-07 0)
(-3.11193e-07 2.03479e-07 0)
(-3.59882e-07 2.17313e-07 0)
(-4.06392e-07 2.32173e-07 0)
(-4.50132e-07 2.47745e-07 0)
(-4.90659e-07 2.63529e-07 0)
(-5.27587e-07 2.78864e-07 0)
(-5.60591e-07 2.92993e-07 0)
(-5.8939e-07 3.05061e-07 0)
(-6.14017e-07 3.1431e-07 0)
(-6.34262e-07 3.20288e-07 0)
(-6.50403e-07 3.22778e-07 0)
(-6.62369e-07 3.20898e-07 0)
(-6.70571e-07 3.14381e-07 0)
(-6.75233e-07 3.03123e-07 0)
(-6.76654e-07 2.87084e-07 0)
(-6.75132e-07 2.66359e-07 0)
(-6.70943e-07 2.41186e-07 0)
(-6.6433e-07 2.11927e-07 0)
(-6.5552e-07 1.79042e-07 0)
(-6.44725e-07 1.43109e-07 0)
(-6.32108e-07 1.0476e-07 0)
(-6.17814e-07 6.46753e-08 0)
(-6.02035e-07 2.35049e-08 0)
(-5.84953e-07 -1.80619e-08 0)
(-5.66697e-07 -5.93617e-08 0)
(-5.4739e-07 -9.9765e-08 0)
(-5.27128e-07 -1.38735e-07 0)
(-5.05978e-07 -1.75816e-07 0)
(-4.83973e-07 -2.1063e-07 0)
(-4.61147e-07 -2.42871e-07 0)
(-4.375e-07 -2.72292e-07 0)
(-4.13016e-07 -2.98699e-07 0)
(-3.87663e-07 -3.21932e-07 0)
(-3.61435e-07 -3.41867e-07 0)
(-3.34402e-07 -3.58405e-07 0)
(-3.06712e-07 -3.71409e-07 0)
(-2.78306e-07 -3.80711e-07 0)
(-2.4923e-07 -3.86326e-07 0)
(-2.19262e-07 -3.87942e-07 0)
(-1.8902e-07 -3.85104e-07 0)
(-1.59816e-07 -3.77294e-07 0)
(-1.31354e-07 -3.63458e-07 0)
(-1.01486e-07 -3.42349e-07 0)
(-7.27232e-08 -3.12461e-07 0)
(-4.65957e-08 -2.71561e-07 0)
(-2.80246e-08 -2.17198e-07 0)
(-1.36386e-08 -1.45045e-07 0)
(-7.80797e-10 -6.09259e-08 0)
(-9.70587e-09 4.33577e-08 0)
(-9.49125e-09 9.59956e-08 0)
(-2.94649e-08 1.38895e-07 0)
(-5.57452e-08 1.68793e-07 0)
(-8.89558e-08 1.90486e-07 0)
(-1.21546e-07 2.06984e-07 0)
(-1.54715e-07 2.20606e-07 0)
(-1.89621e-07 2.32961e-07 0)
(-2.24902e-07 2.45086e-07 0)
(-2.58991e-07 2.57406e-07 0)
(-2.91002e-07 2.70024e-07 0)
(-3.20473e-07 2.82759e-07 0)
(-3.47061e-07 2.95256e-07 0)
(-3.70461e-07 3.06962e-07 0)
(-3.90406e-07 3.17263e-07 0)
(-4.0657e-07 3.25424e-07 0)
(-4.19176e-07 3.31031e-07 0)
(-4.28589e-07 3.33277e-07 0)
(-4.3466e-07 3.31711e-07 0)
(-4.36788e-07 3.26191e-07 0)
(-4.3621e-07 3.16502e-07 0)
(-4.33e-07 3.02338e-07 0)
(-4.27515e-07 2.83765e-07 0)
(-4.20093e-07 2.60754e-07 0)
(-4.11041e-07 2.33638e-07 0)
(-4.00641e-07 2.0261e-07 0)
(-3.89135e-07 1.6825e-07 0)
(-3.76753e-07 1.30954e-07 0)
(-3.63668e-07 9.15102e-08 0)
(-3.50061e-07 5.04246e-08 0)
(-3.36136e-07 8.52171e-09 0)
(-3.22061e-07 -3.37067e-08 0)
(-3.07951e-07 -7.54521e-08 0)
(-2.93911e-07 -1.16321e-07 0)
(-2.80042e-07 -1.556e-07 0)
(-2.6637e-07 -1.93072e-07 0)
(-2.52898e-07 -2.28175e-07 0)
(-2.39599e-07 -2.60852e-07 0)
(-2.26413e-07 -2.90646e-07 0)
(-2.13247e-07 -3.17577e-07 0)
(-2.00009e-07 -3.41252e-07 0)
(-1.86634e-07 -3.61748e-07 0)
(-1.73117e-07 -3.78745e-07 0)
(-1.59593e-07 -3.92327e-07 0)
(-1.45771e-07 -4.02135e-07 0)
(-1.31275e-07 -4.08196e-07 0)
(-1.16331e-07 -4.10104e-07 0)
(-1.01042e-07 -4.07374e-07 0)
(-8.68866e-08 -3.99417e-07 0)
(-7.29863e-08 -3.85332e-07 0)
(-5.74813e-08 -3.6359e-07 0)
(-4.03192e-08 -3.3265e-07 0)
(-2.81548e-08 -2.90263e-07 0)
(-1.74084e-08 -2.32939e-07 0)
(-7.42715e-09 -1.56056e-07 0)
(-6.92954e-10 -6.60285e-08 0)
(-9.66725e-09 4.97128e-08 0)
(-4.51917e-09 1.08403e-07 0)
(-1.74552e-08 1.57384e-07 0)
(-3.32328e-08 1.91257e-07 0)
(-5.36297e-08 2.15382e-07 0)
(-7.20303e-08 2.33448e-07 0)
(-9.00381e-08 2.47716e-07 0)
(-1.09113e-07 2.59901e-07 0)
(-1.28224e-07 2.7113e-07 0)
(-1.46035e-07 2.81916e-07 0)
(-1.619e-07 2.9243e-07 0)
(-1.75493e-07 3.0264e-07 0)
(-1.86608e-07 3.12233e-07 0)
(-1.95059e-07 3.20863e-07 0)
(-2.0054e-07 3.27914e-07 0)
(-2.0299e-07 3.32668e-07 0)
(-2.02328e-07 3.34975e-07 0)
(-1.98664e-07 3.3429e-07 0)
(-1.92668e-07 3.29756e-07 0)
(-1.84554e-07 3.21582e-07 0)
(-1.74287e-07 3.0956e-07 0)
(-1.62377e-07 2.93516e-07 0)
(-1.49251e-07 2.73377e-07 0)
(-1.35298e-07 2.4922e-07 0)
(-1.20899e-07 2.21212e-07 0)
(-1.06353e-07 1.89646e-07 0)
(-9.19444e-08 1.54924e-07 0)
(-7.78885e-08 1.17562e-07 0)
(-6.43928e-08 7.81861e-08 0)
(-5.16527e-08 3.74391e-08 0)
(-3.99009e-08 -4.00849e-09 0)
(-2.92945e-08 -4.55428e-08 0)
(-1.99581e-08 -8.65901e-08 0)
(-1.19487e-08 -1.26589e-07 0)
(-5.33851e-09 -1.65104e-07 0)
(-1.19411e-10 -2.01682e-07 0)
(3.74935e-09 -2.361e-07 0)
(6.35916e-09 -2.68037e-07 0)
(7.85873e-09 -2.97386e-07 0)
(8.4161e-09 -3.2382e-07 0)
(8.2153e-09 -3.47259e-07 0)
(7.38531e-09 -3.67459e-07 0)
(6.01974e-09 -3.84393e-07 0)
(4.14156e-09 -3.97876e-07 0)
(1.90714e-09 -4.07913e-07 0)
(2.50906e-11 -4.13999e-07 0)
(-1.76044e-09 -4.16046e-07 0)
(-3.48337e-09 -4.13508e-07 0)
(-5.77448e-09 -4.05829e-07 0)
(-7.95795e-09 -3.91997e-07 0)
(-7.4397e-09 -3.70676e-07 0)
(-6.33445e-09 -3.40014e-07 0)
(-4.64917e-09 -2.97954e-07 0)
(-5.40816e-09 -2.3973e-07 0)
(-3.72715e-09 -1.61627e-07 0)
(-1.219e-09 -6.86516e-08 0)
(-9.09522e-09 5.30843e-08 0)
(1.15153e-09 1.14392e-07 0)
(-4.01233e-09 1.65671e-07 0)
(-8.57162e-09 2.01088e-07 0)
(-1.4995e-08 2.26031e-07 0)
(-1.78442e-08 2.44598e-07 0)
(-1.9494e-08 2.58862e-07 0)
(-2.15851e-08 2.70563e-07 0)
(-2.33196e-08 2.80802e-07 0)
(-2.3452e-08 2.90078e-07 0)
(-2.18582e-08 2.98672e-07 0)
(-1.83362e-08 3.06788e-07 0)
(-1.27326e-08 3.13917e-07 0)
(-4.95498e-09 3.19948e-07 0)
(5.6163e-09 3.24144e-07 0)
(1.84786e-08 3.26454e-07 0)
(3.32363e-08 3.25982e-07 0)
(4.98872e-08 3.23e-07 0)
(6.86677e-08 3.16604e-07 0)
(8.86091e-08 3.0697e-07 0)
(1.09569e-07 2.93432e-07 0)
(1.31046e-07 2.76681e-07 0)
(1.52543e-07 2.55885e-07 0)
(1.7362e-07 2.3192e-07 0)
(1.93857e-07 2.03991e-07 0)
(2.12906e-07 1.73323e-07 0)
(2.30471e-07 1.39232e-07 0)
(2.46318e-07 1.03315e-07 0)
(2.60234e-07 6.50027e-08 0)
(2.71983e-07 2.60974e-08 0)
(2.81314e-07 -1.39939e-08 0)
(2.88019e-07 -5.34327e-08 0)
(2.92056e-07 -9.2905e-08 0)
(2.93374e-07 -1.30605e-07 0)
(2.91993e-07 -1.67385e-07 0)
(2.87923e-07 -2.01632e-07 0)
(2.81279e-07 -2.34415e-07 0)
(2.72204e-07 -2.64296e-07 0)
(2.60983e-07 -2.92345e-07 0)
(2.47891e-07 -3.17099e-07 0)
(2.33155e-07 -3.39589e-07 0)
(2.17e-07 -3.58544e-07 0)
(1.996e-07 -3.74889e-07 0)
(1.8108e-07 -3.87485e-07 0)
(1.61692e-07 -3.97181e-07 0)
(1.4197e-07 -4.02783e-07 0)
(1.2251e-07 -4.04813e-07 0)
(1.02855e-07 -4.02379e-07 0)
(8.26399e-08 -3.95304e-07 0)
(6.32436e-08 -3.82079e-07 0)
(4.66564e-08 -3.61774e-07 0)
(3.33404e-08 -3.32457e-07 0)
(1.8999e-08 -2.91861e-07 0)
(8.13677e-09 -2.36516e-07 0)
(3.05774e-09 -1.59645e-07 0)
(-3.18826e-10 -6.90717e-08 0)
(-8.3784e-09 5.24375e-08 0)
(7.68032e-09 1.11814e-07 0)
(1.07367e-08 1.61518e-07 0)
(1.85627e-08 1.95909e-07 0)
(2.70021e-08 2.20553e-07 0)
(4.04912e-08 2.38866e-07 0)
(5.59325e-08 2.52791e-07 0)
(7.14509e-08 2.63711e-07 0)
(8.81693e-08 2.7294e-07 0)
(1.06555e-07 2.80891e-07 0)
(1.26324e-07 2.88208e-07 0)
(1.47798e-07 2.94422e-07 0)
(1.71148e-07 2.99817e-07 0)
(1.96293e-07 3.03467e-07 0)
(2.23302e-07 3.05839e-07 0)
(2.51764e-07 3.06057e-07 0)
(2.81765e-07 3.04432e-07 0)
(3.12878e-07 2.99489e-07 0)
(3.44952e-07 2.92274e-07 0)
(3.77375e-07 2.81333e-07 0)
(4.09788e-07 2.68091e-07 0)
(4.41492e-07 2.50947e-07 0)
(4.72022e-07 2.31586e-07 0)
(5.00738e-07 2.08098e-07 0)
(5.27291e-07 1.82559e-07 0)
(5.51177e-07 1.53042e-07 0)
(5.72186e-07 1.22086e-07 0)
(5.89965e-07 8.78007e-08 0)
(6.04317e-07 5.30637e-08 0)
(6.14913e-07 1.59233e-08 0)
(6.2154e-07 -2.04935e-08 0)
(6.24021e-07 -5.81899e-08 0)
(6.22357e-07 -9.37692e-08 0)
(6.16555e-07 -1.2937e-07 0)
(6.06624e-07 -1.61794e-07 0)
(5.92645e-07 -1.9369e-07 0)
(5.7475e-07 -2.22168e-07 0)
(5.53259e-07 -2.49966e-07 0)
(5.28541e-07 -2.74147e-07 0)
(5.00995e-07 -2.97172e-07 0)
(4.70827e-07 -3.16397e-07 0)
(4.38493e-07 -3.34263e-07 0)
(4.04171e-07 -3.48183e-07 0)
(3.68151e-07 -3.60266e-07 0)
(3.30676e-07 -3.68207e-07 0)
(2.92561e-07 -3.73799e-07 0)
(2.54359e-07 -3.74867e-07 0)
(2.16062e-07 -3.72879e-07 0)
(1.77255e-07 -3.65663e-07 0)
(1.3978e-07 -3.53563e-07 0)
(1.06136e-07 -3.34235e-07 0)
(7.50361e-08 -3.07194e-07 0)
(4.72642e-08 -2.7064e-07 0)
(2.32434e-08 -2.19357e-07 0)
(8.20239e-09 -1.49568e-07 0)
(5.82712e-10 -6.63862e-08 0)
(-7.8318e-09 4.78822e-08 0)
(1.49901e-08 1.01039e-07 0)
(2.71307e-08 1.44325e-07 0)
(4.84053e-08 1.74812e-07 0)
(7.25367e-08 1.9723e-07 0)
(1.02649e-07 2.13954e-07 0)
(1.353e-07 2.2645e-07 0)
(1.68952e-07 2.36231e-07 0)
(2.04067e-07 2.44103e-07 0)
(2.40827e-07 2.51065e-07 0)
(2.79195e-07 2.56924e-07 0)
(3.1925e-07 2.61832e-07 0)
(3.60711e-07 2.65387e-07 0)
(4.03666e-07 2.67801e-07 0)
(4.47701e-07 2.68486e-07 0)
(4.92836e-07 2.67784e-07 0)
(5.38595e-07 2.64737e-07 0)
(5.84837e-07 2.59749e-07 0)
(6.30871e-07 2.51884e-07 0)
(6.76469e-07 2.41922e-07 0)
(7.2082e-07 2.28929e-07 0)
(7.63485e-07 2.14105e-07 0)
(8.03474e-07 1.96221e-07 0)
(8.40475e-07 1.76366e-07 0)
(8.73724e-07 1.53251e-07 0)
(9.02985e-07 1.28372e-07 0)
(9.27669e-07 1.00552e-07 0)
(9.47596e-07 7.16097e-08 0)
(9.62241e-07 4.03941e-08 0)
(9.71485e-07 8.98357e-09 0)
(9.75017e-07 -2.38204e-08 0)
(9.72988e-07 -5.56625e-08 0)
(9.6542e-07 -8.75725e-08 0)
(9.52348e-07 -1.17139e-07 0)
(9.33627e-07 -1.45816e-07 0)
(9.09309e-07 -1.71677e-07 0)
(8.79722e-07 -1.96608e-07 0)
(8.45273e-07 -2.18869e-07 0)
(8.06652e-07 -2.40042e-07 0)
(7.63989e-07 -2.58334e-07 0)
(7.17746e-07 -2.75246e-07 0)
(6.68329e-07 -2.89238e-07 0)
(6.16477e-07 -3.0167e-07 0)
(5.62228e-07 -3.10968e-07 0)
(5.06286e-07 -3.18241e-07 0)
(4.49174e-07 -3.22081e-07 0)
(3.91991e-07 -3.23382e-07 0)
(3.34483e-07 -3.20879e-07 0)
(2.77051e-07 -3.14852e-07 0)
(2.2125e-07 -3.03605e-07 0)
(1.69618e-07 -2.87005e-07 0)
(1.21586e-07 -2.63797e-07 0)
(7.67388e-08 -2.31946e-07 0)
(4.02459e-08 -1.89854e-07 0)
(1.59098e-08 -1.30347e-07 0)
(2.2284e-09 -5.96107e-08 0)
(-9.76986e-09 4.03732e-08 0)
(2.35501e-08 8.34281e-08 0)
(4.42652e-08 1.18013e-07 0)
(8.01253e-08 1.41559e-07 0)
(1.20062e-07 1.5964e-07 0)
(1.66478e-07 1.72968e-07 0)
(2.16341e-07 1.82714e-07 0)
(2.67899e-07 1.90261e-07 0)
(3.21364e-07 1.96456e-07 0)
(3.76699e-07 2.01782e-07 0)
(4.33882e-07 2.06112e-07 0)
(4.92482e-07 2.09548e-07 0)
(5.52457e-07 2.11845e-07 0)
(6.1338e-07 2.13144e-07 0)
(6.75201e-07 2.13067e-07 0)
(7.37339e-07 2.11814e-07 0)
(7.99646e-07 2.08767e-07 0)
(8.61321e-07 2.04188e-07 0)
(9.22093e-07 1.97396e-07 0)
(9.81122e-07 1.88893e-07 0)
(1.03815e-06 1.78113e-07 0)
(1.09212e-06 1.66073e-07 0)
(1.14242e-06 1.51872e-07 0)
(1.1881e-06 1.3611e-07 0)
(1.22883e-06 1.17839e-07 0)
(1.26382e-06 9.81042e-08 0)
(1.29279e-06 7.61084e-08 0)
(1.31511e-06 5.31418e-08 0)
(1.33047e-06 2.85291e-08 0)
(1.33831e-06 3.84214e-09 0)
(1.33873e-06 -2.17445e-08 0)
(1.33183e-06 -4.66431e-08 0)
(1.31788e-06 -7.14037e-08 0)
(1.29685e-06 -9.43388e-08 0)
(1.26873e-06 -1.16462e-07 0)
(1.23361e-06 -1.36452e-07 0)
(1.1918e-06 -1.55639e-07 0)
(1.14414e-06 -1.72913e-07 0)
(1.09102e-06 -1.89556e-07 0)
(1.03293e-06 -2.03914e-07 0)
(9.70095e-07 -2.17171e-07 0)
(9.03404e-07 -2.28061e-07 0)
(8.33323e-07 -2.37689e-07 0)
(7.60621e-07 -2.44814e-07 0)
(6.85576e-07 -2.50366e-07 0)
(6.09397e-07 -2.53181e-07 0)
(5.32674e-07 -2.54123e-07 0)
(4.56134e-07 -2.52107e-07 0)
(3.79716e-07 -2.47386e-07 0)
(3.05607e-07 -2.38501e-07 0)
(2.35724e-07 -2.25651e-07 0)
(1.70362e-07 -2.07919e-07 0)
(1.09816e-07 -1.83883e-07 0)
(5.80878e-08 -1.50288e-07 0)
(2.45555e-08 -1.04685e-07 0)
(-7.84605e-10 -4.96378e-08 0)
(-6.26897e-09 2.77266e-08 0)
(3.41429e-08 4.95614e-08 0)
(6.38892e-08 7.49011e-08 0)
(1.12925e-07 9.13896e-08 0)
(1.68571e-07 1.03015e-07 0)
(2.30528e-07 1.10966e-07 0)
(2.96754e-07 1.16804e-07 0)
(3.65903e-07 1.21577e-07 0)
(4.37568e-07 1.25852e-07 0)
(5.11499e-07 1.29293e-07 0)
(5.87265e-07 1.32164e-07 0)
(6.64594e-07 1.34112e-07 0)
(7.4307e-07 1.35606e-07 0)
(8.22448e-07 1.36023e-07 0)
(9.02169e-07 1.36011e-07 0)
(9.81896e-07 1.34739e-07 0)
(1.06097e-06 1.32992e-07 0)
(1.13884e-06 1.29583e-07 0)
(1.21461e-06 1.2556e-07 0)
(1.28771e-06 1.19331e-07 0)
(1.35738e-06 1.12756e-07 0)
(1.42317e-06 1.05144e-07 0)
(1.48401e-06 9.7535e-08 0)
(1.53921e-06 8.74523e-08 0)
(1.58795e-06 7.68751e-08 0)
(1.62962e-06 6.35456e-08 0)
(1.66338e-06 4.97454e-08 0)
(1.68902e-06 3.39617e-08 0)
(1.7055e-06 1.91017e-08 0)
(1.71237e-06 2.3133e-09 0)
(1.7095e-06 -1.4153e-08 0)
(1.69737e-06 -3.19123e-08 0)
(1.67635e-06 -4.70698e-08 0)
(1.64653e-06 -6.23534e-08 0)
(1.60806e-06 -7.49808e-08 0)
(1.56127e-06 -8.80436e-08 0)
(1.50681e-06 -9.90949e-08 0)
(1.4454e-06 -1.10649e-07 0)
(1.37776e-06 -1.20123e-07 0)
(1.30386e-06 -1.30002e-07 0)
(1.2243e-06 -1.37622e-07 0)
(1.13992e-06 -1.45288e-07 0)
(1.05174e-06 -1.50603e-07 0)
(9.6022e-07 -1.55775e-07 0)
(8.66232e-07 -1.58583e-07 0)
(7.70596e-07 -1.6075e-07 0)
(6.74567e-07 -1.60522e-07 0)
(5.78675e-07 -1.5977e-07 0)
(4.83693e-07 -1.56932e-07 0)
(3.91168e-07 -1.52257e-07 0)
(3.03187e-07 -1.43425e-07 0)
(2.21005e-07 -1.30862e-07 0)
(1.45921e-07 -1.14839e-07 0)
(8.20313e-08 -9.56315e-08 0)
(3.84454e-08 -6.69744e-08 0)
(2.48383e-10 -3.43943e-08 0)
(4.89493e-09 9.81495e-09 0)
(3.30782e-08 2.96184e-08 0)
(8.08247e-08 3.85463e-08 0)
(1.41872e-07 4.26127e-08 0)
(2.1148e-07 4.7808e-08 0)
(2.88936e-07 5.21985e-08 0)
(3.71424e-07 5.49361e-08 0)
(4.57277e-07 5.65426e-08 0)
(5.46025e-07 5.7765e-08 0)
(6.37382e-07 5.88455e-08 0)
(7.30957e-07 5.98038e-08 0)
(8.26184e-07 6.04785e-08 0)
(9.22556e-07 6.09581e-08 0)
(1.01957e-06 6.11879e-08 0)
(1.11681e-06 6.11477e-08 0)
(1.21362e-06 6.05669e-08 0)
(1.30931e-06 5.95085e-08 0)
(1.40308e-06 5.79015e-08 0)
(1.49423e-06 5.58466e-08 0)
(1.58169e-06 5.29499e-08 0)
(1.66405e-06 4.83508e-08 0)
(1.74091e-06 4.36324e-08 0)
(1.81221e-06 3.95378e-08 0)
(1.87697e-06 3.47933e-08 0)
(1.93423e-06 2.93047e-08 0)
(1.98283e-06 2.33178e-08 0)
(2.02135e-06 1.69022e-08 0)
(2.04951e-06 9.65751e-09 0)
(2.06676e-06 3.04524e-09 0)
(2.07315e-06 -1.9148e-09 0)
(2.06864e-06 -6.37504e-09 0)
(2.05232e-06 -1.24092e-08 0)
(2.02431e-06 -1.92996e-08 0)
(1.98541e-06 -2.59966e-08 0)
(1.93655e-06 -3.20866e-08 0)
(1.87857e-06 -3.73467e-08 0)
(1.81202e-06 -4.20489e-08 0)
(1.73755e-06 -4.81016e-08 0)
(1.65519e-06 -5.45336e-08 0)
(1.56541e-06 -5.9229e-08 0)
(1.46939e-06 -6.31942e-08 0)
(1.36803e-06 -6.64875e-08 0)
(1.26203e-06 -6.92493e-08 0)
(1.15223e-06 -7.13467e-08 0)
(1.03956e-06 -7.27545e-08 0)
(9.2528e-07 -7.3488e-08 0)
(8.10417e-07 -7.37694e-08 0)
(6.95735e-07 -7.32703e-08 0)
(5.81991e-07 -7.13724e-08 0)
(4.71386e-07 -6.7863e-08 0)
(3.66753e-07 -6.46385e-08 0)
(2.68822e-07 -6.28031e-08 0)
(1.78528e-07 -5.75086e-08 0)
(9.94285e-08 -4.60065e-08 0)
(4.22443e-08 -2.94662e-08 0)
(7.02787e-09 -1.24242e-08 0)
)
;

boundaryField
{
    top
    {
        type            slip;
    }
    bottom
    {
        type            slip;
    }
    rotatingWall
    {
        type            rotatingWallVelocity;
        origin          (0 0 0);
        axis            (0 1 0);
        omega           constant 1140;
        value           uniform (0 0 0);
    }
    wall
    {
        type            rotatingWallVelocity;
        origin          (0 0 0);
        axis            (0 1 0);
        omega           constant 0;
        value           uniform (0 -0 -0);
    }
    frontAndBack
    {
        type            empty;
    }
}


// ************************************************************************* //
