/*--------------------------------*- C++ -*----------------------------------*\
| =========                 |                                                 |
| \\      /  F ield         | OpenFOAM: The Open Source CFD Toolbox           |
|  \\    /   O peration     | Version:  5.0                                   |
|   \\  /    A nd           | Web:      www.OpenFOAM.org                      |
|    \\/     M anipulation  |                                                 |
\*---------------------------------------------------------------------------*/
FoamFile
{
    version     2.0;
    format      ascii;
    class       volVectorField;
    location    "465";
    object      U;
}
// * * * * * * * * * * * * * * * * * * * * * * * * * * * * * * * * * * * * * //

dimensions      [0 1 -1 0 0 0 0];

internalField   nonuniform List<vector> 
1568
(
(1.19213e-17 -4.0979e-17 0)
(1.27511e-16 -9.08831e-17 0)
(3.44623e-16 -1.34556e-16 0)
(6.40706e-16 -1.67549e-16 0)
(9.92251e-16 -1.9444e-16 0)
(1.39302e-15 -2.17788e-16 0)
(1.8341e-15 -2.358e-16 0)
(2.30583e-15 -2.49736e-16 0)
(2.80105e-15 -2.6007e-16 0)
(3.31277e-15 -2.66781e-16 0)
(3.83417e-15 -2.70212e-16 0)
(4.35913e-15 -2.70591e-16 0)
(4.88201e-15 -2.68133e-16 0)
(5.39748e-15 -2.63026e-16 0)
(5.90057e-15 -2.55471e-16 0)
(6.38671e-15 -2.45629e-16 0)
(6.85169e-15 -2.33697e-16 0)
(7.2916e-15 -2.19847e-16 0)
(7.70291e-15 -2.04256e-16 0)
(8.08239e-15 -1.87093e-16 0)
(8.42719e-15 -1.68533e-16 0)
(8.7349e-15 -1.48683e-16 0)
(9.00344e-15 -1.27314e-16 0)
(9.22889e-15 -1.01099e-16 0)
(9.41158e-15 -7.31436e-17 0)
(9.55195e-15 -4.80465e-17 0)
(9.64864e-15 -2.42636e-17 0)
(9.69666e-15 -6.48933e-18 0)
(9.69699e-15 6.26937e-18 0)
(9.64962e-15 2.39639e-17 0)
(9.55356e-15 4.77228e-17 0)
(9.41377e-15 7.27565e-17 0)
(9.23163e-15 1.00715e-16 0)
(9.00674e-15 1.27022e-16 0)
(8.73874e-15 1.48415e-16 0)
(8.43154e-15 1.68272e-16 0)
(8.08721e-15 1.86865e-16 0)
(7.70815e-15 2.04037e-16 0)
(7.29724e-15 2.19662e-16 0)
(6.85765e-15 2.33537e-16 0)
(6.39295e-15 2.45495e-16 0)
(5.90704e-15 2.5535e-16 0)
(5.40413e-15 2.62944e-16 0)
(4.88879e-15 2.68081e-16 0)
(4.36597e-15 2.70571e-16 0)
(3.84099e-15 2.70203e-16 0)
(3.31957e-15 2.66777e-16 0)
(2.80789e-15 2.60069e-16 0)
(2.31252e-15 2.49842e-16 0)
(1.84057e-15 2.35747e-16 0)
(1.39988e-15 2.17519e-16 0)
(9.9905e-16 1.9478e-16 0)
(6.47055e-16 1.67012e-16 0)
(3.52466e-16 1.33511e-16 0)
(1.39373e-16 8.97786e-17 0)
(1.82574e-17 3.72721e-17 0)
(3.30269e-18 -1.13379e-16 0)
(1.16014e-16 -2.59513e-16 0)
(3.07329e-16 -3.7854e-16 0)
(5.76262e-16 -4.76259e-16 0)
(9.03439e-16 -5.57391e-16 0)
(1.27551e-15 -6.23039e-16 0)
(1.68481e-15 -6.7543e-16 0)
(2.12417e-15 -7.15911e-16 0)
(2.58546e-15 -7.45391e-16 0)
(3.06184e-15 -7.64704e-16 0)
(3.54737e-15 -7.7453e-16 0)
(4.03638e-15 -7.75629e-16 0)
(4.52328e-15 -7.68572e-16 0)
(5.00316e-15 -7.53891e-16 0)
(5.47153e-15 -7.32155e-16 0)
(5.92405e-15 -7.03935e-16 0)
(6.35679e-15 -6.69693e-16 0)
(6.76616e-15 -6.29954e-16 0)
(7.14885e-15 -5.852e-16 0)
(7.50186e-15 -5.35951e-16 0)
(7.82247e-15 -4.82661e-16 0)
(8.10824e-15 -4.2588e-16 0)
(8.35713e-15 -3.66212e-16 0)
(8.56755e-15 -3.04358e-16 0)
(8.73891e-15 -2.43322e-16 0)
(8.86969e-15 -1.80334e-16 0)
(8.95871e-15 -1.11714e-16 0)
(9.00337e-15 -3.79328e-17 0)
(9.0037e-15 3.70069e-17 0)
(8.95963e-15 1.10842e-16 0)
(8.87117e-15 1.79532e-16 0)
(8.74091e-15 2.42563e-16 0)
(8.57008e-15 3.03571e-16 0)
(8.36019e-15 3.65453e-16 0)
(8.11181e-15 4.25159e-16 0)
(7.82649e-15 4.81988e-16 0)
(7.50633e-15 5.35345e-16 0)
(7.15374e-15 5.84646e-16 0)
(6.77139e-15 6.29469e-16 0)
(6.36236e-15 6.6928e-16 0)
(5.92992e-15 7.03599e-16 0)
(5.47762e-15 7.31899e-16 0)
(5.00944e-15 7.53721e-16 0)
(4.52968e-15 7.68456e-16 0)
(4.04287e-15 7.75611e-16 0)
(3.55403e-15 7.74591e-16 0)
(3.06849e-15 7.64787e-16 0)
(2.59199e-15 7.45493e-16 0)
(2.1308e-15 7.16031e-16 0)
(1.6917e-15 6.7558e-16 0)
(1.282e-15 6.23001e-16 0)
(9.09935e-16 5.5693e-16 0)
(5.84032e-16 4.76257e-16 0)
(3.14962e-16 3.77086e-16 0)
(1.25497e-16 2.54078e-16 0)
(5.17191e-18 1.06088e-16 0)
(1.11963e-18 -1.64619e-16 0)
(1.00406e-16 -4.04663e-16 0)
(2.68433e-16 -6.02293e-16 0)
(5.14013e-16 -7.62871e-16 0)
(8.11344e-16 -8.94317e-16 0)
(1.15403e-15 -1.00157e-15 0)
(1.53267e-15 -1.08653e-15 0)
(1.93879e-15 -1.15202e-15 0)
(2.36572e-15 -1.19965e-15 0)
(2.80722e-15 -1.23076e-15 0)
(3.25716e-15 -1.24658e-15 0)
(3.7101e-15 -1.24825e-15 0)
(4.16123e-15 -1.23677e-15 0)
(4.60589e-15 -1.21304e-15 0)
(5.0397e-15 -1.17801e-15 0)
(5.45878e-15 -1.13248e-15 0)
(5.85952e-15 -1.07731e-15 0)
(6.23854e-15 -1.01331e-15 0)
(6.59279e-15 -9.41252e-16 0)
(6.91955e-15 -8.6192e-16 0)
(7.21634e-15 -7.76103e-16 0)
(7.48094e-15 -6.8455e-16 0)
(7.71149e-15 -5.88081e-16 0)
(7.90665e-15 -4.87775e-16 0)
(8.0648e-15 -3.85012e-16 0)
(8.18396e-15 -2.79276e-16 0)
(8.26367e-15 -1.69663e-16 0)
(8.30386e-15 -5.72327e-17 0)
(8.3041e-15 5.59181e-17 0)
(8.26439e-15 1.68366e-16 0)
(8.18519e-15 2.78035e-16 0)
(8.06652e-15 3.83802e-16 0)
(7.90881e-15 4.86616e-16 0)
(7.71408e-15 5.8696e-16 0)
(7.48395e-15 6.83509e-16 0)
(7.21977e-15 7.75118e-16 0)
(6.92335e-15 8.61042e-16 0)
(6.59692e-15 9.40448e-16 0)
(6.24299e-15 1.0126e-15 0)
(5.86423e-15 1.07672e-15 0)
(5.46372e-15 1.132e-15 0)
(5.04484e-15 1.17763e-15 0)
(4.61117e-15 1.2128e-15 0)
(4.16665e-15 1.23662e-15 0)
(3.7156e-15 1.24824e-15 0)
(3.26261e-15 1.24668e-15 0)
(2.81267e-15 1.23092e-15 0)
(2.37124e-15 1.19989e-15 0)
(1.94421e-15 1.15236e-15 0)
(1.53782e-15 1.08676e-15 0)
(1.15912e-15 1.00158e-15 0)
(8.16787e-16 8.94571e-16 0)
(5.18253e-16 7.62375e-16 0)
(2.72753e-16 6.0089e-16 0)
(1.04156e-16 4.01923e-16 0)
(1.86997e-18 1.63037e-16 0)
(8.42039e-19 -2.0832e-16 0)
(8.82774e-17 -5.31836e-16 0)
(2.36522e-16 -7.99296e-16 0)
(4.55543e-16 -1.02036e-15 0)
(7.26118e-16 -1.20039e-15 0)
(1.03789e-15 -1.34633e-15 0)
(1.3838e-15 -1.46247e-15 0)
(1.75621e-15 -1.55167e-15 0)
(2.14837e-15 -1.61626e-15 0)
(2.55399e-15 -1.65841e-15 0)
(2.96766e-15 -1.67993e-15 0)
(3.38444e-15 -1.68217e-15 0)
(3.79949e-15 -1.6666e-15 0)
(4.20848e-15 -1.63457e-15 0)
(4.6076e-15 -1.58725e-15 0)
(4.99313e-15 -1.52579e-15 0)
(5.36169e-15 -1.45136e-15 0)
(5.71025e-15 -1.36503e-15 0)
(6.03602e-15 -1.26789e-15 0)
(6.33646e-15 -1.16096e-15 0)
(6.60931e-15 -1.04535e-15 0)
(6.8526e-15 -9.22091e-16 0)
(7.06458e-15 -7.92284e-16 0)
(7.24377e-15 -6.57062e-16 0)
(7.38853e-15 -5.17686e-16 0)
(7.49726e-15 -3.74272e-16 0)
(7.56958e-15 -2.26765e-16 0)
(7.60583e-15 -7.64085e-17 0)
(7.60602e-15 7.47447e-17 0)
(7.57017e-15 2.25135e-16 0)
(7.49822e-15 3.72685e-16 0)
(7.38987e-15 5.16151e-16 0)
(7.24549e-15 6.55575e-16 0)
(7.06666e-15 7.90868e-16 0)
(6.85501e-15 9.20759e-16 0)
(6.61202e-15 1.04413e-15 0)
(6.33947e-15 1.15982e-15 0)
(6.0393e-15 1.26688e-15 0)
(5.71376e-15 1.36415e-15 0)
(5.36542e-15 1.45062e-15 0)
(4.99705e-15 1.5252e-15 0)
(4.61166e-15 1.58681e-15 0)
(4.21266e-15 1.63428e-15 0)
(3.80371e-15 1.66651e-15 0)
(3.38873e-15 1.6822e-15 0)
(2.97201e-15 1.68009e-15 0)
(2.55826e-15 1.65879e-15 0)
(2.15255e-15 1.61671e-15 0)
(1.76027e-15 1.5521e-15 0)
(1.38775e-15 1.46306e-15 0)
(1.04174e-15 1.34697e-15 0)
(7.29314e-16 1.20067e-15 0)
(4.58717e-16 1.02007e-15 0)
(2.39065e-16 7.99545e-16 0)
(8.94916e-17 5.29731e-16 0)
(1.28338e-18 2.08776e-16 0)
(1.20763e-18 -2.47973e-16 0)
(7.65567e-17 -6.42071e-16 0)
(2.08073e-16 -9.76216e-16 0)
(4.03317e-16 -1.25073e-15 0)
(6.45244e-16 -1.47676e-15 0)
(9.2611e-16 -1.65992e-15 0)
(1.23915e-15 -1.80523e-15 0)
(1.577e-15 -1.91667e-15 0)
(1.93337e-15 -1.99748e-15 0)
(2.30253e-15 -2.05022e-15 0)
(2.67936e-15 -2.07702e-15 0)
(3.05912e-15 -2.07993e-15 0)
(3.43741e-15 -2.06077e-15 0)
(3.81035e-15 -2.0211e-15 0)
(4.17425e-15 -1.96247e-15 0)
(4.52572e-15 -1.88642e-15 0)
(4.86174e-15 -1.79429e-15 0)
(5.17949e-15 -1.68745e-15 0)
(5.47641e-15 -1.56725e-15 0)
(5.75021e-15 -1.43503e-15 0)
(5.99883e-15 -1.29205e-15 0)
(6.22044e-15 -1.13965e-15 0)
(6.41342e-15 -9.79133e-16 0)
(6.57635e-15 -8.11829e-16 0)
(6.70783e-15 -6.38922e-16 0)
(6.80674e-15 -4.6114e-16 0)
(6.87266e-15 -2.79022e-16 0)
(6.90569e-15 -9.39756e-17 0)
(6.90582e-15 9.20637e-17 0)
(6.87306e-15 2.77133e-16 0)
(6.80743e-15 4.59292e-16 0)
(6.70882e-15 6.37146e-16 0)
(6.5776e-15 8.10114e-16 0)
(6.41492e-15 9.77503e-16 0)
(6.22219e-15 1.1381e-15 0)
(6.00081e-15 1.29062e-15 0)
(5.75241e-15 1.43373e-15 0)
(5.47881e-15 1.56609e-15 0)
(5.18206e-15 1.68645e-15 0)
(4.86446e-15 1.79345e-15 0)
(4.52857e-15 1.88576e-15 0)
(4.17719e-15 1.962e-15 0)
(3.81341e-15 2.02082e-15 0)
(3.44052e-15 2.06068e-15 0)
(3.06221e-15 2.08006e-15 0)
(2.68249e-15 2.07733e-15 0)
(2.3056e-15 2.05067e-15 0)
(1.9363e-15 1.99812e-15 0)
(1.57997e-15 1.91748e-15 0)
(1.24199e-15 1.80606e-15 0)
(9.28454e-16 1.66071e-15 0)
(6.47427e-16 1.47767e-15 0)
(4.05459e-16 1.25167e-15 0)
(2.09144e-16 9.75978e-16 0)
(7.74769e-17 6.42003e-16 0)
(8.95858e-19 2.48438e-16 0)
(6.40546e-19 -2.82561e-16 0)
(6.68716e-17 -7.40142e-16 0)
(1.81943e-16 -1.13135e-15 0)
(3.54192e-16 -1.45632e-15 0)
(5.68391e-16 -1.72413e-15 0)
(8.18666e-16 -1.94139e-15 0)
(1.09843e-15 -2.11402e-15 0)
(1.40111e-15 -2.24645e-15 0)
(1.72106e-15 -2.34241e-15 0)
(2.05301e-15 -2.40505e-15 0)
(2.39218e-15 -2.43702e-15 0)
(2.7342e-15 -2.44074e-15 0)
(3.0751e-15 -2.41835e-15 0)
(3.41123e-15 -2.3718e-15 0)
(3.73923e-15 -2.30301e-15 0)
(4.05607e-15 -2.21366e-15 0)
(4.35898e-15 -2.10544e-15 0)
(4.64539e-15 -1.97999e-15 0)
(4.913e-15 -1.83886e-15 0)
(5.15974e-15 -1.6836e-15 0)
(5.38374e-15 -1.51575e-15 0)
(5.58334e-15 -1.33682e-15 0)
(5.75706e-15 -1.1483e-15 0)
(5.90364e-15 -9.51662e-16 0)
(6.02189e-15 -7.48278e-16 0)
(6.11093e-15 -5.39302e-16 0)
(6.17038e-15 -3.25905e-16 0)
(6.20016e-15 -1.09651e-16 0)
(6.20025e-15 1.07576e-16 0)
(6.17064e-15 3.23865e-16 0)
(6.11137e-15 5.3732e-16 0)
(6.02251e-15 7.46354e-16 0)
(5.90444e-15 9.49814e-16 0)
(5.75803e-15 1.14655e-15 0)
(5.58447e-15 1.33518e-15 0)
(5.38502e-15 1.51423e-15 0)
(5.16115e-15 1.68222e-15 0)
(4.91453e-15 1.83763e-15 0)
(4.64704e-15 1.97892e-15 0)
(4.36073e-15 2.10456e-15 0)
(4.05792e-15 2.21297e-15 0)
(3.74114e-15 2.30253e-15 0)
(3.41318e-15 2.37156e-15 0)
(3.0771e-15 2.41829e-15 0)
(2.73623e-15 2.44092e-15 0)
(2.39418e-15 2.43742e-15 0)
(2.05498e-15 2.40565e-15 0)
(1.72303e-15 2.34323e-15 0)
(1.4029e-15 2.24742e-15 0)
(1.10003e-15 2.11508e-15 0)
(8.20454e-16 1.94258e-15 0)
(5.69887e-16 1.72526e-15 0)
(3.54834e-16 1.45735e-15 0)
(1.8288e-16 1.13209e-15 0)
(6.75938e-17 7.40467e-16 0)
(6.71472e-19 2.83015e-16 0)
(5.3415e-19 -3.12277e-16 0)
(5.79497e-17 -8.25679e-16 0)
(1.57718e-16 -1.26728e-15 0)
(3.07629e-16 -1.63682e-15 0)
(4.9518e-16 -1.94215e-15 0)
(7.14796e-16 -2.19062e-15 0)
(9.61116e-16 -2.38828e-15 0)
(1.22843e-15 -2.54e-15 0)
(1.51147e-15 -2.65e-15 0)
(1.80553e-15 -2.72189e-15 0)
(2.10634e-15 -2.75875e-15 0)
(2.40991e-15 -2.76336e-15 0)
(2.71262e-15 -2.73822e-15 0)
(3.01118e-15 -2.68564e-15 0)
(3.3026e-15 -2.60774e-15 0)
(3.58415e-15 -2.50651e-15 0)
(3.85329e-15 -2.38391e-15 0)
(4.10777e-15 -2.24176e-15 0)
(4.34554e-15 -2.08187e-15 0)
(4.56473e-15 -1.90598e-15 0)
(4.76367e-15 -1.71583e-15 0)
(4.9409e-15 -1.51312e-15 0)
(5.09512e-15 -1.29951e-15 0)
(5.22517e-15 -1.07665e-15 0)
(5.3301e-15 -8.46129e-16 0)
(5.40918e-15 -6.09402e-16 0)
(5.46201e-15 -3.68018e-16 0)
(5.48847e-15 -1.23713e-16 0)
(5.48852e-15 1.2159e-16 0)
(5.46214e-15 3.65919e-16 0)
(5.40939e-15 6.0735e-16 0)
(5.33041e-15 8.44143e-16 0)
(5.22557e-15 1.07475e-15 0)
(5.0956e-15 1.2977e-15 0)
(4.94146e-15 1.51142e-15 0)
(4.76431e-15 1.71426e-15 0)
(4.56543e-15 1.90455e-15 0)
(4.3463e-15 2.08061e-15 0)
(4.1086e-15 2.24069e-15 0)
(3.85417e-15 2.38303e-15 0)
(3.58507e-15 2.50585e-15 0)
(3.30357e-15 2.60729e-15 0)
(3.01219e-15 2.68542e-15 0)
(2.71364e-15 2.73825e-15 0)
(2.41095e-15 2.76362e-15 0)
(2.1074e-15 2.75924e-15 0)
(1.80657e-15 2.72262e-15 0)
(1.51242e-15 2.65095e-15 0)
(1.22943e-15 2.54112e-15 0)
(9.62138e-16 2.38959e-15 0)
(7.1545e-16 2.19204e-15 0)
(4.95792e-16 1.9435e-15 0)
(3.08496e-16 1.63808e-15 0)
(1.57997e-16 1.26844e-15 0)
(5.79534e-17 8.25924e-16 0)
(5.89349e-19 3.12976e-16 0)
(5.38213e-19 -3.37977e-16 0)
(4.9378e-17 -8.98989e-16 0)
(1.34733e-16 -1.38481e-15 0)
(2.63249e-16 -1.793e-15 0)
(4.24509e-16 -2.13171e-15 0)
(6.13951e-16 -2.40802e-15 0)
(8.27021e-16 -2.62804e-15 0)
(1.0587e-15 -2.79716e-15 0)
(1.30444e-15 -2.91993e-15 0)
(1.56015e-15 -3.00026e-15 0)
(1.82198e-15 -3.04168e-15 0)
(2.08639e-15 -3.04728e-15 0)
(2.3502e-15 -3.01986e-15 0)
(2.61051e-15 -2.96202e-15 0)
(2.86466e-15 -2.87615e-15 0)
(3.1102e-15 -2.7645e-15 0)
(3.34495e-15 -2.62922e-15 0)
(3.56692e-15 -2.47235e-15 0)
(3.77428e-15 -2.2959e-15 0)
(3.96542e-15 -2.10182e-15 0)
(4.13889e-15 -1.89199e-15 0)
(4.29339e-15 -1.66829e-15 0)
(4.42779e-15 -1.43258e-15 0)
(4.54111e-15 -1.18665e-15 0)
(4.63255e-15 -9.32276e-16 0)
(4.70151e-15 -6.7119e-16 0)
(4.74762e-15 -4.05166e-16 0)
(4.77071e-15 -1.36095e-16 0)
(4.77071e-15 1.34008e-16 0)
(4.74763e-15 4.03095e-16 0)
(4.70153e-15 6.69162e-16 0)
(4.63258e-15 9.30308e-16 0)
(4.54114e-15 1.18476e-15 0)
(4.42783e-15 1.43079e-15 0)
(4.29345e-15 1.66661e-15 0)
(4.13895e-15 1.89044e-15 0)
(3.9655e-15 2.10041e-15 0)
(3.77438e-15 2.29467e-15 0)
(3.56702e-15 2.4713e-15 0)
(3.34507e-15 2.62837e-15 0)
(3.11034e-15 2.76387e-15 0)
(2.86481e-15 2.87574e-15 0)
(2.61069e-15 2.96185e-15 0)
(2.35041e-15 3.01993e-15 0)
(2.0866e-15 3.0476e-15 0)
(1.82219e-15 3.04225e-15 0)
(1.56039e-15 3.00106e-15 0)
(1.30473e-15 2.92095e-15 0)
(1.05893e-15 2.79841e-15 0)
(8.27227e-16 2.62942e-15 0)
(6.1435e-16 2.40948e-15 0)
(4.24821e-16 2.13333e-15 0)
(2.63219e-16 1.79443e-15 0)
(1.34934e-16 1.38588e-15 0)
(4.96446e-17 8.99618e-16 0)
(4.34838e-19 3.3862e-16 0)
(3.84887e-19 -3.59725e-16 0)
(4.12387e-17 -9.61136e-16 0)
(1.12678e-16 -1.48441e-15 0)
(2.20469e-16 -1.92588e-15 0)
(3.56029e-16 -2.29332e-15 0)
(5.15681e-16 -2.59372e-15 0)
(6.95612e-16 -2.83338e-15 0)
(8.91598e-16 -3.01781e-15 0)
(1.09985e-15 -3.15184e-15 0)
(1.31678e-15 -3.23972e-15 0)
(1.5391e-15 -3.28529e-15 0)
(1.76381e-15 -3.29189e-15 0)
(1.98812e-15 -3.2626e-15 0)
(2.20951e-15 -3.20031e-15 0)
(2.42572e-15 -3.10762e-15 0)
(2.63466e-15 -2.987e-15 0)
(2.83442e-15 -2.84078e-15 0)
(3.0233e-15 -2.67122e-15 0)
(3.19974e-15 -2.48049e-15 0)
(3.36237e-15 -2.27068e-15 0)
(3.50995e-15 -2.04387e-15 0)
(3.64136e-15 -1.80207e-15 0)
(3.75565e-15 -1.54727e-15 0)
(3.85203e-15 -1.28145e-15 0)
(3.9298e-15 -1.00653e-15 0)
(3.98847e-15 -7.2446e-16 0)
(4.02772e-15 -4.3719e-16 0)
(4.04737e-15 -1.46753e-16 0)
(4.04733e-15 1.44751e-16 0)
(4.02762e-15 4.35216e-16 0)
(3.98831e-15 7.22529e-16 0)
(3.92958e-15 1.00466e-15 0)
(3.85176e-15 1.27965e-15 0)
(3.75533e-15 1.54557e-15 0)
(3.64099e-15 1.80047e-15 0)
(3.50953e-15 2.0424e-15 0)
(3.36192e-15 2.26936e-15 0)
(3.19926e-15 2.47933e-15 0)
(3.02278e-15 2.67024e-15 0)
(2.83389e-15 2.84e-15 0)
(2.63412e-15 2.98642e-15 0)
(2.42519e-15 3.10726e-15 0)
(2.20898e-15 3.20018e-15 0)
(1.9876e-15 3.2627e-15 0)
(1.76333e-15 3.29222e-15 0)
(1.53866e-15 3.28588e-15 0)
(1.31637e-15 3.24055e-15 0)
(1.09947e-15 3.15288e-15 0)
(8.91334e-16 3.01905e-15 0)
(6.95439e-16 2.8348e-15 0)
(5.15454e-16 2.59525e-15 0)
(3.55884e-16 2.2948e-15 0)
(2.20601e-16 1.92731e-15 0)
(1.12668e-16 1.48563e-15 0)
(4.12039e-17 9.61706e-16 0)
(3.78899e-19 3.6028e-16 0)
(3.11385e-19 -3.7759e-16 0)
(3.34183e-17 -1.0124e-15 0)
(9.13597e-17 -1.56667e-15 0)
(1.78963e-16 -2.0358e-15 0)
(2.89315e-16 -2.42732e-15 0)
(4.19489e-16 -2.74802e-15 0)
(5.66461e-16 -3.00428e-15 0)
(7.2681e-16 -3.20173e-15 0)
(8.9739e-16 -3.34539e-15 0)
(1.07525e-15 -3.43979e-15 0)
(1.2577e-15 -3.48898e-15 0)
(1.44222e-15 -3.4965e-15 0)
(1.62649e-15 -3.46575e-15 0)
(1.80843e-15 -3.39982e-15 0)
(1.98615e-15 -3.30147e-15 0)
(2.15792e-15 -3.17334e-15 0)
(2.32216e-15 -3.01798e-15 0)
(2.47744e-15 -2.83779e-15 0)
(2.62251e-15 -2.63508e-15 0)
(2.7562e-15 -2.41209e-15 0)
(2.8775e-15 -2.17104e-15 0)
(2.98551e-15 -1.91406e-15 0)
(3.07945e-15 -1.64328e-15 0)
(3.15864e-15 -1.3608e-15 0)
(3.22255e-15 -1.06871e-15 0)
(3.27078e-15 -7.6908e-16 0)
(3.30304e-15 -4.6401e-16 0)
(3.31917e-15 -1.55651e-16 0)
(3.31911e-15 1.53814e-16 0)
(3.30286e-15 4.62189e-16 0)
(3.27047e-15 7.67292e-16 0)
(3.22213e-15 1.06698e-15 0)
(3.1581e-15 1.35914e-15 0)
(3.07881e-15 1.64171e-15 0)
(2.98477e-15 1.91259e-15 0)
(2.87667e-15 2.16969e-15 0)
(2.75529e-15 2.41088e-15 0)
(2.62153e-15 2.63402e-15 0)
(2.47641e-15 2.8369e-15 0)
(2.32108e-15 3.01728e-15 0)
(2.15681e-15 3.17283e-15 0)
(1.98503e-15 3.30116e-15 0)
(1.80731e-15 3.39973e-15 0)
(1.6254e-15 3.46588e-15 0)
(1.44117e-15 3.49687e-15 0)
(1.2567e-15 3.48956e-15 0)
(1.07431e-15 3.44059e-15 0)
(8.96572e-16 3.34642e-15 0)
(7.26086e-16 3.20294e-15 0)
(5.65825e-16 3.00562e-15 0)
(4.19078e-16 2.74947e-15 0)
(2.8904e-16 2.42884e-15 0)
(1.78648e-16 2.03716e-15 0)
(9.12848e-17 1.5677e-15 0)
(3.34906e-17 1.01303e-15 0)
(2.78093e-19 3.78076e-16 0)
(2.33489e-19 -3.9176e-16 0)
(2.58167e-17 -1.05311e-15 0)
(7.06291e-17 -1.63204e-15 0)
(1.38423e-16 -2.12332e-15 0)
(2.23944e-16 -2.53414e-15 0)
(3.24982e-16 -2.87121e-15 0)
(4.39179e-16 -3.1409e-15 0)
(5.6393e-16 -3.34893e-15 0)
(6.96759e-16 -3.50046e-15 0)
(8.35333e-16 -3.60018e-15 0)
(9.77653e-16 -3.65246e-15 0)
(1.12156e-15 -3.66083e-15 0)
(1.26536e-15 -3.62888e-15 0)
(1.40739e-15 -3.56009e-15 0)
(1.54619e-15 -3.45721e-15 0)
(1.68033e-15 -3.32308e-15 0)
(1.80858e-15 -3.16037e-15 0)
(1.92985e-15 -2.97163e-15 0)
(2.04313e-15 -2.75928e-15 0)
(2.14752e-15 -2.52571e-15 0)
(2.24223e-15 -2.2732e-15 0)
(2.32656e-15 -2.00402e-15 0)
(2.39988e-15 -1.7204e-15 0)
(2.4617e-15 -1.42455e-15 0)
(2.51159e-15 -1.11865e-15 0)
(2.54923e-15 -8.04919e-16 0)
(2.57441e-15 -4.85545e-16 0)
(2.58698e-15 -1.62775e-16 0)
(2.58689e-15 1.61141e-16 0)
(2.57414e-15 4.83928e-16 0)
(2.5488e-15 8.03332e-16 0)
(2.511e-15 1.11711e-15 0)
(2.46095e-15 1.42307e-15 0)
(2.39898e-15 1.719e-15 0)
(2.32552e-15 2.00271e-15 0)
(2.24106e-15 2.272e-15 0)
(2.14624e-15 2.52464e-15 0)
(2.04175e-15 2.75835e-15 0)
(1.92838e-15 2.97085e-15 0)
(1.80705e-15 3.15976e-15 0)
(1.67875e-15 3.32264e-15 0)
(1.54459e-15 3.45695e-15 0)
(1.4058e-15 3.56002e-15 0)
(1.2638e-15 3.62902e-15 0)
(1.12004e-15 3.66118e-15 0)
(9.76213e-16 3.65301e-15 0)
(8.34008e-16 3.60093e-15 0)
(6.95524e-16 3.5014e-15 0)
(5.6285e-16 3.35003e-15 0)
(4.38332e-16 3.14216e-15 0)
(3.2428e-16 2.87251e-15 0)
(2.2337e-16 2.5354e-15 0)
(1.38146e-16 2.12455e-15 0)
(7.05026e-17 1.63307e-15 0)
(2.57405e-17 1.05358e-15 0)
(2.22381e-19 3.92198e-16 0)
(1.64023e-19 -4.02329e-16 0)
(1.83933e-17 -1.08348e-15 0)
(5.03024e-17 -1.68087e-15 0)
(9.86157e-17 -2.18874e-15 0)
(1.59623e-16 -2.61406e-15 0)
(2.3174e-16 -2.96349e-15 0)
(3.13312e-16 -3.24336e-15 0)
(4.02505e-16 -3.45944e-15 0)
(4.97559e-16 -3.61699e-15 0)
(5.96682e-16 -3.72083e-15 0)
(6.98748e-16 -3.77546e-15 0)
(8.01592e-16 -3.78448e-15 0)
(9.04803e-16 -3.75174e-15 0)
(1.00649e-15 -3.68076e-15 0)
(1.10599e-15 -3.57447e-15 0)
(1.20213e-15 -3.4358e-15 0)
(1.29404e-15 -3.26756e-15 0)
(1.38094e-15 -3.07238e-15 0)
(1.46212e-15 -2.85278e-15 0)
(1.53692e-15 -2.61122e-15 0)
(1.60478e-15 -2.35008e-15 0)
(1.66519e-15 -2.07171e-15 0)
(1.71772e-15 -1.77842e-15 0)
(1.76199e-15 -1.4725e-15 0)
(1.79772e-15 -1.15622e-15 0)
(1.82467e-15 -8.31868e-16 0)
(1.84268e-15 -5.01727e-16 0)
(1.85165e-15 -1.68097e-16 0)
(1.85155e-15 1.667e-16 0)
(1.84236e-15 5.00343e-16 0)
(1.82414e-15 8.30516e-16 0)
(1.79698e-15 1.15491e-15 0)
(1.76107e-15 1.47124e-15 0)
(1.71661e-15 1.77724e-15 0)
(1.66391e-15 2.07061e-15 0)
(1.60334e-15 2.34907e-15 0)
(1.53534e-15 2.61031e-15 0)
(1.46041e-15 2.85199e-15 0)
(1.37913e-15 3.07172e-15 0)
(1.29215e-15 3.26704e-15 0)
(1.20019e-15 3.43544e-15 0)
(1.10402e-15 3.57427e-15 0)
(1.00451e-15 3.68072e-15 0)
(9.02861e-16 3.75187e-15 0)
(7.99708e-16 3.78479e-15 0)
(6.96959e-16 3.77596e-15 0)
(5.95003e-16 3.72148e-15 0)
(4.96057e-16 3.6178e-15 0)
(4.01214e-16 3.46041e-15 0)
(3.1216e-16 3.24439e-15 0)
(2.30822e-16 2.96461e-15 0)
(1.5905e-16 2.61523e-15 0)
(9.81931e-17 2.18974e-15 0)
(5.00269e-17 1.68164e-15 0)
(1.83297e-17 1.08393e-15 0)
(1.34519e-19 4.02682e-16 0)
(9.53146e-20 -4.09368e-16 0)
(1.10658e-17 -1.10367e-15 0)
(3.02636e-17 -1.71338e-15 0)
(5.93141e-17 -2.2323e-15 0)
(9.59998e-17 -2.66733e-15 0)
(1.39359e-16 -3.02503e-15 0)
(1.88415e-16 -3.31173e-15 0)
(2.42085e-16 -3.53323e-15 0)
(2.99243e-16 -3.69485e-15 0)
(3.5883e-16 -3.80142e-15 0)
(4.21426e-16 -3.85708e-15 0)
(4.81361e-16 -3.86626e-15 0)
(5.4478e-16 -3.83379e-15 0)
(6.05838e-16 -3.76142e-15 0)
(6.65694e-16 -3.65285e-15 0)
(7.23531e-16 -3.51115e-15 0)
(7.7881e-16 -3.3392e-15 0)
(8.31096e-16 -3.13972e-15 0)
(8.7994e-16 -2.91527e-15 0)
(9.2494e-16 -2.66837e-15 0)
(9.65757e-16 -2.40146e-15 0)
(1.00209e-15 -2.11694e-15 0)
(1.03366e-15 -1.81718e-15 0)
(1.06027e-15 -1.50452e-15 0)
(1.08173e-15 -1.1813e-15 0)
(1.0979e-15 -8.49846e-16 0)
(1.1087e-15 -5.12498e-16 0)
(1.11404e-15 -1.71602e-16 0)
(1.11392e-15 1.70478e-16 0)
(1.10833e-15 5.11383e-16 0)
(1.0973e-15 8.48752e-16 0)
(1.08089e-15 1.18024e-15 0)
(1.05921e-15 1.50351e-15 0)
(1.03239e-15 1.81622e-15 0)
(1.00061e-15 2.11605e-15 0)
(9.64107e-16 2.40064e-15 0)
(9.23128e-16 2.66764e-15 0)
(8.77984e-16 2.91464e-15 0)
(8.29024e-16 3.1392e-15 0)
(7.76647e-16 3.3388e-15 0)
(7.21305e-16 3.51086e-15 0)
(6.63435e-16 3.6527e-15 0)
(6.03579e-16 3.76141e-15 0)
(5.42555e-16 3.83391e-15 0)
(4.79185e-16 3.86652e-15 0)
(4.19381e-16 3.85748e-15 0)
(3.5693e-16 3.80196e-15 0)
(2.97515e-16 3.69551e-15 0)
(2.4053e-16 3.53399e-15 0)
(1.87166e-16 3.31259e-15 0)
(1.38412e-16 3.02593e-15 0)
(9.51515e-17 2.66817e-15 0)
(5.87638e-17 2.23312e-15 0)
(3.00849e-17 1.71406e-15 0)
(1.09681e-17 1.10396e-15 0)
(9.06331e-20 4.09664e-16 0)
(5.09868e-20 -4.12911e-16 0)
(3.81148e-18 -1.11382e-15 0)
(1.03919e-17 -1.72971e-15 0)
(2.03014e-17 -2.25419e-15 0)
(3.27812e-17 -2.69409e-15 0)
(4.74934e-17 -3.05593e-15 0)
(6.40892e-17 -3.34602e-15 0)
(8.22314e-17 -3.57019e-15 0)
(1.01462e-16 -3.73386e-15 0)
(1.21043e-16 -3.84191e-15 0)
(1.42257e-16 -3.89879e-15 0)
(1.62879e-16 -3.90913e-15 0)
(1.85797e-16 -3.87525e-15 0)
(2.05207e-16 -3.80176e-15 0)
(2.25173e-16 -3.69198e-15 0)
(2.44574e-16 -3.54886e-15 0)
(2.63094e-16 -3.37511e-15 0)
(2.80618e-16 -3.17347e-15 0)
(2.96988e-16 -2.94659e-15 0)
(3.12063e-16 -2.69701e-15 0)
(3.25722e-16 -2.42719e-15 0)
(3.37864e-16 -2.13959e-15 0)
(3.48406e-16 -1.83657e-15 0)
(3.57272e-16 -1.52053e-15 0)
(3.64405e-16 -1.19382e-15 0)
(3.69756e-16 -8.58799e-16 0)
(3.73293e-16 -5.17829e-16 0)
(3.75001e-16 -1.7329e-16 0)
(3.74869e-16 1.72449e-16 0)
(3.72896e-16 5.17002e-16 0)
(3.69097e-16 8.57987e-16 0)
(3.63494e-16 1.19303e-15 0)
(3.56119e-16 1.51978e-15 0)
(3.47026e-16 1.83586e-15 0)
(3.36269e-16 2.13892e-15 0)
(3.23928e-16 2.42659e-15 0)
(3.10094e-16 2.69647e-15 0)
(2.94865e-16 2.94613e-15 0)
(2.78369e-16 3.17309e-15 0)
(2.60745e-16 3.37481e-15 0)
(2.42156e-16 3.54865e-15 0)
(2.22722e-16 3.69187e-15 0)
(2.02756e-16 3.80175e-15 0)
(1.83385e-16 3.87535e-15 0)
(1.60537e-16 3.90933e-15 0)
(1.40035e-16 3.89908e-15 0)
(1.18954e-16 3.8423e-15 0)
(9.95786e-17 3.73434e-15 0)
(8.06205e-17 3.57075e-15 0)
(6.26738e-17 3.34662e-15 0)
(4.62814e-17 3.05656e-15 0)
(3.20227e-17 2.69475e-15 0)
(1.98341e-17 2.25476e-15 0)
(9.97273e-18 1.73011e-15 0)
(3.63991e-18 1.11406e-15 0)
(1.75438e-20 4.13125e-16 0)
(-2.07765e-20 -4.12995e-16 0)
(-3.41469e-18 -1.11397e-15 0)
(-9.427e-18 -1.72995e-15 0)
(-1.86298e-17 -2.2545e-15 0)
(-3.03055e-17 -2.69442e-15 0)
(-4.41926e-17 -3.05628e-15 0)
(-5.9972e-17 -3.34637e-15 0)
(-7.72833e-17 -3.57052e-15 0)
(-9.57382e-17 -3.73418e-15 0)
(-1.14604e-16 -3.84221e-15 0)
(-1.35103e-16 -3.89907e-15 0)
(-1.55106e-16 -3.90939e-15 0)
(-1.77429e-16 -3.87549e-15 0)
(-1.96309e-16 -3.80197e-15 0)
(-2.1581e-16 -3.69216e-15 0)
(-2.34802e-16 -3.54901e-15 0)
(-2.52972e-16 -3.37523e-15 0)
(-2.70205e-16 -3.17357e-15 0)
(-2.86341e-16 -2.94666e-15 0)
(-3.01236e-16 -2.69705e-15 0)
(-3.14773e-16 -2.42722e-15 0)
(-3.26846e-16 -2.13958e-15 0)
(-3.37369e-16 -1.83654e-15 0)
(-3.4627e-16 -1.52047e-15 0)
(-3.53487e-16 -1.19374e-15 0)
(-3.58972e-16 -8.58699e-16 0)
(-3.62695e-16 -5.17712e-16 0)
(-3.64632e-16 -1.73147e-16 0)
(-3.64769e-16 1.72607e-16 0)
(-3.63108e-16 5.17174e-16 0)
(-3.5966e-16 8.58173e-16 0)
(-3.54437e-16 1.19324e-15 0)
(-3.47473e-16 1.51999e-15 0)
(-3.38813e-16 1.83609e-15 0)
(-3.2851e-16 2.13915e-15 0)
(-3.16642e-16 2.42683e-15 0)
(-3.03293e-16 2.69671e-15 0)
(-2.88557e-16 2.94637e-15 0)
(-2.72554e-16 3.17333e-15 0)
(-2.55424e-16 3.37504e-15 0)
(-2.37326e-16 3.54888e-15 0)
(-2.18373e-16 3.69209e-15 0)
(-1.98871e-16 3.80196e-15 0)
(-1.79954e-16 3.87555e-15 0)
(-1.57545e-16 3.90951e-15 0)
(-1.37434e-16 3.89925e-15 0)
(-1.16745e-16 3.84244e-15 0)
(-9.77057e-17 3.73446e-15 0)
(-7.90749e-17 3.57085e-15 0)
(-6.14249e-17 3.34674e-15 0)
(-4.52625e-17 3.05664e-15 0)
(-3.12915e-17 2.69475e-15 0)
(-1.93647e-17 2.25483e-15 0)
(-9.64732e-18 1.73022e-15 0)
(-3.52951e-18 1.11403e-15 0)
(-3.72849e-20 4.13148e-16 0)
(-8.00415e-20 -4.09612e-16 0)
(-1.0663e-17 -1.10412e-15 0)
(-2.93281e-17 -1.71409e-15 0)
(-5.76819e-17 -2.23319e-15 0)
(-9.35834e-17 -2.66831e-15 0)
(-1.36155e-16 -3.02605e-15 0)
(-1.8442e-16 -3.31274e-15 0)
(-2.3729e-16 -3.53422e-15 0)
(-2.93697e-16 -3.69579e-15 0)
(-3.52573e-16 -3.8023e-15 0)
(-4.14497e-16 -3.8579e-15 0)
(-4.73797e-16 -3.86701e-15 0)
(-5.36682e-16 -3.83446e-15 0)
(-5.97234e-16 -3.76202e-15 0)
(-6.56642e-16 -3.65337e-15 0)
(-7.14088e-16 -3.51159e-15 0)
(-7.69028e-16 -3.33956e-15 0)
(-8.21033e-16 -3.14e-15 0)
(-8.69649e-16 -2.91548e-15 0)
(-9.14477e-16 -2.6685e-15 0)
(-9.55169e-16 -2.40151e-15 0)
(-9.9143e-16 -2.11692e-15 0)
(-1.02299e-15 -1.81709e-15 0)
(-1.04963e-15 -1.50436e-15 0)
(-1.07117e-15 -1.18107e-15 0)
(-1.08748e-15 -8.49548e-16 0)
(-1.09844e-15 -5.12139e-16 0)
(-1.10401e-15 -1.7119e-16 0)
(-1.10416e-15 1.70947e-16 0)
(-1.09886e-15 5.11901e-16 0)
(-1.08817e-15 8.49318e-16 0)
(-1.07213e-15 1.18085e-15 0)
(-1.05084e-15 1.50414e-15 0)
(-1.02445e-15 1.81689e-15 0)
(-9.93112e-16 2.11674e-15 0)
(-9.57059e-16 2.40134e-15 0)
(-9.16548e-16 2.66835e-15 0)
(-8.71881e-16 2.91535e-15 0)
(-8.23404e-16 3.1399e-15 0)
(-7.71504e-16 3.33949e-15 0)
(-7.16633e-16 3.51153e-15 0)
(-6.59229e-16 3.65334e-15 0)
(-5.99824e-16 3.76201e-15 0)
(-5.39233e-16 3.83448e-15 0)
(-4.76259e-16 3.86704e-15 0)
(-4.16859e-16 3.85795e-15 0)
(-3.54794e-16 3.80237e-15 0)
(-2.95705e-16 3.69588e-15 0)
(-2.39002e-16 3.5343e-15 0)
(-1.85952e-16 3.31282e-15 0)
(-1.37516e-16 3.02615e-15 0)
(-9.44248e-17 2.66842e-15 0)
(-5.81751e-17 2.23322e-15 0)
(-2.98465e-17 1.71411e-15 0)
(-1.0937e-17 1.10407e-15 0)
(-1.00041e-19 4.09696e-16 0)
(-1.32653e-19 -4.02734e-16 0)
(-1.80083e-17 -1.08419e-15 0)
(-4.93945e-17 -1.68204e-15 0)
(-9.70757e-17 -2.19017e-15 0)
(-1.5735e-16 -2.61565e-15 0)
(-2.28718e-16 -2.96513e-15 0)
(-3.09566e-16 -3.245e-15 0)
(-3.98023e-16 -3.46104e-15 0)
(-4.9238e-16 -3.6185e-15 0)
(-5.90848e-16 -3.72226e-15 0)
(-6.92296e-16 -3.77679e-15 0)
(-7.94577e-16 -3.78569e-15 0)
(-8.97273e-16 -3.75282e-15 0)
(-9.98482e-16 -3.68172e-15 0)
(-1.09757e-15 -3.57531e-15 0)
(-1.19335e-15 -3.43651e-15 0)
(-1.28494e-15 -3.26814e-15 0)
(-1.37158e-15 -3.07283e-15 0)
(-1.45254e-15 -2.85311e-15 0)
(-1.52718e-15 -2.61142e-15 0)
(-1.59493e-15 -2.35016e-15 0)
(-1.65528e-15 -2.07168e-15 0)
(-1.70778e-15 -1.77826e-15 0)
(-1.75208e-15 -1.47223e-15 0)
(-1.78788e-15 -1.15584e-15 0)
(-1.81495e-15 -8.31388e-16 0)
(-1.83313e-15 -5.01134e-16 0)
(-1.84231e-15 -1.67421e-16 0)
(-1.84244e-15 1.67474e-16 0)
(-1.83353e-15 5.01187e-16 0)
(-1.81563e-15 8.31441e-16 0)
(-1.78882e-15 1.15589e-15 0)
(-1.75327e-15 1.47228e-15 0)
(-1.7092e-15 1.77831e-15 0)
(-1.65691e-15 2.07173e-15 0)
(-1.59677e-15 2.3502e-15 0)
(-1.52921e-15 2.61147e-15 0)
(-1.45473e-15 2.85314e-15 0)
(-1.37389e-15 3.07287e-15 0)
(-1.28735e-15 3.26816e-15 0)
(-1.19584e-15 3.43652e-15 0)
(-1.1001e-15 3.5753e-15 0)
(-1.00102e-15 3.68171e-15 0)
(-8.99771e-16 3.75278e-15 0)
(-7.97011e-16 3.78564e-15 0)
(-6.94622e-16 3.77672e-15 0)
(-5.9299e-16 3.72218e-15 0)
(-4.94366e-16 3.61837e-15 0)
(-3.99864e-16 3.46091e-15 0)
(-3.11039e-16 3.24486e-15 0)
(-2.29797e-16 2.96493e-15 0)
(-1.58433e-16 2.61543e-15 0)
(-9.79086e-17 2.19e-15 0)
(-4.96406e-17 1.68187e-15 0)
(-1.81713e-17 1.08398e-15 0)
(-1.55567e-19 4.02754e-16 0)
(-2.07554e-19 -3.92314e-16 0)
(-2.54597e-17 -1.05408e-15 0)
(-6.98021e-17 -1.6336e-15 0)
(-1.3701e-16 -2.12524e-15 0)
(-2.21892e-16 -2.53625e-15 0)
(-3.22269e-16 -2.8734e-15 0)
(-4.35826e-16 -3.1431e-15 0)
(-5.59916e-16 -3.35107e-15 0)
(-6.92145e-16 -3.50251e-15 0)
(-8.30162e-16 -3.6021e-15 0)
(-9.71923e-16 -3.65424e-15 0)
(-1.11533e-15 -3.66246e-15 0)
(-1.25869e-15 -3.63034e-15 0)
(-1.40029e-15 -3.56137e-15 0)
(-1.53872e-15 -3.45834e-15 0)
(-1.67253e-15 -3.32403e-15 0)
(-1.8005e-15 -3.16117e-15 0)
(-1.92153e-15 -2.97224e-15 0)
(-2.03462e-15 -2.75974e-15 0)
(-2.13887e-15 -2.52598e-15 0)
(-2.23347e-15 -2.27332e-15 0)
(-2.31774e-15 -2.00396e-15 0)
(-2.39105e-15 -1.7202e-15 0)
(-2.45289e-15 -1.42417e-15 0)
(-2.50284e-15 -1.11815e-15 0)
(-2.54058e-15 -8.04248e-16 0)
(-2.5659e-15 -4.84763e-16 0)
(-2.57866e-15 -1.61841e-16 0)
(-2.57879e-15 1.62168e-16 0)
(-2.56629e-15 4.85088e-16 0)
(-2.54122e-15 8.04567e-16 0)
(-2.50371e-15 1.11846e-15 0)
(-2.45399e-15 1.42447e-15 0)
(-2.39238e-15 1.72049e-15 0)
(-2.31928e-15 2.00423e-15 0)
(-2.23521e-15 2.27357e-15 0)
(-2.14077e-15 2.5262e-15 0)
(-2.03667e-15 2.75993e-15 0)
(-1.92371e-15 2.97239e-15 0)
(-1.80278e-15 3.16129e-15 0)
(-1.67488e-15 3.3241e-15 0)
(-1.54111e-15 3.45837e-15 0)
(-1.40268e-15 3.56135e-15 0)
(-1.26106e-15 3.63027e-15 0)
(-1.11763e-15 3.66232e-15 0)
(-9.74124e-16 3.65405e-15 0)
(-8.32275e-16 3.60183e-15 0)
(-6.9405e-16 3.50222e-15 0)
(-5.61516e-16 3.35072e-15 0)
(-4.37351e-16 3.14265e-15 0)
(-3.23676e-16 2.87299e-15 0)
(-2.22702e-16 2.53585e-15 0)
(-1.37498e-16 2.12477e-15 0)
(-7.04182e-17 1.63317e-15 0)
(-2.5795e-17 1.05376e-15 0)
(-2.42032e-19 3.9226e-16 0)
(-2.6673e-19 -3.78278e-16 0)
(-3.31072e-17 -1.01357e-15 0)
(-9.0626e-17 -1.56854e-15 0)
(-1.77744e-16 -2.03812e-15 0)
(-2.87554e-16 -2.42987e-15 0)
(-4.17206e-16 -2.75066e-15 0)
(-5.6366e-16 -3.00691e-15 0)
(-7.23472e-16 -3.20429e-15 0)
(-8.93547e-16 -3.34784e-15 0)
(-1.07094e-15 -3.44208e-15 0)
(-1.25295e-15 -3.4911e-15 0)
(-1.43706e-15 -3.49845e-15 0)
(-1.62095e-15 -3.4675e-15 0)
(-1.80253e-15 -3.40137e-15 0)
(-1.97995e-15 -3.30281e-15 0)
(-2.15145e-15 -3.17448e-15 0)
(-2.31544e-15 -3.01892e-15 0)
(-2.47053e-15 -2.83851e-15 0)
(-2.61542e-15 -2.6356e-15 0)
(-2.74899e-15 -2.41241e-15 0)
(-2.8702e-15 -2.17115e-15 0)
(-2.97815e-15 -1.91397e-15 0)
(-3.07207e-15 -1.64301e-15 0)
(-3.15127e-15 -1.36034e-15 0)
(-3.21524e-15 -1.06807e-15 0)
(-3.26355e-15 -7.68252e-16 0)
(-3.29593e-15 -4.63036e-16 0)
(-3.31221e-15 -1.54506e-16 0)
(-3.31232e-15 1.55086e-16 0)
(-3.29626e-15 4.63614e-16 0)
(-3.26411e-15 7.68818e-16 0)
(-3.21602e-15 1.06863e-15 0)
(-3.15227e-15 1.36086e-15 0)
(-3.07326e-15 1.64352e-15 0)
(-2.97954e-15 1.91443e-15 0)
(-2.87176e-15 2.1716e-15 0)
(-2.7507e-15 2.41278e-15 0)
(-2.61727e-15 2.63594e-15 0)
(-2.47249e-15 2.83877e-15 0)
(-2.3175e-15 3.01913e-15 0)
(-2.15357e-15 3.1746e-15 0)
(-1.98212e-15 3.30288e-15 0)
(-1.80471e-15 3.40133e-15 0)
(-1.62309e-15 3.46739e-15 0)
(-1.43918e-15 3.49823e-15 0)
(-1.255e-15 3.4908e-15 0)
(-1.07281e-15 3.44169e-15 0)
(-8.9529e-16 3.34737e-15 0)
(-7.25204e-16 3.20368e-15 0)
(-5.65002e-16 3.00634e-15 0)
(-4.18126e-16 2.74999e-15 0)
(-2.88669e-16 2.42909e-15 0)
(-1.78677e-16 2.03747e-15 0)
(-9.08602e-17 1.568e-15 0)
(-3.32776e-17 1.01303e-15 0)
(-3.04445e-19 3.78171e-16 0)
(-3.47454e-19 -3.6053e-16 0)
(-4.09824e-17 -9.62405e-16 0)
(-1.12085e-16 -1.48651e-15 0)
(-2.19527e-16 -1.92843e-15 0)
(-3.54691e-16 -2.29616e-15 0)
(-5.13942e-16 -2.59667e-15 0)
(-6.93512e-16 -2.83629e-15 0)
(-8.89123e-16 -3.02066e-15 0)
(-1.097e-15 -3.15455e-15 0)
(-1.31359e-15 -3.2423e-15 0)
(-1.53558e-15 -3.28765e-15 0)
(-1.75998e-15 -3.29406e-15 0)
(-1.984e-15 -3.26454e-15 0)
(-2.20513e-15 -3.20205e-15 0)
(-2.42111e-15 -3.1091e-15 0)
(-2.62983e-15 -2.98828e-15 0)
(-2.8294e-15 -2.84179e-15 0)
(-3.01812e-15 -2.67205e-15 0)
(-3.19444e-15 -2.48103e-15 0)
(-3.35697e-15 -2.27105e-15 0)
(-3.50446e-15 -2.04394e-15 0)
(-3.63583e-15 -1.80199e-15 0)
(-3.7501e-15 -1.5469e-15 0)
(-3.84648e-15 -1.28095e-15 0)
(-3.92428e-15 -1.00574e-15 0)
(-3.98301e-15 -7.2356e-16 0)
(-4.02233e-15 -4.36002e-16 0)
(-4.04209e-15 -1.45488e-16 0)
(-4.04218e-15 1.46285e-16 0)
(-4.02263e-15 4.36785e-16 0)
(-3.98348e-15 7.24336e-16 0)
(-3.92494e-15 1.00648e-15 0)
(-3.84732e-15 1.28168e-15 0)
(-3.75111e-15 1.54757e-15 0)
(-3.63699e-15 1.80265e-15 0)
(-3.50578e-15 2.0445e-15 0)
(-3.35842e-15 2.27159e-15 0)
(-3.19601e-15 2.48146e-15 0)
(-3.01979e-15 2.67245e-15 0)
(-2.83116e-15 2.84205e-15 0)
(-2.63164e-15 2.9885e-15 0)
(-2.42296e-15 3.10916e-15 0)
(-2.207e-15 3.20205e-15 0)
(-1.98587e-15 3.26437e-15 0)
(-1.76181e-15 3.29382e-15 0)
(-1.53731e-15 3.28726e-15 0)
(-1.31529e-15 3.2418e-15 0)
(-1.09861e-15 3.15389e-15 0)
(-8.90386e-16 3.02e-15 0)
(-6.9476e-16 2.83545e-15 0)
(-5.15364e-16 2.5957e-15 0)
(-3.55434e-16 2.29536e-15 0)
(-2.19862e-16 1.92756e-15 0)
(-1.1281e-16 1.48565e-15 0)
(-4.14221e-17 9.61869e-16 0)
(-3.91503e-19 3.60329e-16 0)
(-4.31671e-19 -3.38909e-16 0)
(-4.92299e-17 -9.00298e-16 0)
(-1.34325e-16 -1.38697e-15 0)
(-2.62664e-16 -1.79572e-15 0)
(-4.23743e-16 -2.1347e-15 0)
(-6.12951e-16 -2.41108e-15 0)
(-8.2582e-16 -2.63114e-15 0)
(-1.05728e-15 -2.80018e-15 0)
(-1.30283e-15 -2.92282e-15 0)
(-1.55833e-15 -3.00298e-15 0)
(-1.81995e-15 -3.04423e-15 0)
(-2.08418e-15 -3.04959e-15 0)
(-2.34782e-15 -3.02196e-15 0)
(-2.60795e-15 -2.96386e-15 0)
(-2.86194e-15 -2.87778e-15 0)
(-3.10734e-15 -2.76585e-15 0)
(-3.34198e-15 -2.63034e-15 0)
(-3.56382e-15 -2.4732e-15 0)
(-3.7711e-15 -2.29654e-15 0)
(-3.96216e-15 -2.10216e-15 0)
(-4.13557e-15 -1.89213e-15 0)
(-4.29002e-15 -1.66816e-15 0)
(-4.42439e-15 -1.43224e-15 0)
(-4.5377e-15 -1.18604e-15 0)
(-4.62916e-15 -9.31471e-16 0)
(-4.69814e-15 -6.70131e-16 0)
(-4.7443e-15 -4.03936e-16 0)
(-4.76744e-15 -1.34644e-16 0)
(-4.76752e-15 1.35595e-16 0)
(-4.74451e-15 4.04881e-16 0)
(-4.69851e-15 6.71066e-16 0)
(-4.62966e-15 9.32381e-16 0)
(-4.53835e-15 1.18692e-15 0)
(-4.42516e-15 1.43307e-15 0)
(-4.29092e-15 1.66894e-15 0)
(-4.13659e-15 1.89283e-15 0)
(-3.96327e-15 2.10281e-15 0)
(-3.7723e-15 2.29707e-15 0)
(-3.56511e-15 2.47366e-15 0)
(-3.34333e-15 2.63068e-15 0)
(-3.10874e-15 2.76609e-15 0)
(-2.86338e-15 2.87787e-15 0)
(-2.60941e-15 2.96384e-15 0)
(-2.34927e-15 3.02179e-15 0)
(-2.08561e-15 3.04929e-15 0)
(-1.82138e-15 3.04375e-15 0)
(-1.55966e-15 3.00239e-15 0)
(-1.30402e-15 2.92211e-15 0)
(-1.05859e-15 2.7993e-15 0)
(-8.27002e-16 2.63011e-15 0)
(-6.13524e-16 2.41017e-15 0)
(-4.2464e-16 2.13355e-15 0)
(-2.63738e-16 1.79462e-15 0)
(-1.34513e-16 1.38611e-15 0)
(-4.93696e-17 8.99563e-16 0)
(-4.71014e-19 3.38678e-16 0)
(-5.14913e-19 -3.13276e-16 0)
(-5.78577e-17 -8.26744e-16 0)
(-1.57633e-16 -1.26943e-15 0)
(-3.07608e-16 -1.63938e-15 0)
(-4.95085e-16 -1.94504e-15 0)
(-7.14727e-16 -2.19365e-15 0)
(-9.61076e-16 -2.39131e-15 0)
(-1.22832e-15 -2.54295e-15 0)
(-1.51131e-15 -2.65286e-15 0)
(-1.80536e-15 -2.72456e-15 0)
(-2.10609e-15 -2.76126e-15 0)
(-2.40959e-15 -2.76563e-15 0)
(-2.71223e-15 -2.74032e-15 0)
(-3.01074e-15 -2.68744e-15 0)
(-3.3021e-15 -2.60936e-15 0)
(-3.58357e-15 -2.50781e-15 0)
(-3.85265e-15 -2.38504e-15 0)
(-4.10709e-15 -2.24254e-15 0)
(-4.3448e-15 -2.0825e-15 0)
(-4.56394e-15 -1.90624e-15 0)
(-4.76284e-15 -1.71598e-15 0)
(-4.94004e-15 -1.51286e-15 0)
(-5.09421e-15 -1.29918e-15 0)
(-5.22424e-15 -1.07591e-15 0)
(-5.32914e-15 -8.45339e-16 0)
(-5.40821e-15 -6.08199e-16 0)
(-5.46104e-15 -3.66813e-16 0)
(-5.48751e-15 -1.22097e-16 0)
(-5.48755e-15 1.23153e-16 0)
(-5.46117e-15 3.6788e-16 0)
(-5.40842e-15 6.09214e-16 0)
(-5.32945e-15 8.46369e-16 0)
(-5.22463e-15 1.07684e-15 0)
(-5.09469e-15 1.30013e-15 0)
(-4.9406e-15 1.51366e-15 0)
(-4.76347e-15 1.71681e-15 0)
(-4.56464e-15 1.90687e-15 0)
(-4.34557e-15 2.08316e-15 0)
(-4.10791e-15 2.24297e-15 0)
(-3.85351e-15 2.3855e-15 0)
(-3.58447e-15 2.508e-15 0)
(-3.30302e-15 2.60956e-15 0)
(-3.01168e-15 2.68735e-15 0)
(-2.71319e-15 2.74022e-15 0)
(-2.41056e-15 2.76523e-15 0)
(-2.10701e-15 2.76085e-15 0)
(-1.80627e-15 2.72387e-15 0)
(-1.51228e-15 2.6521e-15 0)
(-1.22911e-15 2.54194e-15 0)
(-9.61727e-16 2.39039e-15 0)
(-7.15829e-16 2.19241e-15 0)
(-4.95804e-16 1.9438e-15 0)
(-3.07686e-16 1.63835e-15 0)
(-1.58294e-16 1.26836e-15 0)
(-5.83791e-17 8.25929e-16 0)
(-5.43927e-19 3.13001e-16 0)
(-6.35484e-19 -2.83376e-16 0)
(-6.71706e-17 -7.41107e-16 0)
(-1.82356e-16 -1.13313e-15 0)
(-3.54769e-16 -1.45865e-15 0)
(-5.69371e-16 -1.72669e-15 0)
(-8.19774e-16 -1.94415e-15 0)
(-1.09968e-15 -2.11678e-15 0)
(-1.40255e-15 -2.24922e-15 0)
(-1.72263e-15 -2.34506e-15 0)
(-2.0547e-15 -2.40758e-15 0)
(-2.39394e-15 -2.43935e-15 0)
(-2.73605e-15 -2.44292e-15 0)
(-3.07699e-15 -2.42026e-15 0)
(-3.41316e-15 -2.37358e-15 0)
(-3.74119e-15 -2.30445e-15 0)
(-4.05808e-15 -2.21496e-15 0)
(-4.36097e-15 -2.1064e-15 0)
(-4.64739e-15 -1.98082e-15 0)
(-4.91498e-15 -1.83931e-15 0)
(-5.16172e-15 -1.68396e-15 0)
(-5.38567e-15 -1.5157e-15 0)
(-5.58526e-15 -1.33672e-15 0)
(-5.75892e-15 -1.14778e-15 0)
(-5.90546e-15 -9.51106e-16 0)
(-6.02364e-15 -7.473e-16 0)
(-6.11265e-15 -5.38322e-16 0)
(-6.17202e-15 -3.24499e-16 0)
(-6.20174e-15 -1.08277e-16 0)
(-6.20174e-15 1.09366e-16 0)
(-6.17206e-15 3.2556e-16 0)
(-6.11269e-15 5.39387e-16 0)
(-6.02373e-15 7.48304e-16 0)
(-5.90556e-15 9.52112e-16 0)
(-5.75906e-15 1.14868e-15 0)
(-5.58539e-15 1.33761e-15 0)
(-5.38586e-15 1.51645e-15 0)
(-5.16192e-15 1.68469e-15 0)
(-4.9152e-15 1.83989e-15 0)
(-4.64762e-15 1.98137e-15 0)
(-4.36123e-15 2.10675e-15 0)
(-4.05835e-15 2.21529e-15 0)
(-3.74148e-15 2.30455e-15 0)
(-3.41348e-15 2.37363e-15 0)
(-3.07732e-15 2.42006e-15 0)
(-2.7364e-15 2.44266e-15 0)
(-2.39432e-15 2.43884e-15 0)
(-2.05511e-15 2.40696e-15 0)
(-1.723e-15 2.34423e-15 0)
(-1.40302e-15 2.24835e-15 0)
(-1.10028e-15 2.11564e-15 0)
(-8.20072e-16 1.94294e-15 0)
(-5.69728e-16 1.72568e-15 0)
(-3.55635e-16 1.45733e-15 0)
(-1.82604e-16 1.13207e-15 0)
(-6.72044e-17 7.40362e-16 0)
(-7.37106e-19 2.83046e-16 0)
(-8.95182e-19 -2.4876e-16 0)
(-7.73899e-17 -6.42605e-16 0)
(-2.0909e-16 -9.7702e-16 0)
(-4.04953e-16 -1.25273e-15 0)
(-6.47309e-16 -1.479e-15 0)
(-9.28645e-16 -1.66222e-15 0)
(-1.24209e-15 -1.80761e-15 0)
(-1.58022e-15 -1.91914e-15 0)
(-1.93685e-15 -1.99986e-15 0)
(-2.30629e-15 -2.05247e-15 0)
(-2.68336e-15 -2.07915e-15 0)
(-3.06328e-15 -2.08194e-15 0)
(-3.4418e-15 -2.06252e-15 0)
(-3.81486e-15 -2.0227e-15 0)
(-4.1789e-15 -1.96384e-15 0)
(-4.53046e-15 -1.88761e-15 0)
(-4.86658e-15 -1.79518e-15 0)
(-5.18436e-15 -1.68821e-15 0)
(-5.48134e-15 -1.56769e-15 0)
(-5.75513e-15 -1.43534e-15 0)
(-6.00376e-15 -1.29202e-15 0)
(-6.22531e-15 -1.13954e-15 0)
(-6.41825e-15 -9.78672e-16 0)
(-6.58109e-15 -8.11323e-16 0)
(-6.71249e-15 -6.38058e-16 0)
(-6.81127e-15 -4.60247e-16 0)
(-6.87707e-15 -2.77723e-16 0)
(-6.90993e-15 -9.268e-17 0)
(-6.90992e-15 9.37472e-17 0)
(-6.87697e-15 2.78759e-16 0)
(-6.81112e-15 4.61293e-16 0)
(-6.71229e-15 6.39015e-16 0)
(-6.58086e-15 8.12307e-16 0)
(-6.41797e-15 9.79531e-16 0)
(-6.22502e-15 1.14045e-15 0)
(-6.00341e-15 1.29273e-15 0)
(-5.75474e-15 1.43612e-15 0)
(-5.48093e-15 1.56821e-15 0)
(-5.18396e-15 1.68878e-15 0)
(-4.86614e-15 1.79548e-15 0)
(-4.53002e-15 1.88797e-15 0)
(-4.17846e-15 1.96387e-15 0)
(-3.81444e-15 2.02278e-15 0)
(-3.44142e-15 2.06229e-15 0)
(-3.06294e-15 2.08171e-15 0)
(-2.68307e-15 2.07859e-15 0)
(-2.30605e-15 2.05194e-15 0)
(-1.93671e-15 1.99903e-15 0)
(-1.58014e-15 1.91825e-15 0)
(-1.24209e-15 1.80653e-15 0)
(-9.28871e-16 1.66124e-15 0)
(-6.47664e-16 1.47765e-15 0)
(-4.0493e-16 1.25163e-15 0)
(-2.0939e-16 9.76124e-16 0)
(-7.78507e-17 6.41719e-16 0)
(-9.02308e-19 2.48438e-16 0)
(-1.16129e-18 -2.09026e-16 0)
(-8.92651e-17 -5.30348e-16 0)
(-2.38732e-16 -8.00138e-16 0)
(-4.59021e-16 -1.02106e-15 0)
(-7.29646e-16 -1.20177e-15 0)
(-1.04198e-15 -1.34813e-15 0)
(-1.38855e-15 -1.46434e-15 0)
(-1.76141e-15 -1.55346e-15 0)
(-2.15388e-15 -1.61815e-15 0)
(-2.55995e-15 -1.66022e-15 0)
(-2.97403e-15 -1.68163e-15 0)
(-3.39105e-15 -1.68369e-15 0)
(-3.80638e-15 -1.66809e-15 0)
(-4.21567e-15 -1.63577e-15 0)
(-4.615e-15 -1.58839e-15 0)
(-5.00069e-15 -1.52661e-15 0)
(-5.36941e-15 -1.45216e-15 0)
(-5.71808e-15 -1.36545e-15 0)
(-6.04392e-15 -1.26833e-15 0)
(-6.34439e-15 -1.16098e-15 0)
(-6.61725e-15 -1.04545e-15 0)
(-6.86049e-15 -9.21721e-16 0)
(-7.07241e-15 -7.9206e-16 0)
(-7.2515e-15 -6.56352e-16 0)
(-7.39612e-15 -5.17158e-16 0)
(-7.50464e-15 -3.7321e-16 0)
(-7.57675e-15 -2.25897e-16 0)
(-7.61277e-15 -7.4961e-17 0)
(-7.61271e-15 7.59369e-17 0)
(-7.57654e-15 2.26873e-16 0)
(-7.50431e-15 3.74073e-16 0)
(-7.39565e-15 5.18055e-16 0)
(-7.25092e-15 6.57106e-16 0)
(-7.0717e-15 7.92892e-16 0)
(-6.85969e-15 9.22356e-16 0)
(-6.61634e-15 1.04621e-15 0)
(-6.34342e-15 1.16147e-15 0)
(-6.04287e-15 1.26894e-15 0)
(-5.71694e-15 1.36579e-15 0)
(-5.36823e-15 1.45262e-15 0)
(-4.9995e-15 1.52673e-15 0)
(-4.6138e-15 1.58864e-15 0)
(-4.21447e-15 1.63566e-15 0)
(-3.80522e-15 1.66807e-15 0)
(-3.38996e-15 1.68332e-15 0)
(-2.973e-15 1.68134e-15 0)
(-2.55901e-15 1.65959e-15 0)
(-2.15311e-15 1.61756e-15 0)
(-1.76079e-15 1.55262e-15 0)
(-1.3881e-15 1.4635e-15 0)
(-1.04166e-15 1.34706e-15 0)
(-7.29524e-16 1.20084e-15 0)
(-4.59162e-16 1.02016e-15 0)
(-2.38882e-16 7.9907e-16 0)
(-8.93396e-17 5.29764e-16 0)
(-1.24403e-18 2.08686e-16 0)
(-1.92229e-18 -1.63223e-16 0)
(-1.04008e-16 -4.0215e-16 0)
(-2.72927e-16 -6.01363e-16 0)
(-5.1841e-16 -7.63005e-16 0)
(-8.17282e-16 -8.9514e-16 0)
(-1.16022e-15 -1.00241e-15 0)
(-1.53915e-15 -1.08769e-15 0)
(-1.94593e-15 -1.15327e-15 0)
(-2.37345e-15 -1.20089e-15 0)
(-2.81533e-15 -1.23198e-15 0)
(-3.26569e-15 -1.24775e-15 0)
(-3.71915e-15 -1.24935e-15 0)
(-4.17064e-15 -1.23774e-15 0)
(-4.61561e-15 -1.21392e-15 0)
(-5.04972e-15 -1.17873e-15 0)
(-5.46909e-15 -1.13309e-15 0)
(-5.87e-15 -1.07776e-15 0)
(-6.2492e-15 -1.01363e-15 0)
(-6.60354e-15 -9.4141e-16 0)
(-6.93039e-15 -8.61971e-16 0)
(-7.22716e-15 -7.75982e-16 0)
(-7.49175e-15 -6.8433e-16 0)
(-7.72219e-15 -5.87704e-16 0)
(-7.91723e-15 -4.87309e-16 0)
(-8.07517e-15 -3.84404e-16 0)
(-8.19411e-15 -2.7856e-16 0)
(-8.2735e-15 -1.68774e-16 0)
(-8.3134e-15 -5.62385e-17 0)
(-8.31329e-15 5.70278e-17 0)
(-8.27323e-15 1.69528e-16 0)
(-8.1936e-15 2.79267e-16 0)
(-8.07446e-15 3.85062e-16 0)
(-7.9163e-15 4.8793e-16 0)
(-7.72111e-15 5.88296e-16 0)
(-7.49045e-15 6.8488e-16 0)
(-7.22572e-15 7.76497e-16 0)
(-6.92878e-15 8.6242e-16 0)
(-6.60181e-15 9.41833e-16 0)
(-6.24738e-15 1.01395e-15 0)
(-5.86812e-15 1.07804e-15 0)
(-5.46713e-15 1.13327e-15 0)
(-5.04774e-15 1.17884e-15 0)
(-4.61366e-15 1.21391e-15 0)
(-4.16872e-15 1.23766e-15 0)
(-3.7173e-15 1.24913e-15 0)
(-3.26395e-15 1.24745e-15 0)
(-2.81377e-15 1.23154e-15 0)
(-2.37201e-15 1.20039e-15 0)
(-1.94473e-15 1.15264e-15 0)
(-1.53821e-15 1.08701e-15 0)
(-1.15961e-15 1.00165e-15 0)
(-8.1681e-16 8.94364e-16 0)
(-5.18174e-16 7.62174e-16 0)
(-2.72921e-16 6.00791e-16 0)
(-1.04174e-16 4.0157e-16 0)
(-1.97296e-18 1.62973e-16 0)
(-5.06831e-18 -1.06103e-16 0)
(-1.25406e-16 -2.54178e-16 0)
(-3.15008e-16 -3.7728e-16 0)
(-5.84645e-16 -4.76399e-16 0)
(-9.10914e-16 -5.57408e-16 0)
(-1.28329e-15 -6.23426e-16 0)
(-1.69354e-15 -6.76055e-16 0)
(-2.1332e-15 -7.16636e-16 0)
(-2.59492e-15 -7.46125e-16 0)
(-3.07194e-15 -7.65457e-16 0)
(-3.55805e-15 -7.75269e-16 0)
(-4.04745e-15 -7.76348e-16 0)
(-4.53481e-15 -7.69154e-16 0)
(-5.01514e-15 -7.54467e-16 0)
(-5.48386e-15 -7.32601e-16 0)
(-5.93667e-15 -7.04361e-16 0)
(-6.36968e-15 -6.69939e-16 0)
(-6.77923e-15 -6.3022e-16 0)
(-7.16207e-15 -5.85259e-16 0)
(-7.51514e-15 -5.36048e-16 0)
(-7.83578e-15 -4.82522e-16 0)
(-8.1215e-15 -4.25817e-16 0)
(-8.37029e-15 -3.65892e-16 0)
(-8.58056e-15 -3.04139e-16 0)
(-8.75171e-15 -2.42863e-16 0)
(-8.88221e-15 -1.79983e-16 0)
(-8.9709e-15 -1.11009e-16 0)
(-9.01518e-15 -3.73579e-17 0)
(-9.01506e-15 3.78731e-17 0)
(-8.9705e-15 1.11484e-16 0)
(-8.88156e-15 1.80465e-16 0)
(-8.7508e-15 2.43276e-16 0)
(-8.57938e-15 3.04638e-16 0)
(-8.36883e-15 3.66291e-16 0)
(-8.11983e-15 4.26285e-16 0)
(-7.83389e-15 4.82839e-16 0)
(-7.51307e-15 5.36451e-16 0)
(-7.15985e-15 5.85479e-16 0)
(-6.77686e-15 6.30516e-16 0)
(-6.36718e-15 6.70038e-16 0)
(-5.93413e-15 7.04534e-16 0)
(-5.4813e-15 7.32544e-16 0)
(-5.01256e-15 7.54508e-16 0)
(-4.53229e-15 7.68978e-16 0)
(-4.04501e-15 7.76243e-16 0)
(-3.55574e-15 7.74947e-16 0)
(-3.06979e-15 7.65207e-16 0)
(-2.59303e-15 7.45691e-16 0)
(-2.13158e-15 7.16238e-16 0)
(-1.69218e-15 6.75499e-16 0)
(-1.28224e-15 6.22933e-16 0)
(-9.10266e-16 5.56888e-16 0)
(-5.84239e-16 4.75903e-16 0)
(-3.14862e-16 3.76832e-16 0)
(-1.2551e-16 2.53827e-16 0)
(-5.09602e-18 1.05994e-16 0)
(-1.82175e-17 -3.72757e-17 0)
(-1.39531e-16 -8.98464e-17 0)
(-3.52893e-16 -1.33487e-16 0)
(-6.47798e-16 -1.67232e-16 0)
(-1.00028e-15 -1.94871e-16 0)
(-1.40162e-15 -2.17725e-16 0)
(-1.84288e-15 -2.35964e-16 0)
(-2.31535e-15 -2.50034e-16 0)
(-2.81131e-15 -2.60302e-16 0)
(-3.32362e-15 -2.67014e-16 0)
(-3.84565e-15 -2.7045e-16 0)
(-4.37125e-15 -2.70812e-16 0)
(-4.8947e-15 -2.68342e-16 0)
(-5.41067e-15 -2.63197e-16 0)
(-5.91421e-15 -2.55618e-16 0)
(-6.40074e-15 -2.45734e-16 0)
(-6.86603e-15 -2.33793e-16 0)
(-7.30619e-15 -2.19883e-16 0)
(-7.71767e-15 -2.04286e-16 0)
(-8.09727e-15 -1.87062e-16 0)
(-8.44211e-15 -1.68506e-16 0)
(-8.74978e-15 -1.48578e-16 0)
(-9.01821e-15 -1.27218e-16 0)
(-9.24349e-15 -1.00831e-16 0)
(-9.42597e-15 -7.29247e-17 0)
(-9.56609e-15 -4.78084e-17 0)
(-9.66243e-15 -2.40803e-17 0)
(-9.71e-15 -6.28089e-18 0)
(-9.70984e-15 6.38365e-18 0)
(-9.66196e-15 2.42192e-17 0)
(-9.5653e-15 4.79522e-17 0)
(-9.42489e-15 7.31109e-17 0)
(-9.24215e-15 1.00994e-16 0)
(-9.01659e-15 1.27352e-16 0)
(-8.7479e-15 1.48674e-16 0)
(-8.43999e-15 1.68622e-16 0)
(-8.09494e-15 1.87131e-16 0)
(-7.71516e-15 2.0438e-16 0)
(-7.30354e-15 2.19913e-16 0)
(-6.86327e-15 2.3386e-16 0)
(-6.39789e-15 2.45752e-16 0)
(-5.9113e-15 2.55661e-16 0)
(-5.40777e-15 2.63159e-16 0)
(-4.89185e-15 2.68331e-16 0)
(-4.36849e-15 2.70733e-16 0)
(-3.84303e-15 2.70394e-16 0)
(-3.32119e-15 2.66888e-16 0)
(-2.8091e-15 2.60191e-16 0)
(-2.31342e-15 2.49866e-16 0)
(-1.84128e-15 2.3582e-16 0)
(-1.40035e-15 2.17558e-16 0)
(-9.99308e-16 1.94714e-16 0)
(-6.47169e-16 1.67069e-16 0)
(-3.526e-16 1.3335e-16 0)
(-1.39461e-16 8.9797e-17 0)
(-1.82307e-17 3.72644e-17 0)
)
;

boundaryField
{
    top
    {
        type            slip;
    }
    bottom
    {
        type            slip;
    }
    rotatingWall
    {
        type            rotatingWallVelocity;
        origin          (0 0 0);
        axis            (0 1 0);
        omega           constant 1140;
        value           uniform (0 0 0);
    }
    wall
    {
        type            rotatingWallVelocity;
        origin          (0 0 0);
        axis            (0 1 0);
        omega           constant 0;
        value           uniform (0 -0 -0);
    }
    frontAndBack
    {
        type            empty;
    }
}


// ************************************************************************* //
