/*--------------------------------*- C++ -*----------------------------------*\
| =========                 |                                                 |
| \\      /  F ield         | OpenFOAM: The Open Source CFD Toolbox           |
|  \\    /   O peration     | Version:  5.0                                   |
|   \\  /    A nd           | Web:      www.OpenFOAM.org                      |
|    \\/     M anipulation  |                                                 |
\*---------------------------------------------------------------------------*/
FoamFile
{
    version     2.0;
    format      ascii;
    class       volVectorField;
    location    "273";
    object      U;
}
// * * * * * * * * * * * * * * * * * * * * * * * * * * * * * * * * * * * * * //

dimensions      [0 1 -1 0 0 0 0];

internalField   nonuniform List<vector> 
1568
(
(-2.22067e-15 -4.76051e-14 0)
(8.81239e-14 -7.9327e-14 0)
(3.2291e-13 -1.59813e-13 0)
(6.52074e-13 -1.80031e-13 0)
(1.00245e-12 -1.90479e-13 0)
(1.41377e-12 -2.30759e-13 0)
(1.87974e-12 -2.46107e-13 0)
(2.36719e-12 -2.57237e-13 0)
(2.87942e-12 -2.70337e-13 0)
(3.41164e-12 -2.77392e-13 0)
(3.95275e-12 -2.80448e-13 0)
(4.49689e-12 -2.80921e-13 0)
(5.03938e-12 -2.78293e-13 0)
(5.57424e-12 -2.72803e-13 0)
(6.09603e-12 -2.65146e-13 0)
(6.60031e-12 -2.54939e-13 0)
(7.08255e-12 -2.42527e-13 0)
(7.53872e-12 -2.28268e-13 0)
(7.96518e-12 -2.12162e-13 0)
(8.35859e-12 -1.94347e-13 0)
(8.71588e-12 -1.74973e-13 0)
(9.03469e-12 -1.54511e-13 0)
(9.31293e-12 -1.32262e-13 0)
(9.54638e-12 -1.05004e-13 0)
(9.73514e-12 -7.56913e-14 0)
(9.87994e-12 -4.97302e-14 0)
(9.97952e-12 -2.47317e-14 0)
(1.00287e-11 -6.48448e-15 0)
(1.0028e-11 7.06368e-15 0)
(9.97784e-12 2.48541e-14 0)
(9.87749e-12 4.96922e-14 0)
(9.73203e-12 7.55974e-14 0)
(9.54253e-12 1.05172e-13 0)
(9.30863e-12 1.32004e-13 0)
(9.03026e-12 1.54429e-13 0)
(8.71164e-12 1.74562e-13 0)
(8.35452e-12 1.94152e-13 0)
(7.96142e-12 2.11611e-13 0)
(7.53572e-12 2.28048e-13 0)
(7.08015e-12 2.42303e-13 0)
(6.59852e-12 2.54743e-13 0)
(6.09526e-12 2.64562e-13 0)
(5.57466e-12 2.72427e-13 0)
(5.04118e-12 2.77616e-13 0)
(4.50022e-12 2.80174e-13 0)
(3.9574e-12 2.79447e-13 0)
(3.41867e-12 2.75839e-13 0)
(2.89029e-12 2.68649e-13 0)
(2.37912e-12 2.58088e-13 0)
(1.89228e-12 2.42973e-13 0)
(1.43801e-12 2.23742e-13 0)
(1.02506e-12 2.01029e-13 0)
(6.65169e-13 1.70227e-13 0)
(3.61291e-13 1.39971e-13 0)
(1.41315e-13 9.13427e-14 0)
(1.89868e-14 3.80644e-14 0)
(1.26322e-14 -1.34306e-13 0)
(1.00599e-13 -2.81427e-13 0)
(3.10731e-13 -4.02128e-13 0)
(5.57603e-13 -4.93229e-13 0)
(9.13763e-13 -5.87357e-13 0)
(1.30023e-12 -6.51438e-13 0)
(1.72039e-12 -7.04196e-13 0)
(2.17919e-12 -7.46679e-13 0)
(2.65821e-12 -7.77398e-13 0)
(3.15168e-12 -7.973e-13 0)
(3.65483e-12 -8.06906e-13 0)
(4.16304e-12 -8.08093e-13 0)
(4.66856e-12 -8.00965e-13 0)
(5.16614e-12 -7.85677e-13 0)
(5.65211e-12 -7.62863e-13 0)
(6.12137e-12 -7.33618e-13 0)
(6.57002e-12 -6.97832e-13 0)
(6.99449e-12 -6.56349e-13 0)
(7.39129e-12 -6.09492e-13 0)
(7.75715e-12 -5.58226e-13 0)
(8.08937e-12 -5.02516e-13 0)
(8.38532e-12 -4.43271e-13 0)
(8.64322e-12 -3.80818e-13 0)
(8.86106e-12 -3.16435e-13 0)
(9.03846e-12 -2.52652e-13 0)
(9.17354e-12 -1.87164e-13 0)
(9.26516e-12 -1.15524e-13 0)
(9.3105e-12 -3.86255e-14 0)
(9.31012e-12 3.99161e-14 0)
(9.26351e-12 1.17044e-13 0)
(9.17056e-12 1.88893e-13 0)
(9.03448e-12 2.54517e-13 0)
(8.85718e-12 3.18326e-13 0)
(8.63984e-12 3.8252e-13 0)
(8.38231e-12 4.44684e-13 0)
(8.08625e-12 5.03554e-13 0)
(7.75434e-12 5.58999e-13 0)
(7.38919e-12 6.09786e-13 0)
(6.99281e-12 6.56156e-13 0)
(6.56927e-12 6.96998e-13 0)
(6.12146e-12 7.3221e-13 0)
(5.65243e-12 7.60973e-13 0)
(5.16701e-12 7.83428e-13 0)
(4.67024e-12 7.98138e-13 0)
(4.16636e-12 8.05251e-13 0)
(3.66085e-12 8.03798e-13 0)
(3.159e-12 7.93384e-13 0)
(2.66716e-12 7.72984e-13 0)
(2.19155e-12 7.42036e-13 0)
(1.7389e-12 6.9992e-13 0)
(1.31688e-12 6.45903e-13 0)
(9.33439e-13 5.75583e-13 0)
(5.97735e-13 4.93874e-13 0)
(3.26278e-13 3.90393e-13 0)
(1.30425e-13 2.62468e-13 0)
(6.17668e-15 1.0949e-13 0)
(-3.15014e-15 -1.82013e-13 0)
(8.83058e-14 -4.21603e-13 0)
(2.58825e-13 -6.47039e-13 0)
(5.26049e-13 -8.0426e-13 0)
(8.16233e-13 -9.36574e-13 0)
(1.17394e-12 -1.05204e-12 0)
(1.57067e-12 -1.13586e-12 0)
(1.98996e-12 -1.20392e-12 0)
(2.43144e-12 -1.25412e-12 0)
(2.89115e-12 -1.2861e-12 0)
(3.35827e-12 -1.30192e-12 0)
(3.82725e-12 -1.30341e-12 0)
(4.29543e-12 -1.29148e-12 0)
(4.75718e-12 -1.26664e-12 0)
(5.20697e-12 -1.23034e-12 0)
(5.64158e-12 -1.1829e-12 0)
(6.05737e-12 -1.12532e-12 0)
(6.45052e-12 -1.05848e-12 0)
(6.8178e-12 -9.83174e-13 0)
(7.15659e-12 -9.00154e-13 0)
(7.46429e-12 -8.1029e-13 0)
(7.73861e-12 -7.14368e-13 0)
(7.97745e-12 -6.13223e-13 0)
(8.17966e-12 -5.0828e-13 0)
(8.34331e-12 -4.00684e-13 0)
(8.46643e-12 -2.90307e-13 0)
(8.5486e-12 -1.75615e-13 0)
(8.58976e-12 -5.82142e-14 0)
(8.58914e-12 6.04066e-14 0)
(8.54706e-12 1.77902e-13 0)
(8.46435e-12 2.93317e-13 0)
(8.34093e-12 4.04229e-13 0)
(8.17692e-12 5.12567e-13 0)
(7.9745e-12 6.17269e-13 0)
(7.73563e-12 7.18189e-13 0)
(7.4617e-12 8.13037e-13 0)
(7.1542e-12 9.02497e-13 0)
(6.81565e-12 9.84346e-13 0)
(6.44905e-12 1.05879e-12 0)
(6.05636e-12 1.12437e-12 0)
(5.64098e-12 1.18084e-12 0)
(5.20704e-12 1.22707e-12 0)
(4.75786e-12 1.26296e-12 0)
(4.29725e-12 1.28699e-12 0)
(3.83036e-12 1.29862e-12 0)
(3.36176e-12 1.29648e-12 0)
(2.89671e-12 1.27962e-12 0)
(2.44056e-12 1.2467e-12 0)
(2.00002e-12 1.19712e-12 0)
(1.58175e-12 1.12799e-12 0)
(1.1894e-12 1.0392e-12 0)
(8.37814e-13 9.29761e-13 0)
(5.34892e-13 7.91217e-13 0)
(2.79321e-13 6.23342e-13 0)
(1.05798e-13 4.18222e-13 0)
(1.70555e-15 1.67937e-13 0)
(-6.92783e-15 -2.12432e-13 0)
(9.37876e-14 -5.77257e-13 0)
(2.37531e-13 -8.33592e-13 0)
(4.56455e-13 -1.07482e-12 0)
(7.38555e-13 -1.25794e-12 0)
(1.06091e-12 -1.40521e-12 0)
(1.41928e-12 -1.52523e-12 0)
(1.80315e-12 -1.61923e-12 0)
(2.21043e-12 -1.68571e-12 0)
(2.6317e-12 -1.72852e-12 0)
(3.06013e-12 -1.75136e-12 0)
(3.4927e-12 -1.75355e-12 0)
(3.92353e-12 -1.73707e-12 0)
(4.34737e-12 -1.70394e-12 0)
(4.76139e-12 -1.65484e-12 0)
(5.16152e-12 -1.59065e-12 0)
(5.54381e-12 -1.51317e-12 0)
(5.90544e-12 -1.42298e-12 0)
(6.24357e-12 -1.32166e-12 0)
(6.55531e-12 -1.20989e-12 0)
(6.83835e-12 -1.08915e-12 0)
(7.09063e-12 -9.60162e-13 0)
(7.31038e-12 -8.24623e-13 0)
(7.49596e-12 -6.8312e-13 0)
(7.64577e-12 -5.37827e-13 0)
(7.75821e-12 -3.87913e-13 0)
(7.83281e-12 -2.34192e-13 0)
(7.86992e-12 -7.71766e-14 0)
(7.86975e-12 8.02871e-14 0)
(7.8324e-12 2.37632e-13 0)
(7.75728e-12 3.91733e-13 0)
(7.64423e-12 5.42089e-13 0)
(7.49402e-12 6.87471e-13 0)
(7.30813e-12 8.2882e-13 0)
(7.08797e-12 9.6378e-13 0)
(6.83541e-12 1.09216e-12 0)
(6.55254e-12 1.2117e-12 0)
(6.24098e-12 1.32272e-12 0)
(5.90306e-12 1.42283e-12 0)
(5.54188e-12 1.5117e-12 0)
(5.16021e-12 1.58792e-12 0)
(4.76074e-12 1.65116e-12 0)
(4.34732e-12 1.69927e-12 0)
(3.92393e-12 1.73221e-12 0)
(3.49437e-12 1.74768e-12 0)
(3.06314e-12 1.74494e-12 0)
(2.63501e-12 1.72217e-12 0)
(2.21616e-12 1.6779e-12 0)
(1.81088e-12 1.60996e-12 0)
(1.4263e-12 1.51744e-12 0)
(1.07211e-12 1.39667e-12 0)
(7.48453e-13 1.24513e-12 0)
(4.67016e-13 1.05776e-12 0)
(2.47922e-13 8.3068e-13 0)
(9.30705e-14 5.49721e-13 0)
(2.25318e-15 2.15519e-13 0)
(7.71675e-15 -2.56159e-13 0)
(7.19431e-14 -6.71847e-13 0)
(2.13045e-13 -1.02459e-12 0)
(4.11129e-13 -1.30246e-12 0)
(6.59469e-13 -1.53718e-12 0)
(9.49203e-13 -1.72552e-12 0)
(1.27196e-12 -1.87689e-12 0)
(1.62017e-12 -1.99278e-12 0)
(1.9905e-12 -2.07603e-12 0)
(2.37388e-12 -2.13096e-12 0)
(2.76417e-12 -2.15895e-12 0)
(3.15785e-12 -2.16203e-12 0)
(3.55005e-12 -2.14244e-12 0)
(3.93689e-12 -2.10143e-12 0)
(4.31451e-12 -2.04026e-12 0)
(4.67913e-12 -1.96125e-12 0)
(5.02788e-12 -1.86517e-12 0)
(5.3577e-12 -1.75385e-12 0)
(5.66572e-12 -1.62847e-12 0)
(5.94988e-12 -1.49085e-12 0)
(6.20794e-12 -1.3418e-12 0)
(6.43785e-12 -1.18315e-12 0)
(6.63795e-12 -1.01588e-12 0)
(6.80671e-12 -8.41825e-13 0)
(6.94279e-12 -6.6163e-13 0)
(7.04508e-12 -4.76732e-13 0)
(7.11308e-12 -2.87118e-13 0)
(7.14699e-12 -9.46915e-14 0)
(7.14683e-12 9.90073e-14 0)
(7.11265e-12 2.9134e-13 0)
(7.04452e-12 4.80702e-13 0)
(6.94191e-12 6.65462e-13 0)
(6.8051e-12 8.45244e-13 0)
(6.63561e-12 1.01884e-12 0)
(6.4351e-12 1.18538e-12 0)
(6.20497e-12 1.34344e-12 0)
(5.94692e-12 1.49173e-12 0)
(5.66291e-12 1.6284e-12 0)
(5.35484e-12 1.75279e-12 0)
(5.02521e-12 1.86309e-12 0)
(4.67694e-12 1.95809e-12 0)
(4.31293e-12 2.03617e-12 0)
(3.93627e-12 2.09657e-12 0)
(3.55008e-12 2.13698e-12 0)
(3.15826e-12 2.15631e-12 0)
(2.7654e-12 2.15261e-12 0)
(2.37557e-12 2.12425e-12 0)
(1.99338e-12 2.06909e-12 0)
(1.62592e-12 1.98516e-12 0)
(1.27835e-12 1.86925e-12 0)
(9.53039e-13 1.71805e-12 0)
(6.64237e-13 1.5291e-12 0)
(4.20073e-13 1.2965e-12 0)
(2.12718e-13 1.01053e-12 0)
(7.68666e-14 6.6597e-13 0)
(5.0243e-16 2.56075e-13 0)
(-7.73747e-16 -2.94032e-13 0)
(6.77798e-14 -7.69308e-13 0)
(1.86307e-13 -1.17688e-12 0)
(3.64101e-13 -1.51308e-12 0)
(5.82919e-13 -1.79093e-12 0)
(8.41085e-13 -2.01579e-12 0)
(1.12877e-12 -2.19608e-12 0)
(1.44133e-12 -2.33329e-12 0)
(1.77352e-12 -2.43218e-12 0)
(2.11734e-12 -2.49786e-12 0)
(2.46839e-12 -2.53165e-12 0)
(2.82306e-12 -2.53583e-12 0)
(3.17663e-12 -2.51273e-12 0)
(3.52528e-12 -2.46444e-12 0)
(3.86556e-12 -2.39305e-12 0)
(4.19439e-12 -2.30009e-12 0)
(4.50881e-12 -2.18737e-12 0)
(4.80604e-12 -2.05679e-12 0)
(5.08372e-12 -1.90988e-12 0)
(5.33975e-12 -1.74814e-12 0)
(5.57222e-12 -1.57341e-12 0)
(5.77925e-12 -1.3872e-12 0)
(5.95934e-12 -1.19101e-12 0)
(6.11127e-12 -9.86386e-13 0)
(6.23371e-12 -7.74743e-13 0)
(6.32577e-12 -5.57324e-13 0)
(6.38722e-12 -3.35407e-13 0)
(6.41787e-12 -1.10513e-13 0)
(6.41774e-12 1.15289e-13 0)
(6.38687e-12 3.40157e-13 0)
(6.32512e-12 5.61857e-13 0)
(6.23253e-12 7.78725e-13 0)
(6.10959e-12 9.89741e-13 0)
(5.95717e-12 1.19383e-12 0)
(5.77663e-12 1.38943e-12 0)
(5.56931e-12 1.57494e-12 0)
(5.33662e-12 1.74889e-12 0)
(5.08043e-12 1.90959e-12 0)
(4.80272e-12 2.05549e-12 0)
(4.50564e-12 2.18515e-12 0)
(4.19165e-12 2.29689e-12 0)
(3.86342e-12 2.38899e-12 0)
(3.52365e-12 2.45966e-12 0)
(3.17549e-12 2.50712e-12 0)
(2.82263e-12 2.52964e-12 0)
(2.46855e-12 2.52518e-12 0)
(2.1175e-12 2.49132e-12 0)
(1.77504e-12 2.42585e-12 0)
(1.44423e-12 2.32621e-12 0)
(1.13091e-12 2.18847e-12 0)
(8.45884e-13 2.00956e-12 0)
(5.87426e-13 1.78522e-12 0)
(3.61162e-13 1.50787e-12 0)
(1.8961e-13 1.17189e-12 0)
(7.14875e-14 7.68903e-13 0)
(1.0992e-15 2.91301e-13 0)
(-1.33144e-15 -3.20671e-13 0)
(6.14869e-14 -8.5766e-13 0)
(1.63471e-13 -1.31295e-12 0)
(3.17387e-13 -1.69752e-12 0)
(5.09739e-13 -2.01451e-12 0)
(7.35156e-13 -2.27288e-12 0)
(9.88483e-13 -2.47876e-12 0)
(1.26535e-12 -2.63607e-12 0)
(1.55858e-12 -2.75052e-12 0)
(1.86257e-12 -2.8262e-12 0)
(2.17412e-12 -2.86486e-12 0)
(2.48897e-12 -2.86986e-12 0)
(2.80281e-12 -2.84406e-12 0)
(3.11236e-12 -2.78968e-12 0)
(3.41479e-12 -2.70885e-12 0)
(3.70707e-12 -2.60362e-12 0)
(3.9864e-12 -2.47619e-12 0)
(4.25046e-12 -2.32835e-12 0)
(4.49724e-12 -2.16201e-12 0)
(4.72474e-12 -1.97895e-12 0)
(4.93114e-12 -1.78109e-12 0)
(5.11503e-12 -1.57016e-12 0)
(5.275e-12 -1.34784e-12 0)
(5.40978e-12 -1.11588e-12 0)
(5.51842e-12 -8.76063e-13 0)
(5.6002e-12 -6.29761e-13 0)
(5.65474e-12 -3.78725e-13 0)
(5.68198e-12 -1.24753e-13 0)
(5.68194e-12 1.30176e-13 0)
(5.65449e-12 3.83946e-13 0)
(5.59956e-12 6.34585e-13 0)
(5.5173e-12 8.80346e-13 0)
(5.40815e-12 1.11956e-12 0)
(5.27284e-12 1.35073e-12 0)
(5.11241e-12 1.57228e-12 0)
(4.92815e-12 1.78236e-12 0)
(4.7214e-12 1.97933e-12 0)
(4.49371e-12 2.16151e-12 0)
(4.24685e-12 2.32701e-12 0)
(3.98279e-12 2.47402e-12 0)
(3.70373e-12 2.60069e-12 0)
(3.41198e-12 2.70508e-12 0)
(3.11011e-12 2.78517e-12 0)
(2.80088e-12 2.83904e-12 0)
(2.48744e-12 2.86436e-12 0)
(2.17332e-12 2.8588e-12 0)
(1.86209e-12 2.81994e-12 0)
(1.55793e-12 2.74483e-12 0)
(1.2661e-12 2.63014e-12 0)
(9.91309e-13 2.47293e-12 0)
(7.35828e-13 2.26805e-12 0)
(5.0991e-13 2.01008e-12 0)
(3.21103e-13 1.69533e-12 0)
(1.61719e-13 1.31389e-12 0)
(5.68627e-14 8.55778e-13 0)
(1.0182e-15 3.22646e-13 0)
(1.40094e-15 -3.46464e-13 0)
(5.19694e-14 -9.30744e-13 0)
(1.39909e-13 -1.43304e-12 0)
(2.71336e-13 -1.85716e-12 0)
(4.37134e-13 -2.20934e-12 0)
(6.32376e-13 -2.49665e-12 0)
(8.51964e-13 -2.72507e-12 0)
(1.09146e-12 -2.90105e-12 0)
(1.34544e-12 -3.02951e-12 0)
(1.6099e-12 -3.11366e-12 0)
(1.88137e-12 -3.15714e-12 0)
(2.1554e-12 -3.16345e-12 0)
(2.42875e-12 -3.1354e-12 0)
(2.69873e-12 -3.07557e-12 0)
(2.96247e-12 -2.98644e-12 0)
(3.21727e-12 -2.87053e-12 0)
(3.4609e-12 -2.73e-12 0)
(3.69127e-12 -2.56691e-12 0)
(3.90649e-12 -2.38338e-12 0)
(4.10485e-12 -2.18155e-12 0)
(4.28486e-12 -1.96329e-12 0)
(4.44519e-12 -1.73053e-12 0)
(4.58462e-12 -1.48537e-12 0)
(4.70206e-12 -1.22956e-12 0)
(4.79674e-12 -9.64974e-13 0)
(4.86807e-12 -6.9347e-13 0)
(4.91568e-12 -4.16899e-13 0)
(4.93945e-12 -1.3722e-13 0)
(4.93927e-12 1.43414e-13 0)
(4.91518e-12 4.22796e-13 0)
(4.86723e-12 6.98884e-13 0)
(4.79542e-12 9.69724e-13 0)
(4.70021e-12 1.23354e-12 0)
(4.58231e-12 1.48848e-12 0)
(4.44248e-12 1.73276e-12 0)
(4.28179e-12 1.96458e-12 0)
(4.10155e-12 2.18191e-12 0)
(3.90302e-12 2.38289e-12 0)
(3.68768e-12 2.56551e-12 0)
(3.45732e-12 2.72779e-12 0)
(3.21384e-12 2.86759e-12 0)
(2.95934e-12 2.98278e-12 0)
(2.69603e-12 3.07115e-12 0)
(2.42633e-12 3.13033e-12 0)
(2.15312e-12 3.1579e-12 0)
(1.87942e-12 3.15126e-12 0)
(1.60849e-12 3.1075e-12 0)
(1.34474e-12 3.02355e-12 0)
(1.09107e-12 2.89596e-12 0)
(8.51488e-13 2.7201e-12 0)
(6.34439e-13 2.49179e-12 0)
(4.39914e-13 2.20682e-12 0)
(2.69441e-13 1.85591e-12 0)
(1.39685e-13 1.43292e-12 0)
(5.25657e-14 9.32963e-13 0)
(1.37945e-16 3.48696e-13 0)
(3.56092e-16 -3.70448e-13 0)
(4.31658e-14 -9.95503e-13 0)
(1.1678e-13 -1.53708e-12 0)
(2.27212e-13 -1.99497e-12 0)
(3.67299e-13 -2.37626e-12 0)
(5.32164e-13 -2.68837e-12 0)
(7.17337e-13 -2.93785e-12 0)
(9.19557e-13 -3.13034e-12 0)
(1.13496e-12 -3.27043e-12 0)
(1.35939e-12 -3.3622e-12 0)
(1.58961e-12 -3.4102e-12 0)
(1.8225e-12 -3.41771e-12 0)
(2.05501e-12 -3.38773e-12 0)
(2.28461e-12 -3.32327e-12 0)
(2.50895e-12 -3.22718e-12 0)
(2.72573e-12 -3.10194e-12 0)
(2.93305e-12 -2.95003e-12 0)
(3.1291e-12 -2.77377e-12 0)
(3.31218e-12 -2.57544e-12 0)
(3.48094e-12 -2.35717e-12 0)
(3.63413e-12 -2.12121e-12 0)
(3.77047e-12 -1.86964e-12 0)
(3.889e-12 -1.60457e-12 0)
(3.98892e-12 -1.32803e-12 0)
(4.06945e-12 -1.04206e-12 0)
(4.1301e-12 -7.48737e-13 0)
(4.17062e-12 -4.50077e-13 0)
(4.19086e-12 -1.48186e-13 0)
(4.19068e-12 1.54737e-13 0)
(4.17008e-12 4.56536e-13 0)
(4.12912e-12 7.54884e-13 0)
(4.068e-12 1.04767e-12 0)
(3.987e-12 1.33293e-12 0)
(3.88663e-12 1.60864e-12 0)
(3.76771e-12 1.87278e-12 0)
(3.63106e-12 2.12336e-12 0)
(3.47763e-12 2.35833e-12 0)
(3.30864e-12 2.57547e-12 0)
(3.12541e-12 2.77277e-12 0)
(2.92936e-12 2.94804e-12 0)
(2.72214e-12 3.09901e-12 0)
(2.50553e-12 3.22333e-12 0)
(2.28144e-12 3.31858e-12 0)
(2.05199e-12 3.38223e-12 0)
(1.8197e-12 3.41164e-12 0)
(1.58722e-12 3.40386e-12 0)
(1.35729e-12 3.35575e-12 0)
(1.13329e-12 3.26388e-12 0)
(9.18692e-13 3.12427e-12 0)
(7.17379e-13 2.93278e-12 0)
(5.3199e-13 2.68437e-12 0)
(3.67719e-13 2.37223e-12 0)
(2.30268e-13 1.99261e-12 0)
(1.16359e-13 1.53726e-12 0)
(4.11303e-14 9.95274e-13 0)
(3.6224e-16 3.71049e-13 0)
(-3.53034e-16 -3.89269e-13 0)
(3.51505e-14 -1.04879e-12 0)
(9.45079e-14 -1.62217e-12 0)
(1.84768e-13 -2.10813e-12 0)
(2.99005e-13 -2.51459e-12 0)
(4.33172e-13 -2.84801e-12 0)
(5.84222e-13 -3.11512e-12 0)
(7.499e-13 -3.32107e-12 0)
(9.26549e-13 -3.4709e-12 0)
(1.1105e-12 -3.56975e-12 0)
(1.29936e-12 -3.62168e-12 0)
(1.49057e-12 -3.63003e-12 0)
(1.68159e-12 -3.59857e-12 0)
(1.87025e-12 -3.53043e-12 0)
(2.05462e-12 -3.42851e-12 0)
(2.23283e-12 -3.29553e-12 0)
(2.40325e-12 -3.13414e-12 0)
(2.56439e-12 -2.94687e-12 0)
(2.71498e-12 -2.73612e-12 0)
(2.85374e-12 -2.5042e-12 0)
(2.97959e-12 -2.25341e-12 0)
(3.09169e-12 -1.9861e-12 0)
(3.18915e-12 -1.70437e-12 0)
(3.27121e-12 -1.41054e-12 0)
(3.33733e-12 -1.10674e-12 0)
(3.38716e-12 -7.95112e-13 0)
(3.42046e-12 -4.77835e-13 0)
(3.43711e-12 -1.57197e-13 0)
(3.43701e-12 1.64486e-13 0)
(3.42009e-12 4.84909e-13 0)
(3.38633e-12 8.01773e-13 0)
(3.33596e-12 1.11289e-12 0)
(3.26928e-12 1.41601e-12 0)
(3.18675e-12 1.70903e-12 0)
(3.08892e-12 1.9898e-12 0)
(2.97651e-12 2.25608e-12 0)
(2.85033e-12 2.50572e-12 0)
(2.71135e-12 2.73651e-12 0)
(2.56066e-12 2.94617e-12 0)
(2.39945e-12 3.13237e-12 0)
(2.22904e-12 3.29272e-12 0)
(2.05092e-12 3.42468e-12 0)
(1.8667e-12 3.52571e-12 0)
(1.67817e-12 3.59308e-12 0)
(1.48736e-12 3.62394e-12 0)
(1.29644e-12 3.61511e-12 0)
(1.10777e-12 3.56312e-12 0)
(9.24618e-13 3.46441e-12 0)
(7.48911e-13 3.31487e-12 0)
(5.83381e-13 3.10944e-12 0)
(4.33622e-13 2.84337e-12 0)
(3.0075e-13 2.5119e-12 0)
(1.84679e-13 2.10599e-12 0)
(9.46185e-14 1.62e-12 0)
(3.5349e-14 1.04947e-12 0)
(1.28789e-17 3.89185e-13 0)
(-1.13011e-16 -4.03887e-13 0)
(2.73488e-14 -1.09118e-12 0)
(7.3327e-14 -1.68966e-12 0)
(1.42914e-13 -2.1986e-12 0)
(2.31467e-13 -2.62512e-12 0)
(3.35798e-13 -2.97545e-12 0)
(4.53176e-13 -3.25616e-12 0)
(5.82376e-13 -3.47291e-12 0)
(7.19872e-13 -3.63106e-12 0)
(8.62882e-13 -3.73556e-12 0)
(1.01031e-12 -3.79067e-12 0)
(1.15957e-12 -3.8e-12 0)
(1.30853e-12 -3.76736e-12 0)
(1.45575e-12 -3.69632e-12 0)
(1.59973e-12 -3.58973e-12 0)
(1.7389e-12 -3.45059e-12 0)
(1.87195e-12 -3.28158e-12 0)
(1.99778e-12 -3.08546e-12 0)
(2.11533e-12 -2.86468e-12 0)
(2.2237e-12 -2.62185e-12 0)
(2.322e-12 -2.35921e-12 0)
(2.40948e-12 -2.07927e-12 0)
(2.48551e-12 -1.78431e-12 0)
(2.54954e-12 -1.47666e-12 0)
(2.6012e-12 -1.15849e-12 0)
(2.64016e-12 -8.32179e-13 0)
(2.66622e-12 -4.99967e-13 0)
(2.67919e-12 -1.64315e-13 0)
(2.67899e-12 1.72407e-13 0)
(2.66563e-12 5.07738e-13 0)
(2.63921e-12 8.39388e-13 0)
(2.59983e-12 1.16502e-12 0)
(2.54771e-12 1.4824e-12 0)
(2.4832e-12 1.78923e-12 0)
(2.40675e-12 2.08323e-12 0)
(2.31891e-12 2.36215e-12 0)
(2.22034e-12 2.62361e-12 0)
(2.11179e-12 2.86535e-12 0)
(1.99408e-12 3.08494e-12 0)
(1.86815e-12 3.27993e-12 0)
(1.73503e-12 3.4478e-12 0)
(1.59591e-12 3.58593e-12 0)
(1.45206e-12 3.69159e-12 0)
(1.30487e-12 3.76184e-12 0)
(1.15597e-12 3.79381e-12 0)
(1.00714e-12 3.78402e-12 0)
(8.60149e-13 3.72887e-12 0)
(7.17451e-13 3.62447e-12 0)
(5.80694e-13 3.46646e-12 0)
(4.52811e-13 3.25048e-12 0)
(3.36425e-13 2.97054e-12 0)
(2.32132e-13 2.62057e-12 0)
(1.44388e-13 2.19592e-12 0)
(7.39456e-14 1.68907e-12 0)
(2.63264e-14 1.08981e-12 0)
(1.80487e-16 4.04038e-13 0)
(-2.99571e-16 -4.14993e-13 0)
(1.97341e-14 -1.123e-12 0)
(5.22486e-14 -1.74056e-12 0)
(1.01858e-13 -2.26674e-12 0)
(1.65367e-13 -2.7079e-12 0)
(2.3997e-13 -3.07087e-12 0)
(3.23715e-13 -3.36198e-12 0)
(4.16004e-13 -3.58712e-12 0)
(5.14355e-13 -3.75173e-12 0)
(6.16676e-13 -3.86049e-12 0)
(7.22372e-13 -3.91795e-12 0)
(8.29006e-13 -3.92806e-12 0)
(9.3592e-13 -3.89464e-12 0)
(1.04132e-12 -3.82139e-12 0)
(1.14449e-12 -3.7113e-12 0)
(1.24421e-12 -3.56742e-12 0)
(1.33955e-12 -3.39272e-12 0)
(1.4297e-12 -3.18991e-12 0)
(1.5139e-12 -2.96165e-12 0)
(1.59152e-12 -2.71045e-12 0)
(1.66192e-12 -2.43895e-12 0)
(1.72455e-12 -2.14946e-12 0)
(1.77902e-12 -1.8445e-12 0)
(1.82494e-12 -1.52635e-12 0)
(1.86197e-12 -1.19741e-12 0)
(1.8899e-12 -8.60003e-13 0)
(1.90855e-12 -5.16594e-13 0)
(1.91779e-12 -1.6963e-13 0)
(1.91759e-12 1.78345e-13 0)
(1.90791e-12 5.24915e-13 0)
(1.88884e-12 8.67738e-13 0)
(1.86051e-12 1.20441e-12 0)
(1.82311e-12 1.53257e-12 0)
(1.77682e-12 1.84985e-12 0)
(1.72201e-12 2.15387e-12 0)
(1.65901e-12 2.44227e-12 0)
(1.5883e-12 2.71268e-12 0)
(1.51048e-12 2.96264e-12 0)
(1.42608e-12 3.18967e-12 0)
(1.33578e-12 3.39124e-12 0)
(1.24036e-12 3.56476e-12 0)
(1.14066e-12 3.70752e-12 0)
(1.03755e-12 3.81662e-12 0)
(9.32127e-13 3.889e-12 0)
(8.25309e-13 3.92174e-12 0)
(7.19079e-13 3.9112e-12 0)
(6.13664e-13 3.85341e-12 0)
(5.1186e-13 3.74476e-12 0)
(4.14685e-13 3.58061e-12 0)
(3.22808e-13 3.35568e-12 0)
(2.39683e-13 3.06525e-12 0)
(1.67352e-13 2.70378e-12 0)
(1.03759e-13 2.26298e-12 0)
(5.18519e-14 1.73741e-12 0)
(1.9229e-14 1.12228e-12 0)
(-5.58691e-16 4.14479e-13 0)
(-4.74948e-16 -4.2231e-13 0)
(1.21196e-14 -1.14401e-12 0)
(3.1689e-14 -1.77443e-12 0)
(6.14838e-14 -2.3118e-12 0)
(1.00022e-13 -2.76298e-12 0)
(1.44926e-13 -3.13449e-12 0)
(1.95047e-13 -3.43278e-12 0)
(2.50593e-13 -3.66359e-12 0)
(3.09723e-13 -3.83233e-12 0)
(3.71153e-13 -3.9439e-12 0)
(4.35894e-13 -4.00254e-12 0)
(4.9818e-13 -4.01278e-12 0)
(5.63776e-13 -3.97968e-12 0)
(6.26999e-13 -3.90502e-12 0)
(6.89076e-13 -3.79258e-12 0)
(7.49046e-13 -3.64557e-12 0)
(8.06333e-13 -3.46705e-12 0)
(8.60521e-13 -3.25978e-12 0)
(9.11187e-13 -3.02651e-12 0)
(9.57836e-13 -2.76979e-12 0)
(1.00013e-12 -2.49228e-12 0)
(1.03778e-12 -2.19642e-12 0)
(1.07048e-12 -1.88474e-12 0)
(1.09809e-12 -1.55958e-12 0)
(1.12044e-12 -1.22341e-12 0)
(1.13733e-12 -8.78553e-13 0)
(1.14857e-12 -5.27641e-13 0)
(1.154e-12 -1.73134e-13 0)
(1.15363e-12 1.82392e-13 0)
(1.14766e-12 5.36511e-13 0)
(1.13613e-12 8.86789e-13 0)
(1.11904e-12 1.23087e-12 0)
(1.09646e-12 1.56625e-12 0)
(1.06851e-12 1.89052e-12 0)
(1.0354e-12 2.20127e-12 0)
(9.97433e-13 2.49599e-12 0)
(9.54841e-13 2.77238e-12 0)
(9.07921e-13 3.02782e-12 0)
(8.57069e-13 3.25982e-12 0)
(8.02697e-13 3.4658e-12 0)
(7.4527e-13 3.6431e-12 0)
(6.85294e-13 3.78891e-12 0)
(6.2328e-13 3.90033e-12 0)
(5.60021e-13 3.97407e-12 0)
(4.94534e-13 4.00646e-12 0)
(4.32361e-13 3.99573e-12 0)
(3.68207e-13 3.93675e-12 0)
(3.07425e-13 3.82514e-12 0)
(2.48668e-13 3.65648e-12 0)
(1.94265e-13 3.4263e-12 0)
(1.46108e-13 3.1289e-12 0)
(1.00689e-13 2.7574e-12 0)
(6.19445e-14 2.30772e-12 0)
(3.33506e-14 1.77222e-12 0)
(1.19246e-14 1.14171e-12 0)
(1.40629e-16 4.21856e-13 0)
(-4.04357e-16 -4.25977e-13 0)
(4.62944e-15 -1.1547e-12 0)
(1.12551e-14 -1.79141e-12 0)
(2.14911e-14 -2.33448e-12 0)
(3.50285e-14 -2.7907e-12 0)
(5.03315e-14 -3.16649e-12 0)
(6.689e-14 -3.46823e-12 0)
(8.57369e-14 -3.70178e-12 0)
(1.05664e-13 -3.87259e-12 0)
(1.2571e-13 -3.98563e-12 0)
(1.47528e-13 -4.04558e-12 0)
(1.68994e-13 -4.05712e-12 0)
(1.92611e-13 -4.02256e-12 0)
(2.12663e-13 -3.94669e-12 0)
(2.33353e-13 -3.83302e-12 0)
(2.53406e-13 -3.68459e-12 0)
(2.72539e-13 -3.50421e-12 0)
(2.90645e-13 -3.29472e-12 0)
(3.07568e-13 -3.05888e-12 0)
(3.23141e-13 -2.79942e-12 0)
(3.37222e-13 -2.51884e-12 0)
(3.49726e-13 -2.2198e-12 0)
(3.60656e-13 -1.90465e-12 0)
(3.69963e-13 -1.57593e-12 0)
(3.77569e-13 -1.23607e-12 0)
(3.83281e-13 -8.87625e-13 0)
(3.86946e-13 -5.33061e-13 0)
(3.88574e-13 -1.74944e-13 0)
(3.88217e-13 1.84332e-13 0)
(3.85994e-13 5.42297e-13 0)
(3.81974e-13 8.96409e-13 0)
(3.76125e-13 1.24418e-12 0)
(3.68414e-13 1.58317e-12 0)
(3.58933e-13 1.91092e-12 0)
(3.47693e-13 2.22502e-12 0)
(3.34837e-13 2.523e-12 0)
(3.20452e-13 2.80231e-12 0)
(3.04588e-13 3.06049e-12 0)
(2.87454e-13 3.29498e-12 0)
(2.69155e-13 3.50313e-12 0)
(2.49851e-13 3.68225e-12 0)
(2.29775e-13 3.82951e-12 0)
(2.09113e-13 3.94205e-12 0)
(1.88975e-13 4.01699e-12 0)
(1.6544e-13 4.05083e-12 0)
(1.442e-13 4.03865e-12 0)
(1.22758e-13 3.97834e-12 0)
(1.03107e-13 3.86512e-12 0)
(8.45282e-14 3.69443e-12 0)
(6.64356e-14 3.46114e-12 0)
(4.94638e-14 3.16009e-12 0)
(3.67226e-14 2.78553e-12 0)
(2.47228e-14 2.32993e-12 0)
(1.04103e-14 1.78731e-12 0)
(3.35612e-15 1.15295e-12 0)
(-7.04481e-16 4.25177e-13 0)
(-5.07332e-16 -4.26261e-13 0)
(-2.6613e-15 -1.15493e-12 0)
(-8.82472e-15 -1.79186e-12 0)
(-1.84337e-14 -2.33498e-12 0)
(-2.98084e-14 -2.79111e-12 0)
(-4.40307e-14 -3.16686e-12 0)
(-6.09431e-14 -3.4685e-12 0)
(-7.87767e-14 -3.70197e-12 0)
(-9.78379e-14 -3.87274e-12 0)
(-1.17702e-13 -3.98579e-12 0)
(-1.38882e-13 -4.0457e-12 0)
(-1.59721e-13 -4.05721e-12 0)
(-1.82975e-13 -4.02262e-12 0)
(-2.02655e-13 -3.94675e-12 0)
(-2.22953e-13 -3.83307e-12 0)
(-2.42721e-13 -3.68462e-12 0)
(-2.61655e-13 -3.50421e-12 0)
(-2.79598e-13 -3.2947e-12 0)
(-2.96419e-13 -3.05884e-12 0)
(-3.11972e-13 -2.79931e-12 0)
(-3.26134e-13 -2.51868e-12 0)
(-3.38721e-13 -2.21946e-12 0)
(-3.49611e-13 -1.90419e-12 0)
(-3.58737e-13 -1.57541e-12 0)
(-3.66061e-13 -1.23558e-12 0)
(-3.71622e-13 -8.87308e-13 0)
(-3.75482e-13 -5.32927e-13 0)
(-3.7762e-13 -1.74901e-13 0)
(-3.77888e-13 1.84339e-13 0)
(-3.76241e-13 5.42274e-13 0)
(-3.72715e-13 8.96448e-13 0)
(-3.67315e-13 1.24428e-12 0)
(-3.60099e-13 1.58334e-12 0)
(-3.51144e-13 1.91115e-12 0)
(-3.40453e-13 2.22524e-12 0)
(-3.28156e-13 2.52323e-12 0)
(-3.14337e-13 2.80253e-12 0)
(-2.99048e-13 3.06071e-12 0)
(-2.82454e-13 3.29519e-12 0)
(-2.64681e-13 3.5033e-12 0)
(-2.45891e-13 3.68241e-12 0)
(-2.26224e-13 3.82965e-12 0)
(-2.05931e-13 3.94215e-12 0)
(-1.86284e-13 4.01705e-12 0)
(-1.63084e-13 4.05086e-12 0)
(-1.41934e-13 4.03864e-12 0)
(-1.20475e-13 3.97829e-12 0)
(-1.00007e-13 3.86496e-12 0)
(-8.06832e-14 3.69418e-12 0)
(-6.1644e-14 3.4612e-12 0)
(-4.22681e-14 3.16006e-12 0)
(-2.90703e-14 2.78451e-12 0)
(-1.90554e-14 2.32981e-12 0)
(-6.81934e-15 1.78824e-12 0)
(-2.42758e-15 1.15191e-12 0)
(-8.12465e-17 4.2526e-13 0)
(-9.36609e-16 -4.22789e-13 0)
(-9.78116e-15 -1.14508e-12 0)
(-2.93193e-14 -1.77561e-12 0)
(-5.8342e-14 -2.31296e-12 0)
(-9.47453e-14 -2.76415e-12 0)
(-1.38646e-13 -3.13554e-12 0)
(-1.8916e-13 -3.43359e-12 0)
(-2.43816e-13 -3.66425e-12 0)
(-3.022e-13 -3.83283e-12 0)
(-3.6347e-13 -3.9443e-12 0)
(-4.27562e-13 -4.00289e-12 0)
(-4.89241e-13 -4.01306e-12 0)
(-5.54533e-13 -3.97986e-12 0)
(-6.17403e-13 -3.90514e-12 0)
(-6.79082e-13 -3.79265e-12 0)
(-7.38767e-13 -3.64562e-12 0)
(-7.95842e-13 -3.46703e-12 0)
(-8.49868e-13 -3.2597e-12 0)
(-9.00405e-13 -3.02635e-12 0)
(-9.46997e-13 -2.76953e-12 0)
(-9.89255e-13 -2.49188e-12 0)
(-1.02692e-12 -2.1958e-12 0)
(-1.0597e-12 -1.88389e-12 0)
(-1.08727e-12 -1.55854e-12 0)
(-1.10955e-12 -1.22237e-12 0)
(-1.12643e-12 -8.77737e-13 0)
(-1.13777e-12 -5.27171e-13 0)
(-1.14355e-12 -1.72899e-13 0)
(-1.14373e-12 1.82574e-13 0)
(-1.13822e-12 5.36833e-13 0)
(-1.12708e-12 8.87257e-13 0)
(-1.11041e-12 1.23148e-12 0)
(-1.08831e-12 1.56689e-12 0)
(-1.06092e-12 1.89125e-12 0)
(-1.0284e-12 2.20201e-12 0)
(-9.90974e-13 2.4968e-12 0)
(-9.48927e-13 2.77312e-12 0)
(-9.02571e-13 3.02855e-12 0)
(-8.52275e-13 3.26045e-12 0)
(-7.98406e-13 3.46642e-12 0)
(-7.41449e-13 3.6436e-12 0)
(-6.81898e-13 3.78938e-12 0)
(-6.20266e-13 3.90068e-12 0)
(-5.57469e-13 3.97432e-12 0)
(-4.92307e-13 4.00659e-12 0)
(-4.30216e-13 3.99575e-12 0)
(-3.66117e-13 3.93654e-12 0)
(-3.04569e-13 3.82489e-12 0)
(-2.44644e-13 3.65627e-12 0)
(-1.89306e-13 3.42567e-12 0)
(-1.40054e-13 3.12813e-12 0)
(-9.31906e-14 2.75779e-12 0)
(-5.43872e-14 2.30688e-12 0)
(-3.07183e-14 1.77064e-12 0)
(-1.22274e-14 1.142e-12 0)
(-6.94971e-16 4.21704e-13 0)
(-6.11228e-16 -4.15747e-13 0)
(-1.73328e-14 -1.12449e-12 0)
(-4.93858e-14 -1.74252e-12 0)
(-9.86936e-14 -2.26847e-12 0)
(-1.60286e-13 -2.70963e-12 0)
(-2.33838e-13 -3.07242e-12 0)
(-3.18111e-13 -3.36335e-12 0)
(-4.09633e-13 -3.58835e-12 0)
(-5.07284e-13 -3.75261e-12 0)
(-6.0961e-13 -3.86118e-12 0)
(-7.14775e-13 -3.91858e-12 0)
(-8.20789e-13 -3.92854e-12 0)
(-9.27394e-13 -3.89497e-12 0)
(-1.0325e-12 -3.82164e-12 0)
(-1.13534e-12 -3.71146e-12 0)
(-1.23476e-12 -3.56754e-12 0)
(-1.32987e-12 -3.3927e-12 0)
(-1.41985e-12 -3.18984e-12 0)
(-1.50392e-12 -2.96142e-12 0)
(-1.58144e-12 -2.71017e-12 0)
(-1.6518e-12 -2.4384e-12 0)
(-1.71442e-12 -2.1488e-12 0)
(-1.76886e-12 -1.84352e-12 0)
(-1.8148e-12 -1.52527e-12 0)
(-1.85194e-12 -1.19624e-12 0)
(-1.88002e-12 -8.59004e-13 0)
(-1.89885e-12 -5.15684e-13 0)
(-1.90827e-12 -1.68952e-13 0)
(-1.90827e-12 1.79096e-13 0)
(-1.89892e-12 5.25725e-13 0)
(-1.88029e-12 8.68777e-13 0)
(-1.85246e-12 1.20553e-12 0)
(-1.81553e-12 1.53389e-12 0)
(-1.76973e-12 1.85118e-12 0)
(-1.71543e-12 2.15536e-12 0)
(-1.65298e-12 2.44369e-12 0)
(-1.58285e-12 2.71413e-12 0)
(-1.50556e-12 2.96392e-12 0)
(-1.42164e-12 3.19093e-12 0)
(-1.33182e-12 3.39233e-12 0)
(-1.23688e-12 3.56578e-12 0)
(-1.13756e-12 3.70831e-12 0)
(-1.03483e-12 3.81732e-12 0)
(-9.29854e-13 3.88948e-12 0)
(-8.23347e-13 3.92205e-12 0)
(-7.17282e-13 3.91126e-12 0)
(-6.11776e-13 3.85337e-12 0)
(-5.089e-13 3.7444e-12 0)
(-4.11369e-13 3.57999e-12 0)
(-3.1874e-13 3.35537e-12 0)
(-2.31643e-13 3.06462e-12 0)
(-1.59959e-13 2.70193e-12 0)
(-1.00258e-13 2.26223e-12 0)
(-4.7236e-14 1.73774e-12 0)
(-1.72779e-14 1.12034e-12 0)
(-2.81909e-17 4.14744e-13 0)
(-1.18469e-15 -4.04985e-13 0)
(-2.47279e-14 -1.09321e-12 0)
(-7.0475e-14 -1.69229e-12 0)
(-1.39491e-13 -2.2011e-12 0)
(-2.2651e-13 -2.62715e-12 0)
(-3.30098e-13 -2.97718e-12 0)
(-4.48238e-13 -3.25755e-12 0)
(-5.7665e-13 -3.47413e-12 0)
(-7.13533e-13 -3.63213e-12 0)
(-8.56808e-13 -3.7363e-12 0)
(-1.00373e-12 -3.79119e-12 0)
(-1.15238e-12 -3.80036e-12 0)
(-1.30117e-12 -3.76762e-12 0)
(-1.44813e-12 -3.69642e-12 0)
(-1.59178e-12 -3.58974e-12 0)
(-1.73065e-12 -3.4504e-12 0)
(-1.8635e-12 -3.28134e-12 0)
(-1.98914e-12 -3.08503e-12 0)
(-2.10655e-12 -2.8642e-12 0)
(-2.21475e-12 -2.62114e-12 0)
(-2.31295e-12 -2.35841e-12 0)
(-2.40038e-12 -2.07821e-12 0)
(-2.47646e-12 -1.78308e-12 0)
(-2.54064e-12 -1.47521e-12 0)
(-2.59247e-12 -1.15703e-12 0)
(-2.63156e-12 -8.3072e-13 0)
(-2.65771e-12 -4.98679e-13 0)
(-2.6708e-12 -1.63088e-13 0)
(-2.67079e-12 1.73541e-13 0)
(-2.65765e-12 5.08982e-13 0)
(-2.63149e-12 8.40748e-13 0)
(-2.59247e-12 1.1666e-12 0)
(-2.54079e-12 1.48415e-12 0)
(-2.47679e-12 1.79111e-12 0)
(-2.40087e-12 2.08516e-12 0)
(-2.31358e-12 2.36407e-12 0)
(-2.21554e-12 2.62547e-12 0)
(-2.1075e-12 2.86706e-12 0)
(-1.99024e-12 3.08645e-12 0)
(-1.86475e-12 3.28121e-12 0)
(-1.73206e-12 3.44885e-12 0)
(-1.5933e-12 3.58673e-12 0)
(-1.44976e-12 3.69212e-12 0)
(-1.30304e-12 3.76209e-12 0)
(-1.15443e-12 3.79381e-12 0)
(-1.00558e-12 3.78377e-12 0)
(-8.58682e-13 3.7283e-12 0)
(-7.15387e-13 3.62371e-12 0)
(-5.76842e-13 3.46575e-12 0)
(-4.48114e-13 3.24892e-12 0)
(-3.32219e-13 2.96898e-12 0)
(-2.2509e-13 2.61995e-12 0)
(-1.34976e-13 2.19391e-12 0)
(-7.27401e-14 1.68582e-12 0)
(-2.77314e-14 1.08935e-12 0)
(-1.30049e-15 4.03696e-13 0)
(-8.00697e-16 -3.90356e-13 0)
(-3.26494e-14 -1.05122e-12 0)
(-9.13462e-14 -1.62464e-12 0)
(-1.81118e-13 -2.11061e-12 0)
(-2.94006e-13 -2.51677e-12 0)
(-4.27843e-13 -2.84982e-12 0)
(-5.79992e-13 -3.11618e-12 0)
(-7.45408e-13 -3.32174e-12 0)
(-9.21443e-13 -3.47153e-12 0)
(-1.10551e-12 -3.57008e-12 0)
(-1.29414e-12 -3.62172e-12 0)
(-1.48496e-12 -3.62993e-12 0)
(-1.67574e-12 -3.59835e-12 0)
(-1.86416e-12 -3.52999e-12 0)
(-2.04822e-12 -3.428e-12 0)
(-2.2262e-12 -3.29478e-12 0)
(-2.39641e-12 -3.13336e-12 0)
(-2.55739e-12 -2.94579e-12 0)
(-2.70779e-12 -2.73506e-12 0)
(-2.84642e-12 -2.50286e-12 0)
(-2.97219e-12 -2.2522e-12 0)
(-3.08418e-12 -1.98454e-12 0)
(-3.18161e-12 -1.70302e-12 0)
(-3.26381e-12 -1.40882e-12 0)
(-3.33018e-12 -1.1052e-12 0)
(-3.38028e-12 -7.93219e-13 0)
(-3.41374e-12 -4.76291e-13 0)
(-3.43039e-12 -1.55344e-13 0)
(-3.43022e-12 1.65989e-13 0)
(-3.4133e-12 4.86824e-13 0)
(-3.37974e-12 8.03427e-13 0)
(-3.32969e-12 1.11503e-12 0)
(-3.26342e-12 1.41788e-12 0)
(-3.18134e-12 1.71134e-12 0)
(-3.084e-12 1.99169e-12 0)
(-2.97209e-12 2.25833e-12 0)
(-2.84646e-12 2.50746e-12 0)
(-2.70798e-12 2.73841e-12 0)
(-2.55771e-12 2.94739e-12 0)
(-2.39686e-12 3.13364e-12 0)
(-2.2268e-12 3.29326e-12 0)
(-2.04898e-12 3.42526e-12 0)
(-1.86507e-12 3.52562e-12 0)
(-1.67686e-12 3.59294e-12 0)
(-1.48626e-12 3.62318e-12 0)
(-1.29552e-12 3.61432e-12 0)
(-1.10666e-12 3.56189e-12 0)
(-9.22065e-13 3.46319e-12 0)
(-7.46688e-13 3.31275e-12 0)
(-5.80499e-13 3.10784e-12 0)
(-4.25029e-13 2.84177e-12 0)
(-2.94269e-13 2.50785e-12 0)
(-1.8433e-13 2.10292e-12 0)
(-8.89405e-14 1.61896e-12 0)
(-3.21328e-14 1.04567e-12 0)
(-3.80471e-16 3.89108e-13 0)
(-1.21128e-15 -3.72029e-13 0)
(-4.06239e-14 -9.97846e-13 0)
(-1.13369e-13 -1.53969e-12 0)
(-2.23975e-13 -1.99695e-12 0)
(-3.63028e-13 -2.37828e-12 0)
(-5.27381e-13 -2.69058e-12 0)
(-7.13824e-13 -2.93962e-12 0)
(-9.16345e-13 -3.13171e-12 0)
(-1.13148e-12 -3.27141e-12 0)
(-1.35612e-12 -3.3633e-12 0)
(-1.58615e-12 -3.41092e-12 0)
(-1.81872e-12 -3.4183e-12 0)
(-2.05106e-12 -3.38797e-12 0)
(-2.2805e-12 -3.32363e-12 0)
(-2.50454e-12 -3.22706e-12 0)
(-2.72111e-12 -3.10196e-12 0)
(-2.92819e-12 -2.94954e-12 0)
(-3.12411e-12 -2.77353e-12 0)
(-3.30709e-12 -2.57459e-12 0)
(-3.47578e-12 -2.35669e-12 0)
(-3.62878e-12 -2.12011e-12 0)
(-3.76511e-12 -1.86899e-12 0)
(-3.88363e-12 -1.60326e-12 0)
(-3.98361e-12 -1.3272e-12 0)
(-4.06424e-12 -1.04053e-12 0)
(-4.1251e-12 -7.47656e-13 0)
(-4.16567e-12 -4.48117e-13 0)
(-4.18591e-12 -1.46703e-13 0)
(-4.18568e-12 1.57119e-13 0)
(-4.16506e-12 4.58375e-13 0)
(-4.12413e-12 7.57728e-13 0)
(-4.06319e-12 1.05017e-12 0)
(-3.98249e-12 1.33646e-12 0)
(-3.88257e-12 1.61166e-12 0)
(-3.76406e-12 1.87658e-12 0)
(-3.62784e-12 2.12632e-12 0)
(-3.47492e-12 2.36174e-12 0)
(-3.30639e-12 2.57796e-12 0)
(-3.12353e-12 2.77556e-12 0)
(-2.92777e-12 2.9497e-12 0)
(-2.72082e-12 3.10078e-12 0)
(-2.50436e-12 3.22405e-12 0)
(-2.2805e-12 3.31949e-12 0)
(-2.05136e-12 3.38234e-12 0)
(-1.81925e-12 3.41192e-12 0)
(-1.58647e-12 3.40346e-12 0)
(-1.35657e-12 3.35541e-12 0)
(-1.13242e-12 3.26267e-12 0)
(-9.15543e-13 3.12333e-12 0)
(-7.12545e-13 2.9311e-12 0)
(-5.30694e-13 2.68133e-12 0)
(-3.62708e-13 2.37058e-12 0)
(-2.18535e-13 1.98947e-12 0)
(-1.16657e-13 1.5318e-12 0)
(-4.4586e-14 9.93575e-13 0)
(-1.29902e-15 3.70234e-13 0)
(-1.04809e-15 -3.49421e-13 0)
(-4.93776e-14 -9.3364e-13 0)
(-1.36051e-13 -1.43628e-12 0)
(-2.68116e-13 -1.85981e-12 0)
(-4.34425e-13 -2.21116e-12 0)
(-6.29594e-13 -2.49852e-12 0)
(-8.50219e-13 -2.72751e-12 0)
(-1.08989e-12 -2.90357e-12 0)
(-1.34404e-12 -3.03161e-12 0)
(-1.60883e-12 -3.11552e-12 0)
(-1.87998e-12 -3.159e-12 0)
(-2.15377e-12 -3.16512e-12 0)
(-2.42722e-12 -3.13683e-12 0)
(-2.69689e-12 -3.07683e-12 0)
(-2.96038e-12 -2.98754e-12 0)
(-3.21497e-12 -2.87145e-12 0)
(-3.45855e-12 -2.73061e-12 0)
(-3.68867e-12 -2.56741e-12 0)
(-3.90381e-12 -2.38365e-12 0)
(-4.10202e-12 -2.18168e-12 0)
(-4.28201e-12 -1.9631e-12 0)
(-4.44217e-12 -1.73039e-12 0)
(-4.58155e-12 -1.48478e-12 0)
(-4.699e-12 -1.22902e-12 0)
(-4.79382e-12 -9.63946e-13 0)
(-4.86516e-12 -6.92536e-13 0)
(-4.91282e-12 -4.15379e-13 0)
(-4.93643e-12 -1.3584e-13 0)
(-4.93608e-12 1.45533e-13 0)
(-4.91171e-12 4.25033e-13 0)
(-4.86355e-12 7.02261e-13 0)
(-4.79182e-12 9.73403e-13 0)
(-4.69695e-12 1.23835e-12 0)
(-4.5795e-12 1.4932e-12 0)
(-4.44026e-12 1.73816e-12 0)
(-4.28013e-12 1.96929e-12 0)
(-4.10024e-12 2.18696e-12 0)
(-3.90212e-12 2.38697e-12 0)
(-3.68715e-12 2.56959e-12 0)
(-3.45709e-12 2.73062e-12 0)
(-3.21368e-12 2.87031e-12 0)
(-2.9592e-12 2.98439e-12 0)
(-2.69576e-12 3.07285e-12 0)
(-2.42626e-12 3.13125e-12 0)
(-2.15302e-12 3.15902e-12 0)
(-1.87951e-12 3.15158e-12 0)
(-1.60851e-12 3.10796e-12 0)
(-1.34308e-12 3.02333e-12 0)
(-1.08964e-12 2.89531e-12 0)
(-8.51073e-13 2.71834e-12 0)
(-6.26277e-13 2.49103e-12 0)
(-4.34143e-13 2.20279e-12 0)
(-2.73676e-13 1.85122e-12 0)
(-1.33542e-13 1.43006e-12 0)
(-4.80975e-14 9.28539e-13 0)
(-3.60765e-16 3.4794e-13 0)
(-7.30235e-16 -3.23054e-13 0)
(-5.8059e-14 -8.58067e-13 0)
(-1.60088e-13 -1.3154e-12 0)
(-3.14631e-13 -1.69891e-12 0)
(-5.07668e-13 -2.01583e-12 0)
(-7.34696e-13 -2.27391e-12 0)
(-9.8982e-13 -2.47976e-12 0)
(-1.26635e-12 -2.6375e-12 0)
(-1.55923e-12 -2.75236e-12 0)
(-1.86402e-12 -2.82716e-12 0)
(-2.17557e-12 -2.86617e-12 0)
(-2.48998e-12 -2.87078e-12 0)
(-2.80374e-12 -2.8454e-12 0)
(-3.11328e-12 -2.79017e-12 0)
(-3.41547e-12 -2.70998e-12 0)
(-3.70743e-12 -2.6038e-12 0)
(-3.98661e-12 -2.47725e-12 0)
(-4.25065e-12 -2.32805e-12 0)
(-4.4973e-12 -2.16288e-12 0)
(-4.72464e-12 -1.97826e-12 0)
(-4.93101e-12 -1.78185e-12 0)
(-5.11472e-12 -1.56898e-12 0)
(-5.27462e-12 -1.34841e-12 0)
(-5.40934e-12 -1.11432e-12 0)
(-5.51804e-12 -8.76352e-13 0)
(-5.59982e-12 -6.27662e-13 0)
(-5.65432e-12 -3.78679e-13 0)
(-5.68124e-12 -1.2198e-13 0)
(-5.68069e-12 1.30787e-13 0)
(-5.65262e-12 3.87606e-13 0)
(-5.59731e-12 6.36161e-13 0)
(-5.51498e-12 8.85046e-13 0)
(-5.40624e-12 1.12192e-12 0)
(-5.27154e-12 1.35601e-12 0)
(-5.11179e-12 1.57478e-12 0)
(-4.928e-12 1.78767e-12 0)
(-4.72175e-12 1.98179e-12 0)
(-4.49454e-12 2.1664e-12 0)
(-4.24803e-12 2.32898e-12 0)
(-3.98408e-12 2.47817e-12 0)
(-3.7049e-12 2.60198e-12 0)
(-3.41287e-12 2.70851e-12 0)
(-3.11069e-12 2.78616e-12 0)
(-2.80146e-12 2.84185e-12 0)
(-2.48807e-12 2.86491e-12 0)
(-2.1736e-12 2.86094e-12 0)
(-1.8622e-12 2.82012e-12 0)
(-1.55841e-12 2.74595e-12 0)
(-1.26472e-12 2.6293e-12 0)
(-9.86878e-13 2.47323e-12 0)
(-7.37199e-13 2.26603e-12 0)
(-5.09362e-13 2.00779e-12 0)
(-3.08902e-13 1.69297e-12 0)
(-1.62687e-13 1.30922e-12 0)
(-6.23329e-14 8.53115e-13 0)
(-4.83328e-16 3.21957e-13 0)
(-9.23567e-16 -2.9299e-13 0)
(-6.78356e-14 -7.69928e-13 0)
(-1.85408e-13 -1.17584e-12 0)
(-3.63046e-13 -1.51284e-12 0)
(-5.84035e-13 -1.79127e-12 0)
(-8.42754e-13 -2.0169e-12 0)
(-1.13257e-12 -2.19621e-12 0)
(-1.44597e-12 -2.33427e-12 0)
(-1.77721e-12 -2.43399e-12 0)
(-2.12143e-12 -2.49961e-12 0)
(-2.47275e-12 -2.53276e-12 0)
(-2.82735e-12 -2.5373e-12 0)
(-3.18063e-12 -2.51376e-12 0)
(-3.52929e-12 -2.46607e-12 0)
(-3.86926e-12 -2.39395e-12 0)
(-4.19815e-12 -2.30176e-12 0)
(-4.51217e-12 -2.18835e-12 0)
(-4.80944e-12 -2.05862e-12 0)
(-5.08684e-12 -1.91058e-12 0)
(-5.34299e-12 -1.74999e-12 0)
(-5.57505e-12 -1.57388e-12 0)
(-5.78216e-12 -1.38876e-12 0)
(-5.96195e-12 -1.19096e-12 0)
(-6.11392e-12 -9.87418e-13 0)
(-6.23614e-12 -7.74031e-13 0)
(-6.32829e-12 -5.57715e-13 0)
(-6.3893e-12 -3.33843e-13 0)
(-6.41971e-12 -1.1013e-13 0)
(-6.41887e-12 1.17702e-13 0)
(-6.38739e-12 3.41184e-13 0)
(-6.32511e-12 5.64916e-13 0)
(-6.23256e-12 7.80601e-13 0)
(-6.10985e-12 9.93588e-13 0)
(-5.95798e-12 1.19605e-12 0)
(-5.77775e-12 1.39327e-12 0)
(-5.57069e-12 1.5772e-12 0)
(-5.33838e-12 1.7528e-12 0)
(-5.08232e-12 1.91238e-12 0)
(-4.80488e-12 2.05981e-12 0)
(-4.50772e-12 2.18827e-12 0)
(-4.19354e-12 2.30138e-12 0)
(-3.86465e-12 2.3924e-12 0)
(-3.52483e-12 2.46431e-12 0)
(-3.17648e-12 2.51084e-12 0)
(-2.82363e-12 2.53414e-12 0)
(-2.46931e-12 2.52863e-12 0)
(-2.11874e-12 2.49506e-12 0)
(-1.77453e-12 2.42859e-12 0)
(-1.44372e-12 2.32902e-12 0)
(-1.13181e-12 2.18999e-12 0)
(-8.40543e-13 2.01023e-12 0)
(-5.82327e-13 1.78723e-12 0)
(-3.68207e-13 1.50634e-12 0)
(-1.84269e-13 1.17062e-12 0)
(-6.52739e-14 7.6723e-13 0)
(-8.27719e-16 2.91815e-13 0)
(-2.32779e-15 -2.57533e-13 0)
(-7.74302e-14 -6.68671e-13 0)
(-2.13033e-13 -1.0154e-12 0)
(-4.1477e-13 -1.30003e-12 0)
(-6.64346e-13 -1.53476e-12 0)
(-9.54419e-13 -1.72454e-12 0)
(-1.27922e-12 -1.87529e-12 0)
(-1.62899e-12 -1.99148e-12 0)
(-1.99812e-12 -2.07534e-12 0)
(-2.38091e-12 -2.13054e-12 0)
(-2.77169e-12 -2.15826e-12 0)
(-3.16519e-12 -2.16197e-12 0)
(-3.55765e-12 -2.14158e-12 0)
(-3.94425e-12 -2.10123e-12 0)
(-4.32184e-12 -2.03954e-12 0)
(-4.68624e-12 -1.96153e-12 0)
(-5.03496e-12 -1.86443e-12 0)
(-5.36433e-12 -1.75462e-12 0)
(-5.67253e-12 -1.62786e-12 0)
(-5.95625e-12 -1.49185e-12 0)
(-6.2142e-12 -1.3409e-12 0)
(-6.44365e-12 -1.18419e-12 0)
(-6.64362e-12 -1.01457e-12 0)
(-6.81212e-12 -8.42814e-13 0)
(-6.94818e-12 -6.59909e-13 0)
(-7.05014e-12 -4.77451e-13 0)
(-7.118e-12 -2.84603e-13 0)
(-7.15131e-12 -9.50023e-14 0)
(-7.15061e-12 1.0193e-13 0)
(-7.11554e-12 2.90875e-13 0)
(-7.04655e-12 4.83395e-13 0)
(-6.94361e-12 6.64034e-13 0)
(-6.8073e-12 8.46839e-13 0)
(-6.63836e-12 1.01665e-12 0)
(-6.43808e-12 1.18712e-12 0)
(-6.20796e-12 1.3416e-12 0)
(-5.94953e-12 1.49402e-12 0)
(-5.66571e-12 1.62744e-12 0)
(-5.35767e-12 1.756e-12 0)
(-5.02797e-12 1.86354e-12 0)
(-4.67914e-12 1.96277e-12 0)
(-4.31468e-12 2.03795e-12 0)
(-3.93729e-12 2.10157e-12 0)
(-3.55135e-12 2.13906e-12 0)
(-3.15949e-12 2.16119e-12 0)
(-2.7666e-12 2.15465e-12 0)
(-2.37642e-12 2.12878e-12 0)
(-1.99474e-12 2.07109e-12 0)
(-1.62568e-12 1.98832e-12 0)
(-1.27599e-12 1.87049e-12 0)
(-9.53912e-13 1.72218e-12 0)
(-6.65967e-13 1.52928e-12 0)
(-4.11261e-13 1.29641e-12 0)
(-2.13795e-13 1.01364e-12 0)
(-8.06361e-14 6.65076e-13 0)
(-2.10411e-15 2.56504e-13 0)
(-1.09616e-15 -2.16637e-13 0)
(-9.00974e-14 -5.53129e-13 0)
(-2.4279e-13 -8.31894e-13 0)
(-4.68953e-13 -1.06038e-12 0)
(-7.48156e-13 -1.24649e-12 0)
(-1.0703e-12 -1.39797e-12 0)
(-1.42952e-12 -1.51844e-12 0)
(-1.81536e-12 -1.61031e-12 0)
(-2.22161e-12 -1.67805e-12 0)
(-2.64241e-12 -1.72138e-12 0)
(-3.07151e-12 -1.74443e-12 0)
(-3.50354e-12 -1.74603e-12 0)
(-3.93417e-12 -1.73113e-12 0)
(-4.35835e-12 -1.69672e-12 0)
(-4.77243e-12 -1.64916e-12 0)
(-5.17216e-12 -1.58365e-12 0)
(-5.55461e-12 -1.50829e-12 0)
(-5.91595e-12 -1.41623e-12 0)
(-6.25391e-12 -1.31767e-12 0)
(-6.56524e-12 -1.20342e-12 0)
(-6.84816e-12 -1.0861e-12 0)
(-7.10001e-12 -9.54254e-13 0)
(-7.31977e-12 -8.22789e-13 0)
(-7.50499e-12 -6.78123e-13 0)
(-7.65465e-12 -5.37132e-13 0)
(-7.76655e-12 -3.83415e-13 0)
(-7.84092e-12 -2.34272e-13 0)
(-7.87756e-12 -7.30552e-14 0)
(-7.87699e-12 7.90203e-14 0)
(-7.83885e-12 2.39633e-13 0)
(-7.76365e-12 3.86465e-13 0)
(-7.65045e-12 5.39424e-13 0)
(-7.49974e-12 6.77886e-13 0)
(-7.31301e-12 8.23153e-13 0)
(-7.09247e-12 9.52519e-13 0)
(-6.83949e-12 1.08624e-12 0)
(-6.55622e-12 1.20136e-12 0)
(-6.2443e-12 1.31799e-12 0)
(-5.90573e-12 1.41489e-12 0)
(-5.54403e-12 1.50986e-12 0)
(-5.16197e-12 1.58298e-12 0)
(-4.76254e-12 1.65131e-12 0)
(-4.34882e-12 1.69594e-12 0)
(-3.92542e-12 1.73258e-12 0)
(-3.4956e-12 1.74469e-12 0)
(-3.06424e-12 1.74522e-12 0)
(-2.63612e-12 1.71953e-12 0)
(-2.21676e-12 1.67787e-12 0)
(-1.81081e-12 1.60842e-12 0)
(-1.42591e-12 1.51797e-12 0)
(-1.06756e-12 1.39572e-12 0)
(-7.47393e-13 1.24603e-12 0)
(-4.71021e-13 1.05996e-12 0)
(-2.43201e-13 8.27993e-13 0)
(-8.95947e-14 5.53032e-13 0)
(-1.13054e-15 2.15187e-13 0)
(-4.53099e-15 -1.6838e-13 0)
(-1.03934e-13 -4.19113e-13 0)
(-2.77563e-13 -6.23372e-13 0)
(-5.29248e-13 -7.91505e-13 0)
(-8.36803e-13 -9.27386e-13 0)
(-1.19134e-12 -1.0387e-12 0)
(-1.58334e-12 -1.12714e-12 0)
(-2.00472e-12 -1.1952e-12 0)
(-2.44744e-12 -1.24474e-12 0)
(-2.90546e-12 -1.27723e-12 0)
(-3.37199e-12 -1.29367e-12 0)
(-3.84219e-12 -1.29567e-12 0)
(-4.30999e-12 -1.28376e-12 0)
(-4.77151e-12 -1.25938e-12 0)
(-5.22126e-12 -1.22295e-12 0)
(-5.65629e-12 -1.17586e-12 0)
(-6.07153e-12 -1.11841e-12 0)
(-6.46489e-12 -1.05195e-12 0)
(-6.83176e-12 -9.76814e-13 0)
(-7.17077e-12 -8.94352e-13 0)
(-7.47795e-12 -8.0479e-13 0)
(-7.75243e-12 -7.09623e-13 0)
(-7.99078e-12 -6.0919e-13 0)
(-8.19297e-12 -5.04982e-13 0)
(-8.35594e-12 -3.97937e-13 0)
(-8.47896e-12 -2.87858e-13 0)
(-8.56045e-12 -1.73522e-13 0)
(-8.60156e-12 -5.65057e-14 0)
(-8.60105e-12 6.09602e-14 0)
(-8.55973e-12 1.77148e-13 0)
(-8.4766e-12 2.90222e-13 0)
(-8.35222e-12 3.99107e-13 0)
(-8.18696e-12 5.05267e-13 0)
(-7.98319e-12 6.09193e-13 0)
(-7.74257e-12 7.093e-13 0)
(-7.46693e-12 8.04582e-13 0)
(-7.15828e-12 8.93776e-13 0)
(-6.81824e-12 9.76859e-13 0)
(-6.45073e-12 1.05175e-12 0)
(-6.05745e-12 1.11908e-12 0)
(-5.6422e-12 1.17626e-12 0)
(-5.2079e-12 1.22373e-12 0)
(-4.75914e-12 1.25944e-12 0)
(-4.29844e-12 1.28411e-12 0)
(-3.83172e-12 1.29527e-12 0)
(-3.36246e-12 1.29362e-12 0)
(-2.89756e-12 1.27631e-12 0)
(-2.44035e-12 1.24429e-12 0)
(-1.99864e-12 1.19407e-12 0)
(-1.5782e-12 1.12654e-12 0)
(-1.18938e-12 1.03798e-12 0)
(-8.35989e-13 9.26597e-13 0)
(-5.29443e-13 7.89884e-13 0)
(-2.7917e-13 6.2375e-13 0)
(-1.06389e-13 4.17223e-13 0)
(-4.7852e-15 1.67634e-13 0)
(-5.16292e-15 -1.08295e-13 0)
(-1.26399e-13 -2.62449e-13 0)
(-3.1979e-13 -3.89819e-13 0)
(-5.96931e-13 -4.91535e-13 0)
(-9.32345e-13 -5.76253e-13 0)
(-1.31721e-12 -6.45487e-13 0)
(-1.74202e-12 -7.00494e-13 0)
(-2.19707e-12 -7.4304e-13 0)
(-2.67517e-12 -7.73595e-13 0)
(-3.16939e-12 -7.94223e-13 0)
(-3.67325e-12 -8.04254e-13 0)
(-4.18038e-12 -8.06005e-13 0)
(-4.6857e-12 -7.98038e-13 0)
(-5.18347e-12 -7.83604e-13 0)
(-5.66944e-12 -7.60156e-13 0)
(-6.13864e-12 -7.31817e-13 0)
(-6.58752e-12 -6.94892e-13 0)
(-7.01177e-12 -6.54921e-13 0)
(-7.40862e-12 -6.06672e-13 0)
(-7.77423e-12 -5.57177e-13 0)
(-8.1065e-12 -4.99732e-13 0)
(-8.40238e-12 -4.42877e-13 0)
(-8.66022e-12 -3.7845e-13 0)
(-8.87767e-12 -3.1671e-13 0)
(-9.05454e-12 -2.50402e-13 0)
(-9.18902e-12 -1.87728e-13 0)
(-9.2804e-12 -1.13229e-13 0)
(-9.32576e-12 -3.95295e-14 0)
(-9.32556e-12 4.17757e-14 0)
(-9.27918e-12 1.15183e-13 0)
(-9.18685e-12 1.90257e-13 0)
(-9.05028e-12 2.52583e-13 0)
(-8.87081e-12 3.20279e-13 0)
(-8.6504e-12 3.80823e-13 0)
(-8.39064e-12 4.46281e-13 0)
(-8.09304e-12 5.01264e-13 0)
(-7.7594e-12 5.59957e-13 0)
(-7.39268e-12 6.07282e-13 0)
(-6.99469e-12 6.56838e-13 0)
(-6.56992e-12 6.94366e-13 0)
(-6.12192e-12 7.32492e-13 0)
(-5.65366e-12 7.58215e-13 0)
(-5.16838e-12 7.83509e-13 0)
(-4.67171e-12 7.95706e-13 0)
(-4.16754e-12 8.05317e-13 0)
(-3.66168e-12 8.01468e-13 0)
(-3.15922e-12 7.9309e-13 0)
(-2.66683e-12 7.70748e-13 0)
(-2.18967e-12 7.41429e-13 0)
(-1.73576e-12 6.97459e-13 0)
(-1.31319e-12 6.43502e-13 0)
(-9.31779e-13 5.74346e-13 0)
(-5.97873e-13 4.90234e-13 0)
(-3.21204e-13 3.88342e-13 0)
(-1.28661e-13 2.61367e-13 0)
(-5.00894e-15 1.08096e-13 0)
(-1.83254e-14 -3.78868e-14 0)
(-1.42738e-13 -9.14242e-14 0)
(-3.60944e-13 -1.34938e-13 0)
(-6.63996e-13 -1.72186e-13 0)
(-1.02813e-12 -2.00315e-13 0)
(-1.44222e-12 -2.24004e-13 0)
(-1.89812e-12 -2.43018e-13 0)
(-2.3868e-12 -2.57825e-13 0)
(-2.90016e-12 -2.68763e-13 0)
(-3.43069e-12 -2.7572e-13 0)
(-3.9713e-12 -2.79294e-13 0)
(-4.51579e-12 -2.79738e-13 0)
(-5.05816e-12 -2.77319e-13 0)
(-5.5929e-12 -2.71913e-13 0)
(-6.11469e-12 -2.64088e-13 0)
(-6.61892e-12 -2.53784e-13 0)
(-7.10111e-12 -2.41586e-13 0)
(-7.55728e-12 -2.27003e-13 0)
(-7.98359e-12 -2.11064e-13 0)
(-8.3769e-12 -1.93014e-13 0)
(-8.73409e-12 -1.74015e-13 0)
(-9.05273e-12 -1.53028e-13 0)
(-9.33043e-12 -1.31302e-13 0)
(-9.5637e-12 -1.03566e-13 0)
(-9.75217e-12 -7.50164e-14 0)
(-9.89685e-12 -4.84394e-14 0)
(-9.9961e-12 -2.43083e-14 0)
(-1.00445e-11 -5.58358e-15 0)
(-1.00435e-11 6.91856e-15 0)
(-9.99334e-12 2.57955e-14 0)
(-9.892e-12 4.97995e-14 0)
(-9.74522e-12 7.66013e-14 0)
(-9.5547e-12 1.04865e-13 0)
(-9.31937e-12 1.3241e-13 0)
(-9.03986e-12 1.53785e-13 0)
(-8.71962e-12 1.74929e-13 0)
(-8.36104e-12 1.93467e-13 0)
(-7.96655e-12 2.11686e-13 0)
(-7.53974e-12 2.26786e-13 0)
(-7.08355e-12 2.41695e-13 0)
(-6.60128e-12 2.53498e-13 0)
(-6.09719e-12 2.64167e-13 0)
(-5.57612e-12 2.71029e-13 0)
(-5.04245e-12 2.76774e-13 0)
(-4.50125e-12 2.7869e-13 0)
(-3.95804e-12 2.78623e-13 0)
(-3.41904e-12 2.74282e-13 0)
(-2.89015e-12 2.67912e-13 0)
(-2.37831e-12 2.56746e-13 0)
(-1.89148e-12 2.41987e-13 0)
(-1.43765e-12 2.22668e-13 0)
(-1.02504e-12 1.99299e-13 0)
(-6.6228e-13 1.71172e-13 0)
(-3.61051e-13 1.33998e-13 0)
(-1.435e-13 9.20037e-14 0)
(-1.85191e-14 3.81362e-14 0)
)
;

boundaryField
{
    top
    {
        type            slip;
    }
    bottom
    {
        type            slip;
    }
    rotatingWall
    {
        type            rotatingWallVelocity;
        origin          (0 0 0);
        axis            (0 1 0);
        omega           constant 1140;
        value           uniform (0 0 0);
    }
    wall
    {
        type            rotatingWallVelocity;
        origin          (0 0 0);
        axis            (0 1 0);
        omega           constant 0;
        value           uniform (0 -0 -0);
    }
    frontAndBack
    {
        type            empty;
    }
}


// ************************************************************************* //
