/*--------------------------------*- C++ -*----------------------------------*\
| =========                 |                                                 |
| \\      /  F ield         | OpenFOAM: The Open Source CFD Toolbox           |
|  \\    /   O peration     | Version:  5.0                                   |
|   \\  /    A nd           | Web:      www.OpenFOAM.org                      |
|    \\/     M anipulation  |                                                 |
\*---------------------------------------------------------------------------*/
FoamFile
{
    version     2.0;
    format      ascii;
    class       volVectorField;
    location    "183";
    object      U;
}
// * * * * * * * * * * * * * * * * * * * * * * * * * * * * * * * * * * * * * //

dimensions      [0 1 -1 0 0 0 0];

internalField   nonuniform List<vector> 
1568
(
(-8.27904e-14 -5.91756e-13 0)
(-3.97411e-13 1.60122e-12 0)
(6.16445e-12 -6.90883e-12 0)
(1.77312e-11 -6.17536e-12 0)
(2.5649e-11 -4.03197e-12 0)
(3.59129e-11 -6.63529e-12 0)
(4.90489e-11 -7.04779e-12 0)
(6.1953e-11 -6.86859e-12 0)
(7.52336e-11 -7.29781e-12 0)
(8.93012e-11 -7.57355e-12 0)
(1.03546e-10 -7.59334e-12 0)
(1.17719e-10 -7.53413e-12 0)
(1.31788e-10 -7.39896e-12 0)
(1.45596e-10 -7.20277e-12 0)
(1.5897e-10 -6.97221e-12 0)
(1.71799e-10 -6.66678e-12 0)
(1.8395e-10 -6.29724e-12 0)
(1.95333e-10 -5.90498e-12 0)
(2.05858e-10 -5.44738e-12 0)
(2.15439e-10 -4.94257e-12 0)
(2.23994e-10 -4.37848e-12 0)
(2.31503e-10 -3.81578e-12 0)
(2.37873e-10 -3.08936e-12 0)
(2.43034e-10 -2.27196e-12 0)
(2.4703e-10 -1.48882e-12 0)
(2.49897e-10 -8.45592e-13 0)
(2.51519e-10 -2.63149e-13 0)
(2.51871e-10 8.14035e-14 0)
(2.50908e-10 5.64474e-13 0)
(2.48648e-10 1.07065e-12 0)
(2.45245e-10 1.73281e-12 0)
(2.40785e-10 2.4522e-12 0)
(2.35254e-10 3.27641e-12 0)
(2.28647e-10 3.82569e-12 0)
(2.21059e-10 4.39701e-12 0)
(2.12563e-10 4.81882e-12 0)
(2.03193e-10 5.31172e-12 0)
(1.93006e-10 5.6728e-12 0)
(1.82126e-10 6.06743e-12 0)
(1.70582e-10 6.3523e-12 0)
(1.58471e-10 6.6242e-12 0)
(1.45927e-10 6.77272e-12 0)
(1.33066e-10 6.93022e-12 0)
(1.19967e-10 7.00512e-12 0)
(1.06782e-10 7.04446e-12 0)
(9.36487e-11 6.96999e-12 0)
(8.07135e-11 6.85674e-12 0)
(6.80957e-11 6.62962e-12 0)
(5.59534e-11 6.33918e-12 0)
(4.44801e-11 5.92769e-12 0)
(3.3774e-11 5.46454e-12 0)
(2.4006e-11 4.9123e-12 0)
(1.59052e-11 4.05638e-12 0)
(8.54273e-12 3.91244e-12 0)
(3.10279e-12 2.08732e-12 0)
(4.90946e-13 8.73718e-13 0)
(3.53008e-12 -4.54372e-12 0)
(8.56012e-13 -9.28778e-12 0)
(9.46254e-12 -1.09986e-11 0)
(1.25e-11 -1.24491e-11 0)
(2.35314e-11 -1.63628e-11 0)
(3.35612e-11 -1.77513e-11 0)
(4.44659e-11 -1.88846e-11 0)
(5.68412e-11 -1.99663e-11 0)
(6.93815e-11 -2.0734e-11 0)
(8.22663e-11 -2.11709e-11 0)
(9.5399e-11 -2.1285e-11 0)
(1.08667e-10 -2.1223e-11 0)
(1.21776e-10 -2.09506e-11 0)
(1.3458e-10 -2.04361e-11 0)
(1.47025e-10 -1.96837e-11 0)
(1.58937e-10 -1.87836e-11 0)
(1.70236e-10 -1.76912e-11 0)
(1.80831e-10 -1.64577e-11 0)
(1.90633e-10 -1.50723e-11 0)
(1.99551e-10 -1.36111e-11 0)
(2.07535e-10 -1.20284e-11 0)
(2.14506e-10 -1.03884e-11 0)
(2.20465e-10 -8.65621e-12 0)
(2.25361e-10 -7.00364e-12 0)
(2.29197e-10 -5.31974e-12 0)
(2.31897e-10 -3.54685e-12 0)
(2.33427e-10 -1.58955e-12 0)
(2.33721e-10 4.26268e-13 0)
(2.32871e-10 2.47529e-12 0)
(2.30853e-10 4.37469e-12 0)
(2.2771e-10 6.11607e-12 0)
(2.23543e-10 7.67494e-12 0)
(2.18462e-10 9.24792e-12 0)
(2.12437e-10 1.07455e-11 0)
(2.05448e-10 1.22155e-11 0)
(1.9755e-10 1.3561e-11 0)
(1.88846e-10 1.48277e-11 0)
(1.79425e-10 1.59271e-11 0)
(1.69277e-10 1.69308e-11 0)
(1.5857e-10 1.77722e-11 0)
(1.47346e-10 1.84964e-11 0)
(1.35639e-10 1.9038e-11 0)
(1.23599e-10 1.94545e-11 0)
(1.11405e-10 1.96461e-11 0)
(9.9115e-11 1.9683e-11 0)
(8.68825e-11 1.95152e-11 0)
(7.47949e-11 1.91546e-11 0)
(6.30312e-11 1.85664e-11 0)
(5.17554e-11 1.77542e-11 0)
(4.10293e-11 1.66643e-11 0)
(3.10397e-11 1.54211e-11 0)
(2.21215e-11 1.35931e-11 0)
(1.39875e-11 1.15986e-11 0)
(7.92494e-12 9.1796e-12 0)
(3.2035e-12 6.10739e-12 0)
(2.29244e-13 2.64229e-12 0)
(-2.80341e-13 -6.63282e-12 0)
(8.5581e-13 -1.01781e-11 0)
(5.59022e-12 -1.93544e-11 0)
(1.4331e-11 -2.24768e-11 0)
(2.03717e-11 -2.58809e-11 0)
(2.96845e-11 -2.93108e-11 0)
(4.06877e-11 -3.10558e-11 0)
(5.16992e-11 -3.27093e-11 0)
(6.30542e-11 -3.39954e-11 0)
(7.51817e-11 -3.47048e-11 0)
(8.74418e-11 -3.49082e-11 0)
(9.9557e-11 -3.47536e-11 0)
(1.11638e-10 -3.42592e-11 0)
(1.23534e-10 -3.34074e-11 0)
(1.35021e-10 -3.22549e-11 0)
(1.46048e-10 -3.0794e-11 0)
(1.56523e-10 -2.90532e-11 0)
(1.66344e-10 -2.70731e-11 0)
(1.75421e-10 -2.48611e-11 0)
(1.83701e-10 -2.24564e-11 0)
(1.91114e-10 -1.9872e-11 0)
(1.97622e-10 -1.71597e-11 0)
(2.03172e-10 -1.43211e-11 0)
(2.07743e-10 -1.14576e-11 0)
(2.11263e-10 -8.52712e-12 0)
(2.13722e-10 -5.55925e-12 0)
(2.15121e-10 -2.47256e-12 0)
(2.15462e-10 6.00778e-13 0)
(2.14732e-10 3.72894e-12 0)
(2.12966e-10 6.72518e-12 0)
(2.10212e-10 9.70001e-12 0)
(2.06472e-10 1.25095e-11 0)
(2.0176e-10 1.52937e-11 0)
(1.96137e-10 1.78431e-11 0)
(1.89664e-10 2.02909e-11 0)
(1.82391e-10 2.24655e-11 0)
(1.74348e-10 2.45336e-11 0)
(1.65597e-10 2.63109e-11 0)
(1.56247e-10 2.7913e-11 0)
(1.46307e-10 2.92341e-11 0)
(1.35869e-10 3.03498e-11 0)
(1.25068e-10 3.11856e-11 0)
(1.13971e-10 3.18286e-11 0)
(1.02649e-10 3.21765e-11 0)
(9.12655e-11 3.22682e-11 0)
(7.99031e-11 3.20271e-11 0)
(6.87047e-11 3.146e-11 0)
(5.778e-11 3.04968e-11 0)
(4.72688e-11 2.9187e-11 0)
(3.74485e-11 2.73922e-11 0)
(2.809e-11 2.51605e-11 0)
(1.97194e-11 2.25253e-11 0)
(1.29748e-11 1.90245e-11 0)
(6.60733e-12 1.49406e-11 0)
(2.26835e-12 9.94885e-12 0)
(7.47929e-14 4.03057e-12 0)
(-1.24125e-12 -5.36592e-12 0)
(2.9227e-12 -1.72555e-11 0)
(5.99163e-12 -2.24297e-11 0)
(1.14046e-11 -3.00238e-11 0)
(1.85381e-11 -3.49438e-11 0)
(2.69338e-11 -3.83984e-11 0)
(3.66873e-11 -4.12298e-11 0)
(4.65944e-11 -4.36876e-11 0)
(5.71312e-11 -4.52991e-11 0)
(6.82029e-11 -4.61563e-11 0)
(7.93609e-11 -4.65588e-11 0)
(9.0547e-11 -4.63916e-11 0)
(1.01647e-10 -4.57114e-11 0)
(1.12499e-10 -4.45912e-11 0)
(1.23064e-10 -4.3047e-11 0)
(1.33214e-10 -4.10769e-11 0)
(1.42836e-10 -3.87737e-11 0)
(1.51875e-10 -3.61131e-11 0)
(1.6026e-10 -3.31826e-11 0)
(1.67902e-10 -2.99697e-11 0)
(1.74749e-10 -2.65528e-11 0)
(1.80749e-10 -2.29192e-11 0)
(1.85871e-10 -1.91786e-11 0)
(1.90062e-10 -1.53008e-11 0)
(1.93299e-10 -1.1397e-11 0)
(1.95566e-10 -7.36207e-12 0)
(1.96868e-10 -3.3078e-12 0)
(1.97219e-10 8.10047e-13 0)
(1.9664e-10 4.85468e-12 0)
(1.95142e-10 8.89002e-12 0)
(1.92671e-10 1.27669e-11 0)
(1.89244e-10 1.65593e-11 0)
(1.84935e-10 2.01417e-11 0)
(1.79783e-10 2.35977e-11 0)
(1.73805e-10 2.67878e-11 0)
(1.67076e-10 2.97965e-11 0)
(1.59673e-10 3.24837e-11 0)
(1.51618e-10 3.4968e-11 0)
(1.42969e-10 3.71061e-11 0)
(1.33837e-10 3.89618e-11 0)
(1.24287e-10 4.04714e-11 0)
(1.14353e-10 4.17081e-11 0)
(1.04144e-10 4.25512e-11 0)
(9.3773e-11 4.30862e-11 0)
(8.33088e-11 4.31925e-11 0)
(7.28618e-11 4.29017e-11 0)
(6.25168e-11 4.2134e-11 0)
(5.24877e-11 4.08821e-11 0)
(4.28665e-11 3.9071e-11 0)
(3.37155e-11 3.67287e-11 0)
(2.54006e-11 3.37043e-11 0)
(1.77628e-11 3.00306e-11 0)
(1.0814e-11 2.5397e-11 0)
(6.01422e-12 1.99388e-11 0)
(2.27762e-12 1.30465e-11 0)
(1.57917e-13 5.1942e-12 0)
(8.12222e-13 -6.76004e-12 0)
(1.44248e-12 -1.83457e-11 0)
(5.60709e-12 -2.82342e-11 0)
(1.03854e-11 -3.54326e-11 0)
(1.66099e-11 -4.16561e-11 0)
(2.42888e-11 -4.614e-11 0)
(3.27827e-11 -4.99183e-11 0)
(4.16106e-11 -5.29154e-11 0)
(5.12288e-11 -5.48789e-11 0)
(6.13047e-11 -5.60554e-11 0)
(7.14124e-11 -5.65538e-11 0)
(8.15246e-11 -5.63961e-11 0)
(9.15774e-11 -5.56204e-11 0)
(1.01478e-10 -5.42563e-11 0)
(1.11095e-10 -5.23265e-11 0)
(1.20318e-10 -4.99435e-11 0)
(1.29093e-10 -4.70901e-11 0)
(1.37338e-10 -4.38518e-11 0)
(1.44964e-10 -4.02494e-11 0)
(1.51936e-10 -3.63719e-11 0)
(1.58193e-10 -3.22085e-11 0)
(1.63678e-10 -2.78475e-11 0)
(1.68352e-10 -2.32864e-11 0)
(1.72176e-10 -1.86136e-11 0)
(1.75126e-10 -1.37961e-11 0)
(1.77205e-10 -8.92361e-12 0)
(1.7841e-10 -3.96455e-12 0)
(1.7876e-10 9.78433e-13 0)
(1.78263e-10 5.90183e-12 0)
(1.76922e-10 1.06865e-11 0)
(1.74733e-10 1.53417e-11 0)
(1.7167e-10 1.98217e-11 0)
(1.67754e-10 2.41511e-11 0)
(1.63051e-10 2.82522e-11 0)
(1.57621e-10 3.21429e-11 0)
(1.5151e-10 3.57775e-11 0)
(1.44767e-10 3.91457e-11 0)
(1.37441e-10 4.21702e-11 0)
(1.29574e-10 4.48897e-11 0)
(1.2124e-10 4.72326e-11 0)
(1.1253e-10 4.91984e-11 0)
(1.03511e-10 5.07301e-11 0)
(9.42484e-11 5.18677e-11 0)
(8.47991e-11 5.251e-11 0)
(7.52627e-11 5.26731e-11 0)
(6.5751e-11 5.22964e-11 0)
(5.63607e-11 5.13655e-11 0)
(4.72015e-11 4.98303e-11 0)
(3.84478e-11 4.76613e-11 0)
(3.03054e-11 4.47356e-11 0)
(2.25618e-11 4.10068e-11 0)
(1.56072e-11 3.64589e-11 0)
(1.02246e-11 3.0917e-11 0)
(4.93088e-12 2.40157e-11 0)
(1.5591e-12 1.57293e-11 0)
(-8.17532e-14 6.10296e-12 0)
(1.21833e-13 -8.28391e-12 0)
(1.54141e-12 -2.06609e-11 0)
(4.75045e-12 -3.18145e-11 0)
(9.31987e-12 -4.06926e-11 0)
(1.49073e-11 -4.78696e-11 0)
(2.1644e-11 -5.34945e-11 0)
(2.8942e-11 -5.82051e-11 0)
(3.68477e-11 -6.16966e-11 0)
(4.5494e-11 -6.39865e-11 0)
(5.44239e-11 -6.54442e-11 0)
(6.34181e-11 -6.61038e-11 0)
(7.24975e-11 -6.59537e-11 0)
(8.15525e-11 -6.50338e-11 0)
(9.04512e-11 -6.34244e-11 0)
(9.90875e-11 -6.12039e-11 0)
(1.07388e-10 -5.84016e-11 0)
(1.15283e-10 -5.50735e-11 0)
(1.22692e-10 -5.12911e-11 0)
(1.29553e-10 -4.71023e-11 0)
(1.35817e-10 -4.2549e-11 0)
(1.41442e-10 -3.77031e-11 0)
(1.46375e-10 -3.26005e-11 0)
(1.50582e-10 -2.72894e-11 0)
(1.54038e-10 -2.18052e-11 0)
(1.56711e-10 -1.61885e-11 0)
(1.58595e-10 -1.04712e-11 0)
(1.59705e-10 -4.70945e-12 0)
(1.60038e-10 1.0626e-12 0)
(1.59601e-10 6.76903e-12 0)
(1.584e-10 1.23765e-11 0)
(1.56426e-10 1.78129e-11 0)
(1.53683e-10 2.30595e-11 0)
(1.50201e-10 2.80988e-11 0)
(1.46012e-10 3.29257e-11 0)
(1.41161e-10 3.749e-11 0)
(1.35687e-10 4.17643e-11 0)
(1.29627e-10 4.57059e-11 0)
(1.23039e-10 4.92835e-11 0)
(1.15974e-10 5.24659e-11 0)
(1.08495e-10 5.52414e-11 0)
(1.00665e-10 5.75658e-11 0)
(9.25504e-11 5.94097e-11 0)
(8.42035e-11 6.07272e-11 0)
(7.56998e-11 6.14928e-11 0)
(6.71398e-11 6.16774e-11 0)
(5.85942e-11 6.12492e-11 0)
(5.01517e-11 6.01454e-11 0)
(4.20075e-11 5.83297e-11 0)
(3.41816e-11 5.57662e-11 0)
(2.67249e-11 5.23196e-11 0)
(2.01226e-11 4.78987e-11 0)
(1.41088e-11 4.25137e-11 0)
(8.38011e-12 3.58693e-11 0)
(4.59296e-12 2.77581e-11 0)
(1.83839e-12 1.82727e-11 0)
(8.85679e-14 6.87598e-12 0)
(-2.63525e-13 -8.52842e-12 0)
(1.70283e-12 -2.28372e-11 0)
(4.29602e-12 -3.49055e-11 0)
(8.24706e-12 -4.5127e-11 0)
(1.31106e-11 -5.34764e-11 0)
(1.88018e-11 -6.02412e-11 0)
(2.51232e-11 -6.56385e-11 0)
(3.21996e-11 -6.95851e-11 0)
(3.98038e-11 -7.23099e-11 0)
(4.7586e-11 -7.40634e-11 0)
(5.55069e-11 -7.48175e-11 0)
(6.35423e-11 -7.46313e-11 0)
(7.1548e-11 -7.36019e-11 0)
(7.94062e-11 -7.18079e-11 0)
(8.70522e-11 -6.93094e-11 0)
(9.44105e-11 -6.6159e-11 0)
(1.014e-10 -6.24266e-11 0)
(1.0796e-10 -5.81674e-11 0)
(1.14041e-10 -5.34436e-11 0)
(1.19595e-10 -4.83065e-11 0)
(1.24574e-10 -4.28197e-11 0)
(1.28951e-10 -3.7037e-11 0)
(1.3269e-10 -3.10058e-11 0)
(1.35758e-10 -2.47809e-11 0)
(1.38136e-10 -1.84154e-11 0)
(1.3982e-10 -1.19436e-11 0)
(1.40812e-10 -5.42279e-12 0)
(1.4112e-10 1.09124e-12 0)
(1.40752e-10 7.54779e-12 0)
(1.39703e-10 1.38883e-11 0)
(1.37968e-10 2.00697e-11 0)
(1.35555e-10 2.6055e-11 0)
(1.32489e-10 3.18078e-11 0)
(1.28792e-10 3.72927e-11 0)
(1.24499e-10 4.24804e-11 0)
(1.19652e-10 4.73211e-11 0)
(1.14286e-10 5.1791e-11 0)
(1.08451e-10 5.58591e-11 0)
(1.02196e-10 5.9488e-11 0)
(9.55713e-11 6.26413e-11 0)
(8.86373e-11 6.52836e-11 0)
(8.14485e-11 6.73784e-11 0)
(7.40621e-11 6.88863e-11 0)
(6.65417e-11 6.97744e-11 0)
(5.89701e-11 6.99956e-11 0)
(5.14179e-11 6.95042e-11 0)
(4.39714e-11 6.8248e-11 0)
(3.67639e-11 6.61706e-11 0)
(2.98718e-11 6.31918e-11 0)
(2.34503e-11 5.92548e-11 0)
(1.7443e-11 5.42343e-11 0)
(1.20533e-11 4.79495e-11 0)
(7.87064e-12 4.03988e-11 0)
(3.82699e-12 3.13337e-11 0)
(1.10606e-12 2.02363e-11 0)
(9.64337e-14 7.6927e-12 0)
(-9.23472e-15 -8.99786e-12 0)
(1.50049e-12 -2.44657e-11 0)
(3.69005e-12 -3.77133e-11 0)
(6.92025e-12 -4.90385e-11 0)
(1.10696e-11 -5.8405e-11 0)
(1.60087e-11 -6.59482e-11 0)
(2.15136e-11 -7.18112e-11 0)
(2.76153e-11 -7.62155e-11 0)
(3.41121e-11 -7.93617e-11 0)
(4.08075e-11 -8.13361e-11 0)
(4.7681e-11 -8.21908e-11 0)
(5.46381e-11 -8.20174e-11 0)
(6.15621e-11 -8.09122e-11 0)
(6.83715e-11 -7.8956e-11 0)
(7.50002e-11 -7.62164e-11 0)
(8.13793e-11 -7.2767e-11 0)
(8.74487e-11 -6.86747e-11 0)
(9.31489e-11 -6.39998e-11 0)
(9.84325e-11 -5.88087e-11 0)
(1.0326e-10 -5.31683e-11 0)
(1.07593e-10 -4.71364e-11 0)
(1.114e-10 -4.07685e-11 0)
(1.14652e-10 -3.41379e-11 0)
(1.17319e-10 -2.72922e-11 0)
(1.19393e-10 -2.02883e-11 0)
(1.20866e-10 -1.31775e-11 0)
(1.21739e-10 -6.01684e-12 0)
(1.22015e-10 1.13982e-12 0)
(1.21697e-10 8.23025e-12 0)
(1.2079e-10 1.51957e-11 0)
(1.19295e-10 2.19881e-11 0)
(1.17208e-10 2.85668e-11 0)
(1.14551e-10 3.48939e-11 0)
(1.11351e-10 4.0926e-11 0)
(1.07631e-10 4.66265e-11 0)
(1.03425e-10 5.1964e-11 0)
(9.87773e-11 5.68943e-11 0)
(9.3722e-11 6.13861e-11 0)
(8.82931e-11 6.53944e-11 0)
(8.25423e-11 6.88836e-11 0)
(7.65231e-11 7.18096e-11 0)
(7.02848e-11 7.41337e-11 0)
(6.38726e-11 7.58099e-11 0)
(5.73443e-11 7.67902e-11 0)
(5.07779e-11 7.70294e-11 0)
(4.42315e-11 7.64782e-11 0)
(3.77772e-11 7.50758e-11 0)
(3.1579e-11 7.27552e-11 0)
(2.56566e-11 6.94541e-11 0)
(2.00188e-11 6.50579e-11 0)
(1.50348e-11 5.9439e-11 0)
(1.05748e-11 5.25894e-11 0)
(6.28558e-12 4.41794e-11 0)
(3.33101e-12 3.39547e-11 0)
(1.31604e-12 2.21599e-11 0)
(2.23077e-15 8.29155e-12 0)
(-4.72123e-15 -9.73627e-12 0)
(1.22008e-12 -2.61493e-11 0)
(3.0364e-12 -4.04867e-11 0)
(5.66548e-12 -5.26152e-11 0)
(9.20093e-12 -6.26318e-11 0)
(1.34032e-11 -7.07225e-11 0)
(1.79983e-11 -7.71084e-11 0)
(2.3059e-11 -8.19794e-11 0)
(2.84989e-11 -8.54535e-11 0)
(3.41248e-11 -8.76014e-11 0)
(3.99012e-11 -8.85536e-11 0)
(4.57714e-11 -8.84045e-11 0)
(5.16157e-11 -8.72395e-11 0)
(5.73586e-11 -8.51454e-11 0)
(6.29563e-11 -8.22049e-11 0)
(6.83479e-11 -7.84897e-11 0)
(7.34791e-11 -7.40781e-11 0)
(7.83001e-11 -6.90415e-11 0)
(8.27671e-11 -6.34495e-11 0)
(8.68508e-11 -5.73649e-11 0)
(9.05221e-11 -5.08619e-11 0)
(9.37429e-11 -4.40028e-11 0)
(9.64918e-11 -3.68522e-11 0)
(9.87548e-11 -2.94711e-11 0)
(1.00513e-10 -2.192e-11 0)
(1.01761e-10 -1.42601e-11 0)
(1.02504e-10 -6.54848e-12 0)
(1.02744e-10 1.15641e-12 0)
(1.02479e-10 8.796e-12 0)
(1.01712e-10 1.63154e-11 0)
(1.00445e-10 2.3652e-11 0)
(9.86869e-11 3.07572e-11 0)
(9.64477e-11 3.75925e-11 0)
(9.37425e-11 4.41112e-11 0)
(9.06051e-11 5.02728e-11 0)
(8.70605e-11 5.60387e-11 0)
(8.31335e-11 6.1368e-11 0)
(7.88601e-11 6.62109e-11 0)
(7.42745e-11 7.05331e-11 0)
(6.9415e-11 7.42928e-11 0)
(6.43281e-11 7.74459e-11 0)
(5.90547e-11 7.99452e-11 0)
(5.36319e-11 8.17434e-11 0)
(4.81141e-11 8.27911e-11 0)
(4.25737e-11 8.30378e-11 0)
(3.70573e-11 8.24261e-11 0)
(3.16278e-11 8.08932e-11 0)
(2.64132e-11 7.83706e-11 0)
(2.14406e-11 7.47596e-11 0)
(1.68015e-11 6.99653e-11 0)
(1.25504e-11 6.39034e-11 0)
(8.69649e-12 5.63217e-11 0)
(5.59394e-12 4.72155e-11 0)
(2.76348e-12 3.64734e-11 0)
(8.53892e-13 2.34452e-11 0)
(1.64992e-15 8.79876e-12 0)
(-1.27646e-13 -1.02736e-11 0)
(9.99129e-13 -2.75027e-11 0)
(2.40484e-12 -4.26429e-11 0)
(4.56151e-12 -5.54063e-11 0)
(7.44716e-12 -6.60304e-11 0)
(1.08231e-11 -7.4674e-11 0)
(1.44736e-11 -8.15652e-11 0)
(1.85431e-11 -8.6814e-11 0)
(2.29599e-11 -9.05272e-11 0)
(2.7526e-11 -9.28478e-11 0)
(3.22083e-11 -9.38949e-11 0)
(3.69698e-11 -9.37541e-11 0)
(4.1719e-11 -9.25417e-11 0)
(4.63903e-11 -9.03381e-11 0)
(5.09463e-11 -8.72314e-11 0)
(5.53361e-11 -8.33018e-11 0)
(5.95129e-11 -7.86301e-11 0)
(6.34382e-11 -7.32957e-11 0)
(6.70839e-11 -6.73694e-11 0)
(7.04151e-11 -6.09216e-11 0)
(7.34027e-11 -5.40243e-11 0)
(7.60314e-11 -4.67541e-11 0)
(7.82772e-11 -3.91681e-11 0)
(8.01191e-11 -3.1341e-11 0)
(8.15497e-11 -2.33327e-11 0)
(8.25681e-11 -1.52045e-11 0)
(8.31761e-11 -7.01631e-12 0)
(8.3376e-11 1.16689e-12 0)
(8.31687e-11 9.2797e-12 0)
(8.25491e-11 1.72626e-11 0)
(8.15157e-11 2.50561e-11 0)
(8.00789e-11 3.26122e-11 0)
(7.82519e-11 3.98765e-11 0)
(7.60501e-11 4.68083e-11 0)
(7.34926e-11 5.33617e-11 0)
(7.06022e-11 5.94879e-11 0)
(6.74006e-11 6.51437e-11 0)
(6.39167e-11 7.02881e-11 0)
(6.01805e-11 7.48763e-11 0)
(5.62222e-11 7.88654e-11 0)
(5.20779e-11 8.22073e-11 0)
(4.77825e-11 8.48534e-11 0)
(4.33685e-11 8.67559e-11 0)
(3.88805e-11 8.78636e-11 0)
(3.43796e-11 8.81164e-11 0)
(2.99017e-11 8.74534e-11 0)
(2.55022e-11 8.58057e-11 0)
(2.13044e-11 8.30962e-11 0)
(1.72989e-11 7.92381e-11 0)
(1.35079e-11 7.4103e-11 0)
(1.01444e-11 6.75673e-11 0)
(7.16143e-12 5.96016e-11 0)
(4.35052e-12 4.9884e-11 0)
(2.23356e-12 3.82065e-11 0)
(8.53808e-13 2.48137e-11 0)
(4.19151e-16 9.1945e-12 0)
(-1.29067e-13 -1.05859e-11 0)
(8.11669e-13 -2.84979e-11 0)
(1.86377e-12 -4.42082e-11 0)
(3.46189e-12 -5.75427e-11 0)
(5.66053e-12 -6.86935e-11 0)
(8.24046e-12 -7.78008e-11 0)
(1.09895e-11 -8.50489e-11 0)
(1.41152e-11 -9.05645e-11 0)
(1.75123e-11 -9.44774e-11 0)
(2.09894e-11 -9.69387e-11 0)
(2.45809e-11 -9.80654e-11 0)
(2.82405e-11 -9.79527e-11 0)
(3.18841e-11 -9.67014e-11 0)
(3.54735e-11 -9.44155e-11 0)
(3.89779e-11 -9.11807e-11 0)
(4.23576e-11 -8.70886e-11 0)
(4.55725e-11 -8.22138e-11 0)
(4.8595e-11 -7.66447e-11 0)
(5.14011e-11 -7.04516e-11 0)
(5.39701e-11 -6.37223e-11 0)
(5.62748e-11 -5.6518e-11 0)
(5.82984e-11 -4.89213e-11 0)
(6.00263e-11 -4.09985e-11 0)
(6.14458e-11 -3.28195e-11 0)
(6.2553e-11 -2.44441e-11 0)
(6.33451e-11 -1.59429e-11 0)
(6.38211e-11 -7.37561e-12 0)
(6.39758e-11 1.18328e-12 0)
(6.38089e-11 9.6688e-12 0)
(6.33226e-11 1.80125e-11 0)
(6.25226e-11 2.61612e-11 0)
(6.1414e-11 3.4058e-11 0)
(6.0003e-11 4.16571e-11 0)
(5.83029e-11 4.89071e-11 0)
(5.63287e-11 5.57611e-11 0)
(5.40962e-11 6.21729e-11 0)
(5.16266e-11 6.80911e-11 0)
(4.89423e-11 7.34758e-11 0)
(4.60634e-11 7.82794e-11 0)
(4.3013e-11 8.2453e-11 0)
(3.982e-11 8.59483e-11 0)
(3.65142e-11 8.87159e-11 0)
(3.31196e-11 9.07058e-11 0)
(2.96687e-11 9.18616e-11 0)
(2.62176e-11 9.21171e-11 0)
(2.27876e-11 9.14083e-11 0)
(1.94223e-11 8.96696e-11 0)
(1.62266e-11 8.68085e-11 0)
(1.3172e-11 8.27254e-11 0)
(1.03098e-11 7.73368e-11 0)
(7.79214e-12 7.05047e-11 0)
(5.42901e-12 6.2037e-11 0)
(3.39487e-12 5.18879e-11 0)
(1.77334e-12 3.99522e-11 0)
(5.68451e-13 2.56081e-11 0)
(2.46755e-14 9.56706e-12 0)
(-1.29273e-13 -1.08341e-11 0)
(6.17115e-13 -2.92396e-11 0)
(1.29814e-12 -4.53979e-11 0)
(2.36738e-12 -5.91637e-11 0)
(3.91054e-12 -7.06671e-11 0)
(5.71287e-12 -8.00848e-11 0)
(7.58785e-12 -8.75751e-11 0)
(9.75083e-12 -9.32839e-11 0)
(1.21229e-11 -9.73631e-11 0)
(1.45368e-11 -9.99328e-11 0)
(1.7032e-11 -1.01119e-10 0)
(1.95639e-11 -1.0103e-10 0)
(2.21167e-11 -9.97528e-11 0)
(2.4621e-11 -9.74108e-11 0)
(2.70664e-11 -9.40869e-11 0)
(2.94285e-11 -8.98703e-11 0)
(3.16775e-11 -8.48493e-11 0)
(3.37915e-11 -7.91058e-11 0)
(3.57541e-11 -7.27227e-11 0)
(3.75494e-11 -6.57745e-11 0)
(3.91615e-11 -5.8349e-11 0)
(4.05764e-11 -5.051e-11 0)
(4.1788e-11 -4.23384e-11 0)
(4.27856e-11 -3.3896e-11 0)
(4.3563e-11 -2.52538e-11 0)
(4.41201e-11 -1.64735e-11 0)
(4.44538e-11 -7.63073e-12 0)
(4.45584e-11 1.20392e-12 0)
(4.44365e-11 9.95447e-12 0)
(4.40886e-11 1.85597e-11 0)
(4.35167e-11 2.69669e-11 0)
(4.27298e-11 3.51199e-11 0)
(4.17365e-11 4.29656e-11 0)
(4.05408e-11 5.04536e-11 0)
(3.91555e-11 5.75305e-11 0)
(3.75874e-11 6.41493e-11 0)
(3.58526e-11 7.02642e-11 0)
(3.39718e-11 7.5825e-11 0)
(3.19537e-11 8.07825e-11 0)
(2.98155e-11 8.50885e-11 0)
(2.75813e-11 8.86933e-11 0)
(2.52722e-11 9.15468e-11 0)
(2.29024e-11 9.35943e-11 0)
(2.04911e-11 9.47823e-11 0)
(1.80988e-11 9.50339e-11 0)
(1.57162e-11 9.42852e-11 0)
(1.33855e-11 9.2467e-11 0)
(1.11878e-11 8.94895e-11 0)
(9.11564e-12 8.52598e-11 0)
(7.14817e-12 7.96529e-11 0)
(5.38583e-12 7.25547e-11 0)
(3.87072e-12 6.38862e-11 0)
(2.47826e-12 5.33825e-11 0)
(1.14957e-12 4.08495e-11 0)
(3.80041e-13 2.64253e-11 0)
(-6.00043e-14 9.7444e-12 0)
(-1.23519e-13 -1.10025e-11 0)
(4.03135e-13 -2.97179e-11 0)
(7.60677e-13 -4.61791e-11 0)
(1.30341e-12 -6.01901e-11 0)
(2.20464e-12 -7.19181e-11 0)
(3.23827e-12 -8.15278e-11 0)
(4.24156e-12 -8.91852e-11 0)
(5.44644e-12 -9.50332e-11 0)
(6.79234e-12 -9.92166e-11 0)
(8.13807e-12 -1.01859e-10 0)
(9.5879e-12 -1.03072e-10 0)
(1.09312e-11 -1.02995e-10 0)
(1.24202e-11 -1.01726e-10 0)
(1.3834e-11 -9.93499e-11 0)
(1.52258e-11 -9.59696e-11 0)
(1.65697e-11 -9.16737e-11 0)
(1.78468e-11 -8.65581e-11 0)
(1.90476e-11 -8.0703e-11 0)
(2.01664e-11 -7.4196e-11 0)
(2.11869e-11 -6.71125e-11 0)
(2.21012e-11 -5.9539e-11 0)
(2.29059e-11 -5.15465e-11 0)
(2.35935e-11 -4.32128e-11 0)
(2.41646e-11 -3.46014e-11 0)
(2.46176e-11 -2.57816e-11 0)
(2.49452e-11 -1.6817e-11 0)
(2.51365e-11 -7.7924e-12 0)
(2.5183e-11 1.2206e-12 0)
(2.50891e-11 1.01469e-11 0)
(2.48741e-11 1.8925e-11 0)
(2.45411e-11 2.74998e-11 0)
(2.40859e-11 3.58209e-11 0)
(2.35108e-11 4.38292e-11 0)
(2.2818e-11 5.14709e-11 0)
(2.20148e-11 5.86967e-11 0)
(2.11129e-11 6.54484e-11 0)
(2.01182e-11 7.16899e-11 0)
(1.90376e-11 7.73612e-11 0)
(1.78809e-11 8.24158e-11 0)
(1.66584e-11 8.68052e-11 0)
(1.53849e-11 9.04788e-11 0)
(1.40735e-11 9.33828e-11 0)
(1.27317e-11 9.54635e-11 0)
(1.13447e-11 9.66558e-11 0)
(1.00497e-11 9.68949e-11 0)
(8.68722e-12 9.6131e-11 0)
(7.39222e-12 9.42624e-11 0)
(6.21029e-12 9.12032e-11 0)
(5.06816e-12 8.68527e-11 0)
(3.99003e-12 8.11249e-11 0)
(3.16901e-12 7.3897e-11 0)
(2.26033e-12 6.49309e-11 0)
(1.31887e-12 5.42453e-11 0)
(8.26348e-13 4.16789e-11 0)
(2.59039e-13 2.67008e-11 0)
(4.2967e-14 9.89661e-12 0)
(-1.21965e-13 -1.10674e-11 0)
(1.9316e-13 -2.99249e-11 0)
(2.21323e-13 -4.65029e-11 0)
(2.74935e-13 -6.06155e-11 0)
(5.30763e-13 -7.24434e-11 0)
(7.97259e-13 -8.21443e-11 0)
(9.29262e-13 -8.98797e-11 0)
(1.18146e-12 -9.57977e-11 0)
(1.50847e-12 -1.00034e-10 0)
(1.77701e-12 -1.02721e-10 0)
(2.11282e-12 -1.03965e-10 0)
(2.44446e-12 -1.03894e-10 0)
(2.81202e-12 -1.0262e-10 0)
(3.13176e-12 -1.00223e-10 0)
(3.46318e-12 -9.68169e-11 0)
(3.78846e-12 -9.24924e-11 0)
(4.09689e-12 -8.73352e-11 0)
(4.38679e-12 -8.14299e-11 0)
(4.65702e-12 -7.48616e-11 0)
(4.90252e-12 -6.77171e-11 0)
(5.12029e-12 -6.00696e-11 0)
(5.31143e-12 -5.20028e-11 0)
(5.48237e-12 -4.35841e-11 0)
(5.63462e-12 -3.48872e-11 0)
(5.76359e-12 -2.59837e-11 0)
(5.85389e-12 -1.69505e-11 0)
(5.89315e-12 -7.86035e-12 0)
(5.88236e-12 1.21532e-12 0)
(5.8293e-12 1.02152e-11 0)
(5.74858e-12 1.90805e-11 0)
(5.64568e-12 2.77424e-11 0)
(5.51659e-12 3.61433e-11 0)
(5.3569e-12 4.4227e-11 0)
(5.1698e-12 5.19406e-11 0)
(4.95252e-12 5.92315e-11 0)
(4.71306e-12 6.60522e-11 0)
(4.45386e-12 7.23447e-11 0)
(4.17294e-12 7.80658e-11 0)
(3.87807e-12 8.3163e-11 0)
(3.57001e-12 8.7588e-11 0)
(3.25557e-12 9.12892e-11 0)
(2.94194e-12 9.4214e-11 0)
(2.62857e-12 9.631e-11 0)
(2.29442e-12 9.75121e-11 0)
(2.00917e-12 9.77486e-11 0)
(1.70377e-12 9.69503e-11 0)
(1.44983e-12 9.50444e-11 0)
(1.24453e-12 9.19417e-11 0)
(1.09039e-12 8.75426e-11 0)
(9.41178e-13 8.1742e-11 0)
(7.39778e-13 7.44082e-11 0)
(6.6476e-13 6.54405e-11 0)
(6.64907e-13 5.46442e-11 0)
(1.37635e-13 4.17988e-11 0)
(-8.3169e-14 2.69688e-11 0)
(-5.25465e-14 9.90806e-12 0)
(-1.22763e-13 -1.10559e-11 0)
(1.176e-14 -2.98388e-11 0)
(-2.70238e-13 -4.63883e-11 0)
(-7.38859e-13 -6.04652e-11 0)
(-1.12573e-12 -7.22622e-11 0)
(-1.61796e-12 -8.19451e-11 0)
(-2.34894e-12 -8.96654e-11 0)
(-3.04126e-12 -9.55758e-11 0)
(-3.7183e-12 -9.98088e-11 0)
(-4.46519e-12 -1.02495e-10 0)
(-5.29116e-12 -1.03749e-10 0)
(-5.98417e-12 -1.03683e-10 0)
(-6.78215e-12 -1.02411e-10 0)
(-7.50459e-12 -1.00028e-10 0)
(-8.2222e-12 -9.66323e-11 0)
(-8.90797e-12 -9.23194e-11 0)
(-9.55948e-12 -8.71728e-11 0)
(-1.01725e-11 -8.12785e-11 0)
(-1.07433e-11 -7.47206e-11 0)
(-1.12669e-11 -6.75831e-11 0)
(-1.17399e-11 -5.99398e-11 0)
(-1.21529e-11 -5.18692e-11 0)
(-1.24987e-11 -4.34487e-11 0)
(-1.27774e-11 -3.4762e-11 0)
(-1.29921e-11 -2.58795e-11 0)
(-1.31505e-11 -1.68856e-11 0)
(-1.32598e-11 -7.8361e-12 0)
(-1.33205e-11 1.20558e-12 0)
(-1.332e-11 1.01835e-11 0)
(-1.32525e-11 1.90299e-11 0)
(-1.31214e-11 2.76854e-11 0)
(-1.29272e-11 3.6079e-11 0)
(-1.26726e-11 4.4157e-11 0)
(-1.23623e-11 5.18623e-11 0)
(-1.19948e-11 5.91415e-11 0)
(-1.15757e-11 6.59485e-11 0)
(-1.11068e-11 7.22284e-11 0)
(-1.05882e-11 7.79356e-11 0)
(-1.00272e-11 8.30203e-11 0)
(-9.4256e-12 8.74306e-11 0)
(-8.78556e-12 9.11212e-11 0)
(-8.11001e-12 9.40352e-11 0)
(-7.42836e-12 9.61169e-11 0)
(-6.68196e-12 9.73001e-11 0)
(-5.9469e-12 9.75325e-11 0)
(-5.16382e-12 9.67239e-11 0)
(-4.43345e-12 9.48114e-11 0)
(-3.63711e-12 9.17042e-11 0)
(-2.88468e-12 8.72994e-11 0)
(-2.19508e-12 8.15104e-11 0)
(-1.37924e-12 7.42012e-11 0)
(-8.52237e-13 6.518e-11 0)
(-6.89166e-13 5.44305e-11 0)
(-1.08503e-13 4.176e-11 0)
(-4.45256e-14 2.67777e-11 0)
(5.16361e-14 9.88682e-12 0)
(-1.67278e-13 -1.09122e-11 0)
(-1.48424e-13 -2.95203e-11 0)
(-7.99884e-13 -4.58469e-11 0)
(-1.73674e-12 -5.97337e-11 0)
(-2.76464e-12 -7.13826e-11 0)
(-4.01658e-12 -8.09356e-11 0)
(-5.60586e-12 -8.85496e-11 0)
(-7.23899e-12 -9.43799e-11 0)
(-8.91673e-12 -9.85539e-11 0)
(-1.07213e-11 -1.01195e-10 0)
(-1.25986e-11 -1.02424e-10 0)
(-1.43796e-11 -1.0236e-10 0)
(-1.62478e-11 -1.01111e-10 0)
(-1.80554e-11 -9.87649e-11 0)
(-1.98154e-11 -9.54151e-11 0)
(-2.15047e-11 -9.11536e-11 0)
(-2.31102e-11 -8.60701e-11 0)
(-2.46207e-11 -8.02495e-11 0)
(-2.6024e-11 -7.37751e-11 0)
(-2.73055e-11 -6.67224e-11 0)
(-2.84542e-11 -5.91742e-11 0)
(-2.94661e-11 -5.12021e-11 0)
(-3.03349e-11 -4.2888e-11 0)
(-3.10488e-11 -3.43058e-11 0)
(-3.16112e-11 -2.55387e-11 0)
(-3.20224e-11 -1.66524e-11 0)
(-3.22756e-11 -7.71701e-12 0)
(-3.23731e-11 1.2174e-12 0)
(-3.23159e-11 1.00883e-11 0)
(-3.20992e-11 1.88325e-11 0)
(-3.17283e-11 2.73799e-11 0)
(-3.12102e-11 3.56721e-11 0)
(-3.05452e-11 4.36445e-11 0)
(-2.97403e-11 5.12534e-11 0)
(-2.87988e-11 5.8441e-11 0)
(-2.77258e-11 6.51575e-11 0)
(-2.65303e-11 7.13547e-11 0)
(-2.52216e-11 7.69844e-11 0)
(-2.38105e-11 8.19955e-11 0)
(-2.2304e-11 8.63468e-11 0)
(-2.07123e-11 8.99802e-11 0)
(-1.90507e-11 9.2849e-11 0)
(-1.7343e-11 9.48875e-11 0)
(-1.55686e-11 9.60364e-11 0)
(-1.3827e-11 9.62511e-11 0)
(-1.20269e-11 9.54639e-11 0)
(-1.0275e-11 9.35728e-11 0)
(-8.52465e-12 9.0501e-11 0)
(-6.7926e-12 8.61561e-11 0)
(-5.17056e-12 8.04243e-11 0)
(-3.82942e-12 7.31919e-11 0)
(-2.47575e-12 6.43718e-11 0)
(-1.15167e-12 5.37007e-11 0)
(-8.59415e-13 4.10937e-11 0)
(-5.31969e-13 2.64966e-11 0)
(-2.38515e-14 9.7612e-12 0)
(-1.10629e-13 -1.06871e-11 0)
(-3.29911e-13 -2.89074e-11 0)
(-1.26642e-12 -4.48764e-11 0)
(-2.7394e-12 -5.84353e-11 0)
(-4.41182e-12 -6.9801e-11 0)
(-6.4059e-12 -7.91138e-11 0)
(-8.84986e-12 -8.65334e-11 0)
(-1.14187e-11 -9.22125e-11 0)
(-1.40881e-11 -9.62753e-11 0)
(-1.69342e-11 -9.88477e-11 0)
(-1.98498e-11 -1.00052e-10 0)
(-2.27499e-11 -9.99837e-11 0)
(-2.56614e-11 -9.87457e-11 0)
(-2.85311e-11 -9.64479e-11 0)
(-3.13205e-11 -9.31728e-11 0)
(-3.39995e-11 -8.90094e-11 0)
(-3.65492e-11 -8.40417e-11 0)
(-3.89478e-11 -7.83567e-11 0)
(-4.11712e-11 -7.20297e-11 0)
(-4.32043e-11 -6.51425e-11 0)
(-4.5032e-11 -5.7769e-11 0)
(-4.66371e-11 -4.99903e-11 0)
(-4.80096e-11 -4.18727e-11 0)
(-4.91475e-11 -3.34965e-11 0)
(-5.00439e-11 -2.49307e-11 0)
(-5.06933e-11 -1.62422e-11 0)
(-5.10886e-11 -7.49213e-12 0)
(-5.12255e-11 1.24847e-12 0)
(-5.11096e-11 9.92201e-12 0)
(-5.07487e-11 1.84606e-11 0)
(-5.01488e-11 2.68074e-11 0)
(-4.93139e-11 3.48999e-11 0)
(-4.82417e-11 4.26881e-11 0)
(-4.69407e-11 5.01128e-11 0)
(-4.54268e-11 5.713e-11 0)
(-4.37075e-11 6.36816e-11 0)
(-4.17953e-11 6.97279e-11 0)
(-3.97053e-11 7.52147e-11 0)
(-3.745e-11 8.01021e-11 0)
(-3.50501e-11 8.43381e-11 0)
(-3.25237e-11 8.78756e-11 0)
(-2.98887e-11 9.06605e-11 0)
(-2.71815e-11 9.26436e-11 0)
(-2.44203e-11 9.37686e-11 0)
(-2.16274e-11 9.39739e-11 0)
(-1.88274e-11 9.31864e-11 0)
(-1.60732e-11 9.13391e-11 0)
(-1.33236e-11 8.83408e-11 0)
(-1.07168e-11 8.40946e-11 0)
(-8.2972e-12 7.8511e-11 0)
(-5.85791e-12 7.1468e-11 0)
(-3.94253e-12 6.27887e-11 0)
(-2.64723e-12 5.24272e-11 0)
(-1.03593e-12 4.02409e-11 0)
(-4.01088e-13 2.58132e-11 0)
(8.61011e-14 9.57859e-12 0)
(-1.57775e-13 -1.03975e-11 0)
(-4.93202e-13 -2.79892e-11 0)
(-1.79544e-12 -4.34596e-11 0)
(-3.73804e-12 -5.65476e-11 0)
(-6.04817e-12 -6.74946e-11 0)
(-8.7983e-12 -7.64705e-11 0)
(-1.20954e-11 -8.36098e-11 0)
(-1.55929e-11 -8.90685e-11 0)
(-1.92477e-11 -9.2972e-11 0)
(-2.31202e-11 -9.54393e-11 0)
(-2.7083e-11 -9.6584e-11 0)
(-3.10541e-11 -9.65078e-11 0)
(-3.50203e-11 -9.5308e-11 0)
(-3.89314e-11 -9.30826e-11 0)
(-4.27345e-11 -8.99141e-11 0)
(-4.63899e-11 -8.58897e-11 0)
(-4.98687e-11 -8.10918e-11 0)
(-5.31392e-11 -7.55999e-11 0)
(-5.61733e-11 -6.94901e-11 0)
(-5.89452e-11 -6.28417e-11 0)
(-6.14354e-11 -5.57224e-11 0)
(-6.36257e-11 -4.82096e-11 0)
(-6.55038e-11 -4.03708e-11 0)
(-6.70569e-11 -3.2285e-11 0)
(-6.82732e-11 -2.40095e-11 0)
(-6.9145e-11 -1.56201e-11 0)
(-6.96707e-11 -7.16904e-12 0)
(-6.98519e-11 1.27027e-12 0)
(-6.96914e-11 9.64511e-12 0)
(-6.91896e-11 1.78845e-11 0)
(-6.8354e-11 2.59438e-11 0)
(-6.71936e-11 3.37536e-11 0)
(-6.57154e-11 4.12749e-11 0)
(-6.3931e-11 4.84353e-11 0)
(-6.18534e-11 5.52036e-11 0)
(-5.94955e-11 6.15175e-11 0)
(-5.68744e-11 6.73461e-11 0)
(-5.40116e-11 7.2628e-11 0)
(-5.0928e-11 7.73354e-11 0)
(-4.76497e-11 8.14053e-11 0)
(-4.42005e-11 8.48098e-11 0)
(-4.06099e-11 8.74822e-11 0)
(-3.69189e-11 8.93877e-11 0)
(-3.31628e-11 9.04589e-11 0)
(-2.93588e-11 9.06536e-11 0)
(-2.55532e-11 8.98903e-11 0)
(-2.18107e-11 8.81116e-11 0)
(-1.81419e-11 8.52175e-11 0)
(-1.45698e-11 8.11411e-11 0)
(-1.12166e-11 7.5751e-11 0)
(-8.34432e-12 6.89518e-11 0)
(-5.58027e-12 6.06515e-11 0)
(-2.96446e-12 5.06232e-11 0)
(-1.86898e-12 3.8741e-11 0)
(-9.39592e-13 2.50225e-11 0)
(-7.55015e-14 9.24708e-12 0)
(-1.06057e-13 -9.98014e-12 0)
(-7.16524e-13 -2.68341e-11 0)
(-2.27074e-12 -4.15876e-11 0)
(-4.73615e-12 -5.40689e-11 0)
(-7.70921e-12 -6.44917e-11 0)
(-1.12145e-11 -7.30249e-11 0)
(-1.5353e-11 -7.9799e-11 0)
(-1.9776e-11 -8.49714e-11 0)
(-2.4407e-11 -8.86693e-11 0)
(-2.92938e-11 -9.09978e-11 0)
(-3.42949e-11 -9.20728e-11 0)
(-3.93148e-11 -9.19823e-11 0)
(-4.4322e-11 -9.08321e-11 0)
(-4.92576e-11 -8.86948e-11 0)
(-5.40559e-11 -8.56739e-11 0)
(-5.8671e-11 -8.1826e-11 0)
(-6.30626e-11 -7.72552e-11 0)
(-6.71907e-11 -7.20075e-11 0)
(-7.10199e-11 -6.61935e-11 0)
(-7.45173e-11 -5.98437e-11 0)
(-7.76578e-11 -5.30721e-11 0)
(-8.04176e-11 -4.58992e-11 0)
(-8.2783e-11 -3.84454e-11 0)
(-8.47383e-11 -3.07179e-11 0)
(-8.62714e-11 -2.28421e-11 0)
(-8.7371e-11 -1.4819e-11 0)
(-8.80284e-11 -6.77882e-12 0)
(-8.8243e-11 1.29194e-12 0)
(-8.80223e-11 9.25924e-12 0)
(-8.73723e-11 1.71428e-11 0)
(-8.63051e-11 2.48063e-11 0)
(-8.48279e-11 3.22756e-11 0)
(-8.29514e-11 3.94148e-11 0)
(-8.0687e-11 4.62584e-11 0)
(-7.80515e-11 5.26752e-11 0)
(-7.50637e-11 5.87078e-11 0)
(-7.17475e-11 6.42244e-11 0)
(-6.81268e-11 6.92681e-11 0)
(-6.42278e-11 7.37117e-11 0)
(-6.00836e-11 7.75978e-11 0)
(-5.57279e-11 8.08019e-11 0)
(-5.11978e-11 8.33571e-11 0)
(-4.65436e-11 8.51401e-11 0)
(-4.18044e-11 8.61711e-11 0)
(-3.70049e-11 8.63315e-11 0)
(-3.22173e-11 8.56212e-11 0)
(-2.75101e-11 8.39122e-11 0)
(-2.28615e-11 8.11844e-11 0)
(-1.8448e-11 7.72875e-11 0)
(-1.43476e-11 7.21912e-11 0)
(-1.03188e-11 6.57513e-11 0)
(-7.0403e-12 5.77541e-11 0)
(-4.65358e-12 4.82316e-11 0)
(-1.97984e-12 3.70841e-11 0)
(-6.9472e-13 2.37925e-11 0)
(6.79777e-14 8.84809e-12 0)
(-1.29261e-13 -9.47428e-12 0)
(-9.20604e-13 -2.53861e-11 0)
(-2.81206e-12 -3.9289e-11 0)
(-5.77922e-12 -5.10123e-11 0)
(-9.39917e-12 -6.07843e-11 0)
(-1.36568e-11 -6.87915e-11 0)
(-1.86382e-11 -7.51229e-11 0)
(-2.39823e-11 -7.99531e-11 0)
(-2.95808e-11 -8.33976e-11 0)
(-3.54695e-11 -8.55699e-11 0)
(-4.14906e-11 -8.65533e-11 0)
(-4.75407e-11 -8.64629e-11 0)
(-5.35686e-11 -8.53612e-11 0)
(-5.95117e-11 -8.33555e-11 0)
(-6.52869e-11 -8.04893e-11 0)
(-7.08414e-11 -7.6882e-11 0)
(-7.61227e-11 -7.25633e-11 0)
(-8.10934e-11 -6.76527e-11 0)
(-8.5699e-11 -6.21602e-11 0)
(-8.99081e-11 -5.62165e-11 0)
(-9.36827e-11 -4.98239e-11 0)
(-9.70046e-11 -4.31146e-11 0)
(-9.98433e-11 -3.60806e-11 0)
(-1.02187e-10 -2.88513e-11 0)
(-1.04016e-10 -2.1415e-11 0)
(-1.05326e-10 -1.39027e-11 0)
(-1.06101e-10 -6.29605e-12 0)
(-1.0635e-10 1.2641e-12 0)
(-1.06073e-10 8.80136e-12 0)
(-1.05279e-10 1.61792e-11 0)
(-1.03978e-10 2.34286e-11 0)
(-1.02188e-10 3.0415e-11 0)
(-9.9916e-11 3.71686e-11 0)
(-9.71805e-11 4.35602e-11 0)
(-9.39973e-11 4.96226e-11 0)
(-9.03916e-11 5.52338e-11 0)
(-8.63918e-11 6.04382e-11 0)
(-8.20268e-11 6.51182e-11 0)
(-7.73303e-11 6.93108e-11 0)
(-7.23377e-11 7.28999e-11 0)
(-6.70942e-11 7.59224e-11 0)
(-6.164e-11 7.82693e-11 0)
(-5.60405e-11 7.99658e-11 0)
(-5.03361e-11 8.09038e-11 0)
(-4.45693e-11 8.10829e-11 0)
(-3.88088e-11 8.03931e-11 0)
(-3.31452e-11 7.88165e-11 0)
(-2.76181e-11 7.62362e-11 0)
(-2.22666e-11 7.26237e-11 0)
(-1.72107e-11 6.78478e-11 0)
(-1.28995e-11 6.17613e-11 0)
(-8.78787e-12 5.43679e-11 0)
(-4.8075e-12 4.54607e-11 0)
(-2.88665e-12 3.4757e-11 0)
(-1.39285e-12 2.25367e-11 0)
(-5.61183e-14 8.32491e-12 0)
(-8.92355e-14 -8.85836e-12 0)
(-1.16559e-12 -2.36821e-11 0)
(-3.35184e-12 -3.65267e-11 0)
(-6.83655e-12 -4.73957e-11 0)
(-1.11526e-11 -5.63729e-11 0)
(-1.61715e-11 -6.37374e-11 0)
(-2.19736e-11 -6.95642e-11 0)
(-2.82281e-11 -7.39913e-11 0)
(-3.47878e-11 -7.71409e-11 0)
(-4.16574e-11 -7.91252e-11 0)
(-4.86854e-11 -8.00174e-11 0)
(-5.57425e-11 -7.9921e-11 0)
(-6.27737e-11 -7.88848e-11 0)
(-6.96881e-11 -7.70247e-11 0)
(-7.64184e-11 -7.43624e-11 0)
(-8.28915e-11 -7.1031e-11 0)
(-8.90544e-11 -6.70235e-11 0)
(-9.48354e-11 -6.24911e-11 0)
(-1.002e-10 -5.74008e-11 0)
(-1.05097e-10 -5.19202e-11 0)
(-1.09497e-10 -4.59928e-11 0)
(-1.13358e-10 -3.98113e-11 0)
(-1.16658e-10 -3.3282e-11 0)
(-1.19375e-10 -2.6629e-11 0)
(-1.21496e-10 -1.97222e-11 0)
(-1.23001e-10 -1.28122e-11 0)
(-1.23891e-10 -5.74203e-12 0)
(-1.24161e-10 1.20933e-12 0)
(-1.2382e-10 8.22443e-12 0)
(-1.22873e-10 1.50073e-11 0)
(-1.21338e-10 2.17616e-11 0)
(-1.19233e-10 2.81783e-11 0)
(-1.16573e-10 3.44752e-11 0)
(-1.13378e-10 4.03244e-11 0)
(-1.09668e-10 4.59696e-11 0)
(-1.05462e-10 5.10861e-11 0)
(-1.00791e-10 5.5932e-11 0)
(-9.56987e-11 6.01805e-11 0)
(-9.02215e-11 6.4082e-11 0)
(-8.44047e-11 6.73208e-11 0)
(-7.82867e-11 7.01436e-11 0)
(-7.19277e-11 7.22485e-11 0)
(-6.53883e-11 7.38568e-11 0)
(-5.87424e-11 7.46762e-11 0)
(-5.20247e-11 7.4885e-11 0)
(-4.53342e-11 7.42117e-11 0)
(-3.87527e-11 7.28065e-11 0)
(-3.22746e-11 7.04081e-11 0)
(-2.60948e-11 6.71213e-11 0)
(-2.04127e-11 6.2676e-11 0)
(-1.48532e-11 5.71924e-11 0)
(-1.01558e-11 5.03167e-11 0)
(-6.75157e-12 4.20305e-11 0)
(-2.98252e-12 3.23317e-11 0)
(-1.00742e-12 2.09109e-11 0)
(9.90773e-14 7.77213e-12 0)
(-4.83992e-14 -8.18856e-12 0)
(-1.3662e-12 -2.17587e-11 0)
(-3.93791e-12 -3.34552e-11 0)
(-7.97036e-12 -4.33028e-11 0)
(-1.29139e-11 -5.14159e-11 0)
(-1.87355e-11 -5.7998e-11 0)
(-2.5377e-11 -6.32387e-11 0)
(-3.25202e-11 -6.71884e-11 0)
(-4.00256e-11 -7.00177e-11 0)
(-4.7872e-11 -7.17614e-11 0)
(-5.58823e-11 -7.25779e-11 0)
(-6.3917e-11 -7.24385e-11 0)
(-7.19238e-11 -7.15409e-11 0)
(-7.97996e-11 -6.97959e-11 0)
(-8.74654e-11 -6.74536e-11 0)
(-9.48257e-11 -6.43584e-11 0)
(-1.01834e-10 -6.08192e-11 0)
(-1.08414e-10 -5.66081e-11 0)
(-1.14519e-10 -5.21077e-11 0)
(-1.20083e-10 -4.70173e-11 0)
(-1.25086e-10 -4.17836e-11 0)
(-1.29467e-10 -3.60314e-11 0)
(-1.33221e-10 -3.02733e-11 0)
(-1.36297e-10 -2.40687e-11 0)
(-1.38697e-10 -1.79826e-11 0)
(-1.4039e-10 -1.15163e-11 0)
(-1.41385e-10 -5.28957e-12 0)
(-1.41667e-10 1.2403e-12 0)
(-1.41257e-10 7.40036e-12 0)
(-1.40151e-10 1.37832e-11 0)
(-1.3838e-10 1.96849e-11 0)
(-1.35958e-10 2.57283e-11 0)
(-1.32923e-10 3.1187e-11 0)
(-1.29276e-10 3.67134e-11 0)
(-1.25042e-10 4.15764e-11 0)
(-1.20242e-10 4.64535e-11 0)
(-1.14918e-10 5.06018e-11 0)
(-1.09119e-10 5.46903e-11 0)
(-1.02879e-10 5.79967e-11 0)
(-9.62504e-11 6.11629e-11 0)
(-8.9275e-11 6.35097e-11 0)
(-8.203e-11 6.564e-11 0)
(-7.45818e-11 6.69055e-11 0)
(-6.70235e-11 6.78358e-11 0)
(-5.93854e-11 6.78521e-11 0)
(-5.17721e-11 6.74105e-11 0)
(-4.42703e-11 6.59931e-11 0)
(-3.69696e-11 6.39665e-11 0)
(-2.99207e-11 6.08688e-11 0)
(-2.3228e-11 5.70282e-11 0)
(-1.74226e-11 5.19706e-11 0)
(-1.20946e-11 4.57994e-11 0)
(-6.82032e-12 3.84831e-11 0)
(-3.82197e-12 2.96037e-11 0)
(-1.7604e-12 1.91529e-11 0)
(7.16641e-14 7.224e-12 0)
(-6.07605e-14 -7.48286e-12 0)
(-1.60634e-12 -1.95361e-11 0)
(-4.55201e-12 -2.99867e-11 0)
(-9.15083e-12 -3.86252e-11 0)
(-1.47638e-11 -4.57905e-11 0)
(-2.13445e-11 -5.15363e-11 0)
(-2.88277e-11 -5.60778e-11 0)
(-3.68667e-11 -5.95367e-11 0)
(-4.52975e-11 -6.19735e-11 0)
(-5.41074e-11 -6.35083e-11 0)
(-6.30729e-11 -6.41736e-11 0)
(-7.2093e-11 -6.40832e-11 0)
(-8.10397e-11 -6.32423e-11 0)
(-8.98611e-11 -6.17616e-11 0)
(-9.84103e-11 -5.9631e-11 0)
(-1.06659e-10 -5.69762e-11 0)
(-1.1447e-10 -5.3771e-11 0)
(-1.21833e-10 -5.01495e-11 0)
(-1.2863e-10 -4.60674e-11 0)
(-1.34866e-10 -4.16889e-11 0)
(-1.40427e-10 -3.69378e-11 0)
(-1.45332e-10 -3.19913e-11 0)
(-1.49491e-10 -2.67612e-11 0)
(-1.5293e-10 -2.14182e-11 0)
(-1.55573e-10 -1.58789e-11 0)
(-1.57453e-10 -1.02982e-11 0)
(-1.58522e-10 -4.60702e-12 0)
(-1.58829e-10 1.0298e-12 0)
(-1.58334e-10 6.67298e-12 0)
(-1.57082e-10 1.21564e-11 0)
(-1.55075e-10 1.75536e-11 0)
(-1.52362e-10 2.27135e-11 0)
(-1.48941e-10 2.7706e-11 0)
(-1.44845e-10 3.23983e-11 0)
(-1.4008e-10 3.68636e-11 0)
(-1.34687e-10 4.09874e-11 0)
(-1.28718e-10 4.48339e-11 0)
(-1.22207e-10 4.82992e-11 0)
(-1.15229e-10 5.13902e-11 0)
(-1.07799e-10 5.40525e-11 0)
(-1.00007e-10 5.62971e-11 0)
(-9.1891e-11 5.80557e-11 0)
(-8.35969e-11 5.9323e-11 0)
(-7.51386e-11 6.00339e-11 0)
(-6.6633e-11 6.0166e-11 0)
(-5.81258e-11 5.96756e-11 0)
(-4.97942e-11 5.85075e-11 0)
(-4.15801e-11 5.66443e-11 0)
(-3.37185e-11 5.40265e-11 0)
(-2.64183e-11 5.05622e-11 0)
(-1.9523e-11 4.61417e-11 0)
(-1.3319e-11 4.09634e-11 0)
(-8.74396e-12 3.42903e-11 0)
(-4.1004e-12 2.64921e-11 0)
(-1.25398e-12 1.73478e-11 0)
(5.66871e-14 6.59629e-12 0)
(-1.71932e-13 -6.61053e-12 0)
(-1.78208e-12 -1.70273e-11 0)
(-5.24623e-12 -2.59651e-11 0)
(-1.04176e-11 -3.31908e-11 0)
(-1.67174e-11 -3.9166e-11 0)
(-2.40214e-11 -4.39579e-11 0)
(-3.2361e-11 -4.77245e-11 0)
(-4.12754e-11 -5.06174e-11 0)
(-5.06262e-11 -5.2627e-11 0)
(-6.03615e-11 -5.39277e-11 0)
(-7.02906e-11 -5.44406e-11 0)
(-8.0236e-11 -5.43909e-11 0)
(-9.01302e-11 -5.36139e-11 0)
(-9.98415e-11 -5.24207e-11 0)
(-1.09292e-10 -5.05326e-11 0)
(-1.18356e-10 -4.83734e-11 0)
(-1.26983e-10 -4.55379e-11 0)
(-1.35068e-10 -4.25883e-11 0)
(-1.4258e-10 -3.89781e-11 0)
(-1.49415e-10 -3.54086e-11 0)
(-1.55556e-10 -3.11906e-11 0)
(-1.60927e-10 -2.71694e-11 0)
(-1.65512e-10 -2.25123e-11 0)
(-1.69263e-10 -1.82111e-11 0)
(-1.72166e-10 -1.32617e-11 0)
(-1.74194e-10 -8.7806e-12 0)
(-1.7536e-10 -3.65548e-12 0)
(-1.7565e-10 8.47812e-13 0)
(-1.7509e-10 5.9302e-12 0)
(-1.73675e-10 1.0225e-11 0)
(-1.71439e-10 1.50434e-11 0)
(-1.68411e-10 1.89848e-11 0)
(-1.64623e-10 2.34783e-11 0)
(-1.60081e-10 2.70803e-11 0)
(-1.54798e-10 3.12301e-11 0)
(-1.48816e-10 3.44039e-11 0)
(-1.42179e-10 3.80591e-11 0)
(-1.35003e-10 4.06695e-11 0)
(-1.27285e-10 4.36957e-11 0)
(-1.19086e-10 4.5687e-11 0)
(-1.10472e-10 4.79761e-11 0)
(-1.01549e-10 4.91638e-11 0)
(-9.23906e-11 5.05464e-11 0)
(-8.31162e-11 5.08618e-11 0)
(-7.37438e-11 5.12507e-11 0)
(-6.44186e-11 5.05826e-11 0)
(-5.52069e-11 4.98622e-11 0)
(-4.62062e-11 4.80938e-11 0)
(-3.75418e-11 4.60786e-11 0)
(-2.93638e-11 4.30311e-11 0)
(-2.19029e-11 3.96116e-11 0)
(-1.53582e-11 3.49509e-11 0)
(-9.1065e-12 2.95241e-11 0)
(-4.81332e-12 2.32098e-11 0)
(-1.907e-12 1.4984e-11 0)
(-1.47781e-13 5.8049e-12 0)
(1.22994e-15 -5.60291e-12 0)
(-2.14308e-12 -1.41277e-11 0)
(-5.87939e-12 -2.12952e-11 0)
(-1.15872e-11 -2.70597e-11 0)
(-1.86324e-11 -3.16724e-11 0)
(-2.67241e-11 -3.54488e-11 0)
(-3.59171e-11 -3.8432e-11 0)
(-4.57153e-11 -4.06257e-11 0)
(-5.59833e-11 -4.22628e-11 0)
(-6.66368e-11 -4.32129e-11 0)
(-7.7496e-11 -4.36932e-11 0)
(-8.83632e-11 -4.35293e-11 0)
(-9.91835e-11 -4.30367e-11 0)
(-1.09777e-10 -4.1914e-11 0)
(-1.20095e-10 -4.05898e-11 0)
(-1.29969e-10 -3.86319e-11 0)
(-1.39386e-10 -3.66124e-11 0)
(-1.48183e-10 -3.39469e-11 0)
(-1.56368e-10 -3.13684e-11 0)
(-1.63795e-10 -2.81195e-11 0)
(-1.70486e-10 -2.51199e-11 0)
(-1.76313e-10 -2.14395e-11 0)
(-1.81329e-10 -1.81654e-11 0)
(-1.85392e-10 -1.42046e-11 0)
(-1.88553e-10 -1.07768e-11 0)
(-1.90726e-10 -6.62098e-12 0)
(-1.9199e-10 -3.09205e-12 0)
(-1.9229e-10 1.12682e-12 0)
(-1.91692e-10 4.52327e-12 0)
(-1.9015e-10 8.52974e-12 0)
(-1.87725e-10 1.15829e-11 0)
(-1.8437e-10 1.53072e-11 0)
(-1.80131e-10 1.81295e-11 0)
(-1.75035e-10 2.16847e-11 0)
(-1.69175e-10 2.43087e-11 0)
(-1.62583e-10 2.76075e-11 0)
(-1.55327e-10 2.98923e-11 0)
(-1.47448e-10 3.27518e-11 0)
(-1.38959e-10 3.46289e-11 0)
(-1.30014e-10 3.69328e-11 0)
(-1.20663e-10 3.82049e-11 0)
(-1.10994e-10 3.97993e-11 0)
(-1.01024e-10 4.03556e-11 0)
(-9.0933e-11 4.11371e-11 0)
(-8.07159e-11 4.0968e-11 0)
(-7.05624e-11 4.0905e-11 0)
(-6.05218e-11 3.99331e-11 0)
(-5.07437e-11 3.89133e-11 0)
(-4.12527e-11 3.70435e-11 0)
(-3.23938e-11 3.49698e-11 0)
(-2.40816e-11 3.19767e-11 0)
(-1.67643e-11 2.85564e-11 0)
(-1.05921e-11 2.43603e-11 0)
(-5.30843e-12 1.87862e-11 0)
(-1.88884e-12 1.26855e-11 0)
(9.37344e-14 4.84135e-12 0)
(-3.19805e-13 -4.25973e-12 0)
(-2.40957e-12 -1.0701e-11 0)
(-6.71142e-12 -1.57803e-11 0)
(-1.29351e-11 -2.01272e-11 0)
(-2.06399e-11 -2.34614e-11 0)
(-2.95801e-11 -2.62667e-11 0)
(-3.95207e-11 -2.84687e-11 0)
(-5.02097e-11 -3.01183e-11 0)
(-6.13787e-11 -3.13011e-11 0)
(-7.29559e-11 -3.20377e-11 0)
(-8.46984e-11 -3.23497e-11 0)
(-9.65149e-11 -3.228e-11 0)
(-1.08196e-10 -3.18559e-11 0)
(-1.19707e-10 -3.10941e-11 0)
(-1.30825e-10 -3.00305e-11 0)
(-1.41555e-10 -2.86712e-11 0)
(-1.51676e-10 -2.70681e-11 0)
(-1.61231e-10 -2.52026e-11 0)
(-1.70007e-10 -2.31564e-11 0)
(-1.78074e-10 -2.08929e-11 0)
(-1.85238e-10 -1.85088e-11 0)
(-1.91579e-10 -1.59525e-11 0)
(-1.96921e-10 -1.33512e-11 0)
(-2.0136e-10 -1.06178e-11 0)
(-2.04731e-10 -7.90049e-12 0)
(-2.07131e-10 -5.03195e-12 0)
(-2.08454e-10 -2.17784e-12 0)
(-2.08819e-10 7.44782e-13 0)
(-2.08141e-10 3.51733e-12 0)
(-2.06493e-10 6.25494e-12 0)
(-2.03776e-10 8.76746e-12 0)
(-2.00059e-10 1.12845e-11 0)
(-1.95355e-10 1.36456e-11 0)
(-1.89751e-10 1.60536e-11 0)
(-1.83297e-10 1.82561e-11 0)
(-1.76072e-10 2.04441e-11 0)
(-1.68149e-10 2.23585e-11 0)
(-1.59524e-10 2.42509e-11 0)
(-1.50386e-10 2.5803e-11 0)
(-1.40709e-10 2.73046e-11 0)
(-1.3063e-10 2.84063e-11 0)
(-1.20166e-10 2.93802e-11 0)
(-1.09491e-10 2.99377e-11 0)
(-9.85494e-11 3.03665e-11 0)
(-8.75779e-11 3.03653e-11 0)
(-7.65693e-11 3.01983e-11 0)
(-6.57934e-11 2.95728e-11 0)
(-5.5142e-11 2.87528e-11 0)
(-4.49566e-11 2.74213e-11 0)
(-3.52957e-11 2.58135e-11 0)
(-2.65338e-11 2.37049e-11 0)
(-1.84794e-11 2.10924e-11 0)
(-1.15555e-11 1.79372e-11 0)
(-6.14957e-12 1.41639e-11 0)
(-2.40439e-12 9.41329e-12 0)
(-3.05886e-13 3.70395e-12 0)
(-3.76441e-14 -2.60398e-12 0)
(-3.07344e-12 -6.43318e-12 0)
(-7.66656e-12 -9.70338e-12 0)
(-1.46158e-11 -1.22509e-11 0)
(-2.2928e-11 -1.44482e-11 0)
(-3.2631e-11 -1.62795e-11 0)
(-4.33839e-11 -1.77124e-11 0)
(-5.4862e-11 -1.87949e-11 0)
(-6.68932e-11 -1.9518e-11 0)
(-7.93202e-11 -2.00279e-11 0)
(-9.19764e-11 -2.02007e-11 0)
(-1.04655e-10 -2.02104e-11 0)
(-1.17254e-10 -1.98771e-11 0)
(-1.29587e-10 -1.94739e-11 0)
(-1.41579e-10 -1.87183e-11 0)
(-1.53062e-10 -1.7966e-11 0)
(-1.63981e-10 -1.68285e-11 0)
(-1.74187e-10 -1.58018e-11 0)
(-1.83661e-10 -1.43577e-11 0)
(-1.92259e-10 -1.31321e-11 0)
(-1.99979e-10 -1.14617e-11 0)
(-2.06719e-10 -1.01054e-11 0)
(-2.12476e-10 -8.24617e-12 0)
(-2.17171e-10 -6.85945e-12 0)
(-2.20835e-10 -4.98476e-12 0)
(-2.2341e-10 -3.54055e-12 0)
(-2.24872e-10 -1.38321e-12 0)
(-2.25186e-10 2.5723e-13 0)
(-2.244e-10 2.48387e-12 0)
(-2.22469e-10 3.97203e-12 0)
(-2.1949e-10 5.98453e-12 0)
(-2.15424e-10 7.25527e-12 0)
(-2.10302e-10 9.16677e-12 0)
(-2.0419e-10 1.03263e-11 0)
(-1.97217e-10 1.20631e-11 0)
(-1.89437e-10 1.29868e-11 0)
(-1.80878e-10 1.44866e-11 0)
(-1.71646e-10 1.52003e-11 0)
(-1.61725e-10 1.64326e-11 0)
(-1.51314e-10 1.6894e-11 0)
(-1.40504e-10 1.78139e-11 0)
(-1.29329e-10 1.80249e-11 0)
(-1.17795e-10 1.8673e-11 0)
(-1.06106e-10 1.86269e-11 0)
(-9.42964e-11 1.88934e-11 0)
(-8.25552e-11 1.85103e-11 0)
(-7.09418e-11 1.83477e-11 0)
(-5.96427e-11 1.75883e-11 0)
(-4.87165e-11 1.69203e-11 0)
(-3.84085e-11 1.57021e-11 0)
(-2.88744e-11 1.44159e-11 0)
(-2.03608e-11 1.27348e-11 0)
(-1.30405e-11 1.08207e-11 0)
(-6.86137e-12 8.485e-12 0)
(-2.87618e-12 5.62009e-12 0)
(2.78609e-14 2.2641e-12 0)
(-4.0292e-13 -9.06087e-13 0)
(-3.44833e-12 -2.23927e-12 0)
(-8.71589e-12 -3.16266e-12 0)
(-1.6175e-11 -4.30484e-12 0)
(-2.53196e-11 -4.96724e-12 0)
(-3.56748e-11 -5.56295e-12 0)
(-4.71189e-11 -6.02394e-12 0)
(-5.93947e-11 -6.38662e-12 0)
(-7.22916e-11 -6.67329e-12 0)
(-8.56155e-11 -6.83497e-12 0)
(-9.9144e-11 -6.88684e-12 0)
(-1.12721e-10 -6.87028e-12 0)
(-1.26194e-10 -6.78389e-12 0)
(-1.3942e-10 -6.60709e-12 0)
(-1.52238e-10 -6.36083e-12 0)
(-1.6454e-10 -6.06014e-12 0)
(-1.76209e-10 -5.72031e-12 0)
(-1.87151e-10 -5.31193e-12 0)
(-1.97257e-10 -4.88297e-12 0)
(-2.0647e-10 -4.38771e-12 0)
(-2.14699e-10 -3.8852e-12 0)
(-2.2192e-10 -3.31663e-12 0)
(-2.28022e-10 -2.74522e-12 0)
(-2.32993e-10 -1.95933e-12 0)
(-2.36818e-10 -1.26288e-12 0)
(-2.39581e-10 -6.14793e-13 0)
(-2.41093e-10 -1.67767e-13 0)
(-2.41383e-10 1.81934e-13 0)
(-2.40478e-10 5.2927e-13 0)
(-2.38321e-10 1.09023e-12 0)
(-2.34993e-10 1.69077e-12 0)
(-2.30564e-10 2.42235e-12 0)
(-2.25097e-10 2.97667e-12 0)
(-2.18586e-10 3.5179e-12 0)
(-2.11119e-10 3.94237e-12 0)
(-2.02751e-10 4.42199e-12 0)
(-1.93565e-10 4.78528e-12 0)
(-1.83623e-10 5.18075e-12 0)
(-1.73067e-10 5.43284e-12 0)
(-1.61939e-10 5.75643e-12 0)
(-1.50309e-10 5.96313e-12 0)
(-1.38263e-10 6.18384e-12 0)
(-1.2596e-10 6.24156e-12 0)
(-1.13465e-10 6.35141e-12 0)
(-1.00884e-10 6.32464e-12 0)
(-8.83441e-11 6.2933e-12 0)
(-7.60096e-11 6.12993e-12 0)
(-6.39446e-11 6.00509e-12 0)
(-5.23318e-11 5.67561e-12 0)
(-4.14247e-11 5.29859e-12 0)
(-3.1341e-11 4.89053e-12 0)
(-2.21756e-11 4.35394e-12 0)
(-1.41514e-11 3.68139e-12 0)
(-7.76177e-12 2.64093e-12 0)
(-3.14365e-12 2.09132e-12 0)
(-3.66492e-13 8.14137e-13 0)
)
;

boundaryField
{
    top
    {
        type            slip;
    }
    bottom
    {
        type            slip;
    }
    rotatingWall
    {
        type            rotatingWallVelocity;
        origin          (0 0 0);
        axis            (0 1 0);
        omega           constant 1140;
        value           uniform (0 0 0);
    }
    wall
    {
        type            rotatingWallVelocity;
        origin          (0 0 0);
        axis            (0 1 0);
        omega           constant 0;
        value           uniform (0 -0 -0);
    }
    frontAndBack
    {
        type            empty;
    }
}


// ************************************************************************* //
