/*--------------------------------*- C++ -*----------------------------------*\
| =========                 |                                                 |
| \\      /  F ield         | OpenFOAM: The Open Source CFD Toolbox           |
|  \\    /   O peration     | Version:  5.0                                   |
|   \\  /    A nd           | Web:      www.OpenFOAM.org                      |
|    \\/     M anipulation  |                                                 |
\*---------------------------------------------------------------------------*/
FoamFile
{
    version     2.0;
    format      ascii;
    class       volVectorField;
    location    "218";
    object      U;
}
// * * * * * * * * * * * * * * * * * * * * * * * * * * * * * * * * * * * * * //

dimensions      [0 1 -1 0 0 0 0];

internalField   nonuniform List<vector> 
1568
(
(-1.1891e-13 -3.10482e-13 0)
(1.93638e-13 -2.1836e-13 0)
(2.01267e-12 -1.47377e-12 0)
(4.67696e-12 -1.44859e-12 0)
(7.0697e-12 -1.26214e-12 0)
(1.00021e-11 -1.75075e-12 0)
(1.34906e-11 -1.84671e-12 0)
(1.70368e-11 -1.87434e-12 0)
(2.07419e-11 -1.98858e-12 0)
(2.46262e-11 -2.04899e-12 0)
(2.85661e-11 -2.06311e-12 0)
(3.25136e-11 -2.06118e-12 0)
(3.64478e-11 -2.03743e-12 0)
(4.03228e-11 -1.99308e-12 0)
(4.40952e-11 -1.936e-12 0)
(4.77344e-11 -1.85937e-12 0)
(5.12063e-11 -1.76608e-12 0)
(5.44833e-11 -1.66195e-12 0)
(5.75391e-11 -1.54277e-12 0)
(6.03496e-11 -1.4105e-12 0)
(6.28914e-11 -1.26487e-12 0)
(6.51512e-11 -1.11571e-12 0)
(6.7115e-11 -9.48461e-13 0)
(6.8748e-11 -7.39678e-13 0)
(7.00538e-11 -5.20503e-13 0)
(7.10431e-11 -3.35693e-13 0)
(7.17036e-11 -1.54137e-13 0)
(7.19989e-11 -2.89344e-14 0)
(7.19283e-11 8.10736e-14 0)
(7.1499e-11 2.08582e-13 0)
(7.07163e-11 3.88822e-13 0)
(6.96171e-11 5.82605e-13 0)
(6.82036e-11 8.07443e-13 0)
(6.64726e-11 9.87807e-13 0)
(6.44337e-11 1.15221e-12 0)
(6.21135e-11 1.28975e-12 0)
(5.95219e-11 1.43321e-12 0)
(5.66764e-11 1.55242e-12 0)
(5.36063e-11 1.6714e-12 0)
(5.03253e-11 1.76859e-12 0)
(4.68607e-11 1.85593e-12 0)
(4.3248e-11 1.91783e-12 0)
(3.95188e-11 1.972e-12 0)
(3.57022e-11 2.00506e-12 0)
(3.18399e-11 2.02201e-12 0)
(2.7973e-11 2.01142e-12 0)
(2.41446e-11 1.98424e-12 0)
(2.03954e-11 1.92833e-12 0)
(1.6775e-11 1.84976e-12 0)
(1.33364e-11 1.73685e-12 0)
(1.01259e-11 1.59958e-12 0)
(7.20548e-12 1.43917e-12 0)
(4.70967e-12 1.2034e-12 0)
(2.54733e-12 1.05228e-12 0)
(9.7078e-13 6.38098e-13 0)
(1.3851e-13 2.65826e-13 0)
(3.58323e-13 -1.16325e-12 0)
(4.80217e-13 -2.2692e-12 0)
(2.32429e-12 -2.9871e-12 0)
(3.70356e-12 -3.54195e-12 0)
(6.4901e-12 -4.38488e-12 0)
(9.29904e-12 -4.81267e-12 0)
(1.23317e-11 -5.17298e-12 0)
(1.57079e-11 -5.48266e-12 0)
(1.91931e-11 -5.7023e-12 0)
(2.27801e-11 -5.83994e-12 0)
(2.64374e-11 -5.89791e-12 0)
(3.01364e-11 -5.90053e-12 0)
(3.38087e-11 -5.8438e-12 0)
(3.74146e-11 -5.72474e-12 0)
(4.09335e-11 -5.54663e-12 0)
(4.43232e-11 -5.32518e-12 0)
(4.75582e-11 -5.05352e-12 0)
(5.06129e-11 -4.74132e-12 0)
(5.34619e-11 -4.38801e-12 0)
(5.60804e-11 -4.00682e-12 0)
(5.84508e-11 -3.59117e-12 0)
(6.05527e-11 -3.15299e-12 0)
(6.23771e-11 -2.69003e-12 0)
(6.3908e-11 -2.21866e-12 0)
(6.51468e-11 -1.75247e-12 0)
(6.60753e-11 -1.27511e-12 0)
(6.66859e-11 -7.49161e-13 0)
(6.69548e-11 -1.88981e-13 0)
(6.68954e-11 3.86377e-13 0)
(6.65016e-11 9.44093e-13 0)
(6.5775e-11 1.46041e-12 0)
(6.47427e-11 1.92767e-12 0)
(6.34265e-11 2.39047e-12 0)
(6.18274e-11 2.84299e-12 0)
(5.99396e-11 3.2863e-12 0)
(5.7777e-11 3.70181e-12 0)
(5.53633e-11 4.09447e-12 0)
(5.27194e-11 4.44717e-12 0)
(4.98522e-11 4.77043e-12 0)
(4.6799e-11 5.05115e-12 0)
(4.35769e-11 5.29442e-12 0)
(4.02024e-11 5.48788e-12 0)
(3.6715e-11 5.63999e-12 0)
(3.31569e-11 5.73155e-12 0)
(2.95536e-11 5.77214e-12 0)
(2.59473e-11 5.75073e-12 0)
(2.23708e-11 5.66739e-12 0)
(1.8874e-11 5.51353e-12 0)
(1.55019e-11 5.28612e-12 0)
(1.22924e-11 4.97893e-12 0)
(9.30365e-12 4.6025e-12 0)
(6.60016e-12 4.07895e-12 0)
(4.202e-12 3.49442e-12 0)
(2.32813e-12 2.76195e-12 0)
(9.36817e-13 1.84323e-12 0)
(5.45902e-14 7.8185e-13 0)
(-6.69951e-14 -1.53477e-12 0)
(4.63107e-13 -3.03204e-12 0)
(1.69076e-12 -5.00972e-12 0)
(3.81696e-12 -6.02523e-12 0)
(5.73692e-12 -6.97997e-12 0)
(8.35052e-12 -7.87023e-12 0)
(1.1307e-11 -8.42588e-12 0)
(1.43557e-11 -8.91172e-12 0)
(1.75514e-11 -9.27832e-12 0)
(2.09182e-11 -9.49967e-12 0)
(2.43278e-11 -9.59622e-12 0)
(2.77307e-11 -9.59228e-12 0)
(3.1132e-11 -9.49263e-12 0)
(3.44873e-11 -9.297e-12 0)
(3.77458e-11 -9.01912e-12 0)
(4.08898e-11 -8.65817e-12 0)
(4.38937e-11 -8.22176e-12 0)
(4.67284e-11 -7.71768e-12 0)
(4.93697e-11 -7.15038e-12 0)
(5.18004e-11 -6.52665e-12 0)
(5.40007e-11 -5.85187e-12 0)
(5.59559e-11 -5.13444e-12 0)
(5.76497e-11 -4.37828e-12 0)
(5.90763e-11 -3.59952e-12 0)
(6.02195e-11 -2.80271e-12 0)
(6.10668e-11 -1.99126e-12 0)
(6.16159e-11 -1.14584e-12 0)
(6.18662e-11 -2.86215e-13 0)
(6.18129e-11 5.87446e-13 0)
(6.14614e-11 1.4447e-12 0)
(6.08198e-11 2.29334e-12 0)
(5.98872e-11 3.10385e-12 0)
(5.86651e-11 3.9013e-12 0)
(5.71694e-11 4.65639e-12 0)
(5.54152e-11 5.38449e-12 0)
(5.34142e-11 6.0555e-12 0)
(5.11752e-11 6.69182e-12 0)
(4.87167e-11 7.26181e-12 0)
(4.60644e-11 7.77968e-12 0)
(4.32264e-11 8.22694e-12 0)
(4.02285e-11 8.61067e-12 0)
(3.71052e-11 8.91778e-12 0)
(3.38779e-11 9.15766e-12 0)
(3.05712e-11 9.31158e-12 0)
(2.72273e-11 9.3813e-12 0)
(2.38763e-11 9.35172e-12 0)
(2.0558e-11 9.21911e-12 0)
(1.73073e-11 8.96949e-12 0)
(1.41724e-11 8.606e-12 0)
(1.12148e-11 8.09894e-12 0)
(8.41864e-12 7.45472e-12 0)
(5.92103e-12 6.67441e-12 0)
(3.82181e-12 5.66113e-12 0)
(1.9732e-12 4.4502e-12 0)
(7.27168e-13 2.97271e-12 0)
(1.41672e-14 1.19958e-12 0)
(-1.62399e-13 -1.53399e-12 0)
(7.35292e-13 -4.47348e-12 0)
(1.6618e-12 -6.15741e-12 0)
(3.20135e-12 -8.06392e-12 0)
(5.24408e-12 -9.39623e-12 0)
(7.59446e-12 -1.04193e-11 0)
(1.02398e-11 -1.12658e-11 0)
(1.30176e-11 -1.19568e-11 0)
(1.59823e-11 -1.24288e-11 0)
(1.90667e-11 -1.27159e-11 0)
(2.21884e-11 -1.28696e-11 0)
(2.53362e-11 -1.28693e-11 0)
(2.84706e-11 -1.27307e-11 0)
(3.15473e-11 -1.24719e-11 0)
(3.45514e-11 -1.20967e-11 0)
(3.74512e-11 -1.16077e-11 0)
(4.02166e-11 -1.10236e-11 0)
(4.2829e-11 -1.03434e-11 0)
(4.52678e-11 -9.5839e-12 0)
(4.75104e-11 -8.74607e-12 0)
(4.95405e-11 -7.84511e-12 0)
(5.13427e-11 -6.88195e-12 0)
(5.29054e-11 -5.87611e-12 0)
(5.42162e-11 -4.82594e-12 0)
(5.52647e-11 -3.75642e-12 0)
(5.60408e-11 -2.65131e-12 0)
(5.6542e-11 -1.52563e-12 0)
(5.67716e-11 -3.74628e-13 0)
(5.67336e-11 7.73116e-13 0)
(5.64291e-11 1.92326e-12 0)
(5.58481e-11 3.04349e-12 0)
(5.49909e-11 4.1399e-12 0)
(5.38694e-11 5.19148e-12 0)
(5.24937e-11 6.2127e-12 0)
(5.08712e-11 7.17671e-12 0)
(4.90187e-11 8.09278e-12 0)
(4.69543e-11 8.93395e-12 0)
(4.46868e-11 9.71604e-12 0)
(4.22327e-11 1.04108e-11 0)
(3.96188e-11 1.10244e-11 0)
(3.68641e-11 1.15433e-11 0)
(3.39843e-11 1.19743e-11 0)
(3.10092e-11 1.22935e-11 0)
(2.7969e-11 1.25111e-11 0)
(2.48883e-11 1.2602e-11 0)
(2.18003e-11 1.25666e-11 0)
(1.87355e-11 1.23875e-11 0)
(1.57473e-11 1.20568e-11 0)
(1.28631e-11 1.15563e-11 0)
(1.01236e-11 1.08856e-11 0)
(7.61938e-12 1.00107e-11 0)
(5.31548e-12 8.92328e-12 0)
(3.27995e-12 7.56689e-12 0)
(1.77758e-12 5.93974e-12 0)
(6.72086e-13 3.90354e-12 0)
(2.69485e-14 1.54422e-12 0)
(1.30472e-13 -1.89619e-12 0)
(4.57888e-13 -4.97205e-12 0)
(1.53433e-12 -7.63379e-12 0)
(2.93374e-12 -9.63625e-12 0)
(4.72025e-12 -1.13532e-11 0)
(6.84212e-12 -1.26828e-11 0)
(9.19514e-12 -1.37766e-11 0)
(1.17067e-11 -1.46215e-11 0)
(1.44127e-11 -1.52077e-11 0)
(1.72234e-11 -1.5588e-11 0)
(2.00661e-11 -1.57767e-11 0)
(2.29289e-11 -1.57831e-11 0)
(2.57814e-11 -1.56228e-11 0)
(2.85946e-11 -1.53045e-11 0)
(3.13378e-11 -1.48349e-11 0)
(3.39821e-11 -1.42372e-11 0)
(3.65092e-11 -1.35116e-11 0)
(3.88959e-11 -1.26762e-11 0)
(4.11193e-11 -1.17377e-11 0)
(4.3167e-11 -1.07142e-11 0)
(4.50221e-11 -9.60711e-12 0)
(4.66685e-11 -8.43446e-12 0)
(4.80947e-11 -7.19942e-12 0)
(4.92894e-11 -5.92026e-12 0)
(5.02437e-11 -4.59618e-12 0)
(5.09519e-11 -3.24391e-12 0)
(5.14106e-11 -1.85818e-12 0)
(5.16231e-11 -4.58404e-13 0)
(5.15905e-11 9.4858e-13 0)
(5.13131e-11 2.33698e-12 0)
(5.07905e-11 3.70048e-12 0)
(5.00159e-11 5.02629e-12 0)
(4.89924e-11 6.31536e-12 0)
(4.77338e-11 7.55308e-12 0)
(4.62544e-11 8.73773e-12 0)
(4.45651e-11 9.85783e-12 0)
(4.26787e-11 1.09061e-11 0)
(4.06092e-11 1.18649e-11 0)
(3.83696e-11 1.27361e-11 0)
(3.5979e-11 1.35029e-11 0)
(3.34609e-11 1.41598e-11 0)
(3.0836e-11 1.46927e-11 0)
(2.81252e-11 1.51031e-11 0)
(2.53482e-11 1.53682e-11 0)
(2.2534e-11 1.54852e-11 0)
(1.97167e-11 1.5438e-11 0)
(1.69253e-11 1.52175e-11 0)
(1.41914e-11 1.48082e-11 0)
(1.15698e-11 1.4198e-11 0)
(9.10671e-12 1.33584e-11 0)
(6.78111e-12 1.2268e-11 0)
(4.71387e-12 1.0916e-11 0)
(3.02306e-12 9.2569e-12 0)
(1.49802e-12 7.19989e-12 0)
(5.18168e-13 4.72521e-12 0)
(-5.45898e-15 1.82966e-12 0)
(-2.06664e-15 -2.21766e-12 0)
(4.65246e-13 -5.63901e-12 0)
(1.34083e-12 -8.67479e-12 0)
(2.63602e-12 -1.11372e-11 0)
(4.21625e-12 -1.31598e-11 0)
(6.09681e-12 -1.47818e-11 0)
(8.17224e-12 -1.61048e-11 0)
(1.04338e-11 -1.70975e-11 0)
(1.28663e-11 -1.77915e-11 0)
(1.53775e-11 -1.82537e-11 0)
(1.79292e-11 -1.84877e-11 0)
(2.05109e-11 -1.85014e-11 0)
(2.30866e-11 -1.83111e-11 0)
(2.56239e-11 -1.7935e-11 0)
(2.80969e-11 -1.73904e-11 0)
(3.04844e-11 -1.66863e-11 0)
(3.27649e-11 -1.58367e-11 0)
(3.49169e-11 -1.4858e-11 0)
(3.69231e-11 -1.37614e-11 0)
(3.87689e-11 -1.25576e-11 0)
(4.04412e-11 -1.12627e-11 0)
(4.19251e-11 -9.88687e-12 0)
(4.32103e-11 -8.44176e-12 0)
(4.42887e-11 -6.93798e-12 0)
(4.51501e-11 -5.38645e-12 0)
(4.57892e-11 -3.79594e-12 0)
(4.62064e-11 -2.17755e-12 0)
(4.64e-11 -5.4123e-13 0)
(4.63712e-11 1.09549e-12 0)
(4.61206e-11 2.72059e-12 0)
(4.56459e-11 4.31554e-12 0)
(4.49469e-11 5.87036e-12 0)
(4.4029e-11 7.37871e-12 0)
(4.28992e-11 8.83501e-12 0)
(4.15683e-11 1.02265e-11 0)
(4.00465e-11 1.15425e-11 0)
(3.83438e-11 1.27717e-11 0)
(3.64753e-11 1.39025e-11 0)
(3.44552e-11 1.49242e-11 0)
(3.23001e-11 1.58289e-11 0)
(3.00282e-11 1.66038e-11 0)
(2.76589e-11 1.72376e-11 0)
(2.52098e-11 1.77166e-11 0)
(2.27034e-11 1.80296e-11 0)
(2.01679e-11 1.81656e-11 0)
(1.7627e-11 1.81114e-11 0)
(1.51097e-11 1.78487e-11 0)
(1.26644e-11 1.73632e-11 0)
(1.0305e-11 1.66397e-11 0)
(8.06388e-12 1.56442e-11 0)
(6.052e-12 1.43537e-11 0)
(4.21593e-12 1.27501e-11 0)
(2.55314e-12 1.07631e-11 0)
(1.36737e-12 8.34893e-12 0)
(5.29928e-13 5.47422e-12 0)
(1.56149e-14 2.07714e-12 0)
(-3.49004e-14 -2.34818e-12 0)
(4.60979e-13 -6.27152e-12 0)
(1.20232e-12 -9.61124e-12 0)
(2.32211e-12 -1.2445e-11 0)
(3.71027e-12 -1.47722e-11 0)
(5.33618e-12 -1.66661e-11 0)
(7.16116e-12 -1.81746e-11 0)
(9.17861e-12 -1.93084e-11 0)
(1.1324e-11 -2.01237e-11 0)
(1.35352e-11 -2.06646e-11 0)
(1.57993e-11 -2.09309e-11 0)
(1.80937e-11 -2.09454e-11 0)
(2.03802e-11 -2.0733e-11 0)
(2.26322e-11 -2.03115e-11 0)
(2.48313e-11 -1.96956e-11 0)
(2.69554e-11 -1.89002e-11 0)
(2.89822e-11 -1.79426e-11 0)
(3.08949e-11 -1.68362e-11 0)
(3.26792e-11 -1.55959e-11 0)
(3.43209e-11 -1.42346e-11 0)
(3.58063e-11 -1.27675e-11 0)
(3.71259e-11 -1.12079e-11 0)
(3.82694e-11 -9.56798e-12 0)
(3.92274e-11 -7.86146e-12 0)
(3.99931e-11 -6.10224e-12 0)
(4.05623e-11 -4.29963e-12 0)
(4.09333e-11 -2.46748e-12 0)
(4.11067e-11 -6.19514e-13 0)
(4.10832e-11 1.22998e-12 0)
(4.08614e-11 3.06494e-12 0)
(4.04399e-11 4.87155e-12 0)
(3.982e-11 6.63789e-12 0)
(3.90057e-11 8.35209e-12 0)
(3.80028e-11 1.00036e-11 0)
(3.68192e-11 1.15818e-11 0)
(3.54657e-11 1.30725e-11 0)
(3.39519e-11 1.44655e-11 0)
(3.229e-11 1.57497e-11 0)
(3.04935e-11 1.69118e-11 0)
(2.85767e-11 1.79392e-11 0)
(2.65562e-11 1.88192e-11 0)
(2.44487e-11 1.95388e-11 0)
(2.2272e-11 2.00838e-11 0)
(2.00453e-11 2.04417e-11 0)
(1.77922e-11 2.05963e-11 0)
(1.5537e-11 2.05319e-11 0)
(1.33055e-11 2.02314e-11 0)
(1.1131e-11 1.9675e-11 0)
(9.04768e-12 1.88378e-11 0)
(7.0948e-12 1.77018e-11 0)
(5.26964e-12 1.62279e-11 0)
(3.64979e-12 1.43707e-11 0)
(2.33401e-12 1.21182e-11 0)
(1.15661e-12 9.39021e-12 0)
(3.79797e-13 6.08547e-12 0)
(1.48981e-14 2.31136e-12 0)
(1.28119e-14 -2.51654e-12 0)
(3.95499e-13 -6.77823e-12 0)
(1.03517e-12 -1.04624e-11 0)
(1.97922e-12 -1.35913e-11 0)
(3.1778e-12 -1.61851e-11 0)
(4.59463e-12 -1.82906e-11 0)
(6.18476e-12 -1.9951e-11 0)
(7.92967e-12 -2.12225e-11 0)
(9.7802e-12 -2.21493e-11 0)
(1.1701e-11 -2.27517e-11 0)
(1.36767e-11 -2.30509e-11 0)
(1.56735e-11 -2.30743e-11 0)
(1.76632e-11 -2.2845e-11 0)
(1.96268e-11 -2.23823e-11 0)
(2.15443e-11 -2.17039e-11 0)
(2.33956e-11 -2.0829e-11 0)
(2.51638e-11 -1.97746e-11 0)
(2.68331e-11 -1.85554e-11 0)
(2.839e-11 -1.71879e-11 0)
(2.98222e-11 -1.56885e-11 0)
(3.11188e-11 -1.40714e-11 0)
(3.22705e-11 -1.23508e-11 0)
(3.3268e-11 -1.05438e-11 0)
(3.41032e-11 -8.663e-12 0)
(3.47713e-11 -6.7229e-12 0)
(3.52688e-11 -4.73714e-12 0)
(3.55935e-11 -2.71989e-12 0)
(3.57453e-11 -6.8553e-13 0)
(3.57238e-11 1.34956e-12 0)
(3.55296e-11 3.36885e-12 0)
(3.51627e-11 5.35783e-12 0)
(3.46221e-11 7.30307e-12 0)
(3.3912e-11 9.1924e-12 0)
(3.30385e-11 1.10124e-11 0)
(3.20073e-11 1.27511e-11 0)
(3.08268e-11 1.43964e-11 0)
(2.95077e-11 1.5934e-11 0)
(2.80594e-11 1.73516e-11 0)
(2.64921e-11 1.86349e-11 0)
(2.48196e-11 1.97704e-11 0)
(2.30565e-11 2.07433e-11 0)
(2.12177e-11 2.1539e-11 0)
(1.93185e-11 2.21419e-11 0)
(1.73755e-11 2.25357e-11 0)
(1.54112e-11 2.27041e-11 0)
(1.34459e-11 2.26296e-11 0)
(1.15022e-11 2.22921e-11 0)
(9.61917e-12 2.16698e-11 0)
(7.8117e-12 2.07402e-11 0)
(6.09812e-12 1.94683e-11 0)
(4.56337e-12 1.78218e-11 0)
(3.18358e-12 1.57827e-11 0)
(1.92573e-12 1.32665e-11 0)
(1.00918e-12 1.02213e-11 0)
(3.88816e-13 6.65141e-12 0)
(1.46106e-16 2.49608e-12 0)
(2.88329e-15 -2.70901e-12 0)
(3.28215e-13 -7.2581e-12 0)
(8.62793e-13 -1.12387e-11 0)
(1.65313e-12 -1.46049e-11 0)
(2.67509e-12 -1.73991e-11 0)
(3.87872e-12 -1.96772e-11 0)
(5.21719e-12 -2.14935e-11 0)
(6.68377e-12 -2.2893e-11 0)
(8.25072e-12 -2.39076e-11 0)
(9.88011e-12 -2.45624e-11 0)
(1.1554e-11 -2.48935e-11 0)
(1.32502e-11 -2.49262e-11 0)
(1.49418e-11 -2.46823e-11 0)
(1.66104e-11 -2.41842e-11 0)
(1.8241e-11 -2.34534e-11 0)
(1.98156e-11 -2.25085e-11 0)
(2.13198e-11 -2.13687e-11 0)
(2.27402e-11 -2.00515e-11 0)
(2.40642e-11 -1.85744e-11 0)
(2.52826e-11 -1.69531e-11 0)
(2.63865e-11 -1.52053e-11 0)
(2.73658e-11 -1.33467e-11 0)
(2.82136e-11 -1.13934e-11 0)
(2.89248e-11 -9.36081e-12 0)
(2.94933e-11 -7.2644e-12 0)
(2.99164e-11 -5.1198e-12 0)
(3.01931e-11 -2.94206e-12 0)
(3.03228e-11 -7.46685e-13 0)
(3.03048e-11 1.45016e-12 0)
(3.01389e-11 3.63283e-12 0)
(2.98253e-11 5.78364e-12 0)
(2.93659e-11 7.8876e-12 0)
(2.87626e-11 9.93151e-12 0)
(2.80192e-11 1.19009e-11 0)
(2.7143e-11 1.37819e-11 0)
(2.61403e-11 1.55611e-11 0)
(2.5018e-11 1.72242e-11 0)
(2.37855e-11 1.87553e-11 0)
(2.24525e-11 2.01413e-11 0)
(2.10297e-11 2.13672e-11 0)
(1.95296e-11 2.24173e-11 0)
(1.7965e-11 2.32753e-11 0)
(1.63484e-11 2.39244e-11 0)
(1.46955e-11 2.43474e-11 0)
(1.30261e-11 2.45265e-11 0)
(1.13579e-11 2.44416e-11 0)
(9.71001e-12 2.40712e-11 0)
(8.11178e-12 2.33916e-11 0)
(6.58275e-12 2.23733e-11 0)
(5.15215e-12 2.09872e-11 0)
(3.83449e-12 1.92007e-11 0)
(2.65613e-12 1.69529e-11 0)
(1.68389e-12 1.42315e-11 0)
(8.43182e-13 1.09809e-11 0)
(2.83347e-13 7.07898e-12 0)
(2.86314e-15 2.65598e-12 0)
(-1.51454e-14 -2.85327e-12 0)
(2.69967e-13 -7.64909e-12 0)
(6.96685e-13 -1.18601e-11 0)
(1.3484e-12 -1.54224e-11 0)
(2.1856e-12 -1.83986e-11 0)
(3.16277e-12 -2.08354e-11 0)
(4.24789e-12 -2.27875e-11 0)
(5.44694e-12 -2.42883e-11 0)
(6.73285e-12 -2.53716e-11 0)
(8.06793e-12 -2.60777e-11 0)
(9.43892e-12 -2.6438e-11 0)
(1.08293e-11 -2.64758e-11 0)
(1.22175e-11 -2.62204e-11 0)
(1.35874e-11 -2.56942e-11 0)
(1.49263e-11 -2.49197e-11 0)
(1.62196e-11 -2.39172e-11 0)
(1.74548e-11 -2.27069e-11 0)
(1.86212e-11 -2.13084e-11 0)
(1.971e-11 -1.97393e-11 0)
(2.07115e-11 -1.80173e-11 0)
(2.16175e-11 -1.61599e-11 0)
(2.24225e-11 -1.41858e-11 0)
(2.31198e-11 -1.21099e-11 0)
(2.37032e-11 -9.95061e-12 0)
(2.41696e-11 -7.72354e-12 0)
(2.45169e-11 -5.44469e-12 0)
(2.47444e-11 -3.13002e-12 0)
(2.48517e-11 -7.96788e-13 0)
(2.48382e-11 1.53751e-12 0)
(2.47026e-11 3.85592e-12 0)
(2.44445e-11 6.1415e-12 0)
(2.40658e-11 8.37901e-12 0)
(2.35693e-11 1.05521e-11 0)
(2.29587e-11 1.26466e-11 0)
(2.22383e-11 1.46474e-11 0)
(2.14139e-11 1.65387e-11 0)
(2.04913e-11 1.83058e-11 0)
(1.94781e-11 1.99337e-11 0)
(1.83828e-11 2.14067e-11 0)
(1.72138e-11 2.27092e-11 0)
(1.59809e-11 2.38243e-11 0)
(1.46951e-11 2.47348e-11 0)
(1.33673e-11 2.54233e-11 0)
(1.20103e-11 2.58712e-11 0)
(1.06406e-11 2.60589e-11 0)
(9.27247e-12 2.59651e-11 0)
(7.92226e-12 2.55653e-11 0)
(6.61904e-12 2.48347e-11 0)
(5.37064e-12 2.37448e-11 0)
(4.1912e-12 2.22573e-11 0)
(3.1329e-12 2.03375e-11 0)
(2.19211e-12 1.7962e-11 0)
(1.34094e-12 1.5049e-11 0)
(6.88604e-13 1.15541e-11 0)
(2.60089e-13 7.48247e-12 0)
(5.98958e-16 2.78457e-12 0)
(-1.16679e-14 -2.95553e-12 0)
(2.14937e-13 -7.95422e-12 0)
(5.44514e-13 -1.23424e-11 0)
(1.04297e-12 -1.60725e-11 0)
(1.69139e-12 -1.91978e-11 0)
(2.4505e-12 -2.17612e-11 0)
(3.28961e-12 -2.38119e-11 0)
(4.2256e-12 -2.53891e-11 0)
(5.22662e-12 -2.65319e-11 0)
(6.26028e-12 -2.72797e-11 0)
(7.3282e-12 -2.76635e-11 0)
(8.41211e-12 -2.7709e-11 0)
(9.49237e-12 -2.74441e-11 0)
(1.05593e-11 -2.68962e-11 0)
(1.16028e-11 -2.6087e-11 0)
(1.26111e-11 -2.50393e-11 0)
(1.35739e-11 -2.37728e-11 0)
(1.44832e-11 -2.23089e-11 0)
(1.53317e-11 -2.06657e-11 0)
(1.6113e-11 -1.88642e-11 0)
(1.682e-11 -1.69201e-11 0)
(1.74472e-11 -1.48535e-11 0)
(1.79902e-11 -1.26814e-11 0)
(1.8445e-11 -1.04212e-11 0)
(1.88094e-11 -8.08889e-12 0)
(1.90815e-11 -5.70241e-12 0)
(1.92601e-11 -3.2781e-12 0)
(1.93437e-11 -8.3518e-13 0)
(1.93318e-11 1.60859e-12 0)
(1.92243e-11 4.03453e-12 0)
(1.90223e-11 6.42652e-12 0)
(1.87268e-11 8.76772e-12 0)
(1.83391e-11 1.1043e-11 0)
(1.78622e-11 1.32359e-11 0)
(1.72999e-11 1.53309e-11 0)
(1.66561e-11 1.73122e-11 0)
(1.59363e-11 1.91631e-11 0)
(1.51462e-11 2.08686e-11 0)
(1.42919e-11 2.2412e-11 0)
(1.33799e-11 2.37762e-11 0)
(1.24182e-11 2.49439e-11 0)
(1.14156e-11 2.58973e-11 0)
(1.03806e-11 2.66178e-11 0)
(9.32288e-12 2.70852e-11 0)
(8.25644e-12 2.72792e-11 0)
(7.19252e-12 2.71771e-11 0)
(6.14324e-12 2.67541e-11 0)
(5.13185e-12 2.59815e-11 0)
(4.16238e-12 2.4828e-11 0)
(3.25568e-12 2.32656e-11 0)
(2.43986e-12 2.12501e-11 0)
(1.69268e-12 1.87318e-11 0)
(1.05821e-12 1.56883e-11 0)
(5.47063e-13 1.20691e-11 0)
(1.86446e-13 7.75753e-12 0)
(4.11982e-15 2.89565e-12 0)
(-1.21249e-14 -3.03665e-12 0)
(1.59184e-13 -8.18602e-12 0)
(3.88456e-13 -1.27125e-11 0)
(7.40605e-13 -1.6569e-11 0)
(1.20704e-12 -1.97986e-11 0)
(1.75002e-12 -2.24522e-11 0)
(2.34481e-12 -2.45757e-11 0)
(3.01122e-12 -2.62121e-11 0)
(3.72552e-12 -2.7403e-11 0)
(4.46172e-12 -2.81821e-11 0)
(5.22409e-12 -2.85827e-11 0)
(5.99473e-12 -2.86343e-11 0)
(6.76817e-12 -2.8363e-11 0)
(7.52928e-12 -2.7799e-11 0)
(8.27414e-12 -2.69643e-11 0)
(8.99425e-12 -2.58816e-11 0)
(9.682e-12 -2.45733e-11 0)
(1.03314e-11 -2.30601e-11 0)
(1.09374e-11 -2.13624e-11 0)
(1.1495e-11 -1.94989e-11 0)
(1.19998e-11 -1.74907e-11 0)
(1.24475e-11 -1.53543e-11 0)
(1.28357e-11 -1.31095e-11 0)
(1.31615e-11 -1.07727e-11 0)
(1.34224e-11 -8.36202e-12 0)
(1.36174e-11 -5.89413e-12 0)
(1.37452e-11 -3.38832e-12 0)
(1.38043e-11 -8.63231e-13 0)
(1.3795e-11 1.66129e-12 0)
(1.37169e-11 4.16766e-12 0)
(1.35707e-11 6.63964e-12 0)
(1.33579e-11 9.06007e-12 0)
(1.30802e-11 1.14124e-11 0)
(1.27388e-11 1.36802e-11 0)
(1.23367e-11 1.58463e-11 0)
(1.1876e-11 1.78947e-11 0)
(1.13608e-11 1.98093e-11 0)
(1.07961e-11 2.15728e-11 0)
(1.01851e-11 2.31682e-11 0)
(9.53292e-12 2.45781e-11 0)
(8.84564e-12 2.57848e-11 0)
(8.12963e-12 2.67699e-11 0)
(7.39036e-12 2.75138e-11 0)
(6.6351e-12 2.7995e-11 0)
(5.87354e-12 2.8193e-11 0)
(5.1171e-12 2.80844e-11 0)
(4.36901e-12 2.7641e-11 0)
(3.65138e-12 2.68366e-11 0)
(2.96966e-12 2.56396e-11 0)
(2.32264e-12 2.40113e-11 0)
(1.73863e-12 2.19184e-11 0)
(1.23322e-12 1.93274e-11 0)
(7.75605e-13 1.6167e-11 0)
(3.77723e-13 1.23947e-11 0)
(1.35238e-13 8.00221e-12 0)
(-8.97375e-15 2.96485e-12 0)
(-1.32467e-14 -3.09131e-12 0)
(1.016e-13 -8.33963e-12 0)
(2.37641e-13 -1.29604e-11 0)
(4.44368e-13 -1.68954e-11 0)
(7.29727e-13 -2.01957e-11 0)
(1.05629e-12 -2.29093e-11 0)
(1.40551e-12 -2.50844e-11 0)
(1.80285e-12 -2.67624e-11 0)
(2.22961e-12 -2.79834e-11 0)
(2.66649e-12 -2.87827e-11 0)
(3.13215e-12 -2.9191e-11 0)
(3.57369e-12 -2.92434e-11 0)
(4.04622e-12 -2.8975e-11 0)
(4.4984e-12 -2.84011e-11 0)
(4.94334e-12 -2.75493e-11 0)
(5.37328e-12 -2.64435e-11 0)
(5.7833e-12 -2.51075e-11 0)
(6.17056e-12 -2.35617e-11 0)
(6.5326e-12 -2.18275e-11 0)
(6.86522e-12 -1.99239e-11 0)
(7.16595e-12 -1.78718e-11 0)
(7.43314e-12 -1.56892e-11 0)
(7.66453e-12 -1.33957e-11 0)
(7.85962e-12 -1.10079e-11 0)
(8.01734e-12 -8.54432e-12 0)
(8.13576e-12 -6.02175e-12 0)
(8.21258e-12 -3.46132e-12 0)
(8.24604e-12 -8.81732e-13 0)
(8.23663e-12 1.69715e-12 0)
(8.18761e-12 4.25777e-12 0)
(8.09956e-12 6.78309e-12 0)
(7.97183e-12 9.25694e-12 0)
(7.80493e-12 1.16612e-11 0)
(7.59949e-12 1.39788e-11 0)
(7.35736e-12 1.61932e-11 0)
(7.08123e-12 1.82862e-11 0)
(6.77278e-12 2.0243e-11 0)
(6.4341e-12 2.20448e-11 0)
(6.06818e-12 2.36745e-11 0)
(5.67798e-12 2.51148e-11 0)
(5.26724e-12 2.63472e-11 0)
(4.84008e-12 2.73528e-11 0)
(4.39915e-12 2.81121e-11 0)
(3.94968e-12 2.86019e-11 0)
(3.49067e-12 2.87975e-11 0)
(3.04567e-12 2.86869e-11 0)
(2.59922e-12 2.82324e-11 0)
(2.1797e-12 2.74056e-11 0)
(1.77258e-12 2.61745e-11 0)
(1.39414e-12 2.45095e-11 0)
(1.07506e-12 2.23704e-11 0)
(7.52299e-13 1.96973e-11 0)
(4.57926e-13 1.64777e-11 0)
(2.62106e-13 1.26548e-11 0)
(8.80201e-14 8.12635e-12 0)
(5.93781e-15 3.01812e-12 0)
(-1.25891e-14 -3.11774e-12 0)
(4.49737e-14 -8.4167e-12 0)
(8.72316e-14 -1.30813e-11 0)
(1.53114e-13 -1.70552e-11 0)
(2.55703e-13 -2.03906e-11 0)
(3.65492e-13 -2.31347e-11 0)
(4.68807e-13 -2.53345e-11 0)
(5.97523e-13 -2.70327e-11 0)
(7.37441e-13 -2.82688e-11 0)
(8.71104e-13 -2.90792e-11 0)
(1.02398e-12 -2.94969e-11 0)
(1.1691e-12 -2.95558e-11 0)
(1.33159e-12 -2.92788e-11 0)
(1.4688e-12 -2.86964e-11 0)
(1.61139e-12 -2.78361e-11 0)
(1.74978e-12 -2.67205e-11 0)
(1.88153e-12 -2.53711e-11 0)
(2.00599e-12 -2.38094e-11 0)
(2.1223e-12 -2.20562e-11 0)
(2.22904e-12 -2.01329e-11 0)
(2.32517e-12 -1.80581e-11 0)
(2.41041e-12 -1.58523e-11 0)
(2.4856e-12 -1.35329e-11 0)
(2.55068e-12 -1.11188e-11 0)
(2.6047e-12 -8.62842e-12 0)
(2.6448e-12 -6.08142e-12 0)
(2.66873e-12 -3.49652e-12 0)
(2.67666e-12 -8.93027e-13 0)
(2.66977e-12 1.71181e-12 0)
(2.65034e-12 4.30049e-12 0)
(2.61936e-12 6.85388e-12 0)
(2.5762e-12 9.35423e-12 0)
(2.52009e-12 1.17842e-11 0)
(2.45187e-12 1.41266e-11 0)
(2.37126e-12 1.63644e-11 0)
(2.27987e-12 1.84809e-11 0)
(2.17838e-12 2.04576e-11 0)
(2.06682e-12 2.22783e-11 0)
(1.94715e-12 2.3925e-11 0)
(1.81987e-12 2.538e-11 0)
(1.68644e-12 2.66246e-11 0)
(1.54928e-12 2.76398e-11 0)
(1.40836e-12 2.84058e-11 0)
(1.27077e-12 2.89037e-11 0)
(1.11466e-12 2.91097e-11 0)
(9.68773e-13 2.89864e-11 0)
(8.31549e-13 2.85216e-11 0)
(7.04963e-13 2.76827e-11 0)
(5.90858e-13 2.64373e-11 0)
(4.79141e-13 2.47493e-11 0)
(3.6532e-13 2.2581e-11 0)
(2.89509e-13 1.98951e-11 0)
(2.20567e-13 1.66323e-11 0)
(7.79882e-14 1.27435e-11 0)
(1.03706e-14 8.21361e-12 0)
(-8.89351e-15 3.03649e-12 0)
(-1.26923e-14 -3.11963e-12 0)
(-6.2731e-15 -8.41404e-12 0)
(-5.58141e-14 -1.30802e-11 0)
(-1.3685e-13 -1.70527e-11 0)
(-2.16854e-13 -2.03857e-11 0)
(-3.23105e-13 -2.31285e-11 0)
(-4.64869e-13 -2.53265e-11 0)
(-6.04541e-13 -2.70235e-11 0)
(-7.49748e-13 -2.8259e-11 0)
(-9.05695e-13 -2.90694e-11 0)
(-1.07683e-12 -2.94866e-11 0)
(-1.23348e-12 -2.95459e-11 0)
(-1.4121e-12 -2.92689e-11 0)
(-1.56581e-12 -2.86873e-11 0)
(-1.72259e-12 -2.78275e-11 0)
(-1.87447e-12 -2.67124e-11 0)
(-2.01993e-12 -2.53634e-11 0)
(-2.15759e-12 -2.38019e-11 0)
(-2.2865e-12 -2.2049e-11 0)
(-2.40556e-12 -2.01253e-11 0)
(-2.51388e-12 -1.80498e-11 0)
(-2.60947e-12 -1.58417e-11 0)
(-2.69096e-12 -1.35205e-11 0)
(-2.75809e-12 -1.11064e-11 0)
(-2.81108e-12 -8.61762e-12 0)
(-2.85116e-12 -6.07496e-12 0)
(-2.87954e-12 -3.49456e-12 0)
(-2.89614e-12 -8.94328e-13 0)
(-2.89873e-12 1.70891e-12 0)
(-2.88636e-12 4.29627e-12 0)
(-2.85954e-12 6.85024e-12 0)
(-2.81829e-12 9.35102e-12 0)
(-2.76321e-12 1.17817e-11 0)
(-2.69514e-12 1.41244e-11 0)
(-2.61378e-12 1.63618e-11 0)
(-2.52036e-12 1.84776e-11 0)
(-2.41544e-12 2.04538e-11 0)
(-2.29905e-12 2.22738e-11 0)
(-2.17274e-12 2.39198e-11 0)
(-2.0373e-12 2.53736e-11 0)
(-1.89359e-12 2.66177e-11 0)
(-1.7426e-12 2.76322e-11 0)
(-1.58646e-12 2.83972e-11 0)
(-1.43421e-12 2.88939e-11 0)
(-1.25791e-12 2.90992e-11 0)
(-1.08809e-12 2.89748e-11 0)
(-9.25128e-13 2.85091e-11 0)
(-7.56995e-13 2.7669e-11 0)
(-6.00728e-13 2.64221e-11 0)
(-4.50409e-13 2.4737e-11 0)
(-2.80778e-13 2.25702e-11 0)
(-1.80242e-13 1.98708e-11 0)
(-1.32173e-13 1.66184e-11 0)
(-2.25303e-14 1.27542e-11 0)
(-1.16038e-14 8.19253e-12 0)
(5.9399e-15 3.03435e-12 0)
(-1.98904e-14 -3.09304e-12 0)
(-5.48468e-14 -8.34062e-12 0)
(-2.0525e-13 -1.29564e-11 0)
(-4.2502e-13 -1.68843e-11 0)
(-6.88488e-13 -2.01804e-11 0)
(-1.01213e-12 -2.28901e-11 0)
(-1.39969e-12 -2.50606e-11 0)
(-1.80884e-12 -2.67365e-11 0)
(-2.24169e-12 -2.79555e-11 0)
(-2.70145e-12 -2.87533e-11 0)
(-3.18397e-12 -2.91614e-11 0)
(-3.63833e-12 -2.92146e-11 0)
(-4.12501e-12 -2.89467e-11 0)
(-4.5929e-12 -2.83739e-11 0)
(-5.05098e-12 -2.75235e-11 0)
(-5.49357e-12 -2.64194e-11 0)
(-5.91641e-12 -2.50845e-11 0)
(-6.31617e-12 -2.35398e-11 0)
(-6.68963e-12 -2.18064e-11 0)
(-7.03315e-12 -1.99031e-11 0)
(-7.34375e-12 -1.78503e-11 0)
(-7.61983e-12 -1.56661e-11 0)
(-7.85937e-12 -1.33707e-11 0)
(-8.05949e-12 -1.09823e-11 0)
(-8.22026e-12 -8.52176e-12 0)
(-8.34135e-12 -6.00629e-12 0)
(-8.42133e-12 -3.45489e-12 0)
(-8.46038e-12 -8.82418e-13 0)
(-8.45836e-12 1.69295e-12 0)
(-8.4141e-12 4.25359e-12 0)
(-8.32837e-12 6.77961e-12 0)
(-8.20245e-12 9.25397e-12 0)
(-8.03665e-12 1.16572e-11 0)
(-7.83243e-12 1.39746e-11 0)
(-7.59061e-12 1.61876e-11 0)
(-7.31274e-12 1.82797e-11 0)
(-7.0011e-12 2.02339e-11 0)
(-6.65796e-12 2.20335e-11 0)
(-6.28613e-12 2.36603e-11 0)
(-5.88806e-12 2.50984e-11 0)
(-5.46706e-12 2.63279e-11 0)
(-5.02698e-12 2.73313e-11 0)
(-4.57198e-12 2.80875e-11 0)
(-4.10847e-12 2.85744e-11 0)
(-3.63073e-12 2.8767e-11 0)
(-3.16181e-12 2.86536e-11 0)
(-2.69105e-12 2.81957e-11 0)
(-2.23137e-12 2.73672e-11 0)
(-1.77913e-12 2.61364e-11 0)
(-1.36044e-12 2.4467e-11 0)
(-1.00349e-12 2.23242e-11 0)
(-6.48848e-13 1.96709e-11 0)
(-3.3988e-13 1.64416e-11 0)
(-2.19794e-13 1.26071e-11 0)
(-1.09857e-13 8.12182e-12 0)
(-5.15369e-15 3.00712e-12 0)
(-1.14287e-14 -3.04066e-12 0)
(-1.10788e-13 -8.18617e-12 0)
(-3.45345e-13 -1.27081e-11 0)
(-7.16504e-13 -1.6551e-11 0)
(-1.16455e-12 -1.97723e-11 0)
(-1.70359e-12 -2.2418e-11 0)
(-2.33768e-12 -2.45359e-11 0)
(-3.01611e-12 -2.61701e-11 0)
(-3.73497e-12 -2.73574e-11 0)
(-4.49442e-12 -2.81344e-11 0)
(-5.27349e-12 -2.85355e-11 0)
(-6.05418e-12 -2.85872e-11 0)
(-6.84121e-12 -2.83172e-11 0)
(-7.61713e-12 -2.77551e-11 0)
(-8.3747e-12 -2.69221e-11 0)
(-9.10603e-12 -2.58419e-11 0)
(-9.80507e-12 -2.45353e-11 0)
(-1.04657e-11 -2.30246e-11 0)
(-1.10818e-11 -2.13282e-11 0)
(-1.16489e-11 -1.94669e-11 0)
(-1.21625e-11 -1.74585e-11 0)
(-1.26182e-11 -1.53236e-11 0)
(-1.30126e-11 -1.30784e-11 0)
(-1.33444e-11 -1.07436e-11 0)
(-1.36113e-11 -8.33626e-12 0)
(-1.38114e-11 -5.87502e-12 0)
(-1.3943e-11 -3.37552e-12 0)
(-1.40047e-11 -8.57531e-13 0)
(-1.39972e-11 1.66366e-12 0)
(-1.39217e-11 4.16801e-12 0)
(-1.37788e-11 6.63965e-12 0)
(-1.35695e-11 9.05892e-12 0)
(-1.32936e-11 1.1411e-11 0)
(-1.29529e-11 1.36765e-11 0)
(-1.25509e-11 1.58416e-11 0)
(-1.20898e-11 1.78867e-11 0)
(-1.1573e-11 1.97981e-11 0)
(-1.10044e-11 2.15566e-11 0)
(-1.03876e-11 2.3148e-11 0)
(-9.72844e-12 2.45528e-11 0)
(-9.03221e-12 2.57552e-11 0)
(-8.30401e-12 2.67348e-11 0)
(-7.55203e-12 2.74742e-11 0)
(-6.78424e-12 2.79502e-11 0)
(-6.00492e-12 2.81434e-11 0)
(-5.22702e-12 2.80298e-11 0)
(-4.45565e-12 2.75832e-11 0)
(-3.69545e-12 2.67748e-11 0)
(-2.97769e-12 2.55732e-11 0)
(-2.30017e-12 2.39473e-11 0)
(-1.64057e-12 2.18553e-11 0)
(-1.12142e-12 1.92501e-11 0)
(-7.21324e-13 1.61072e-11 0)
(-3.08319e-13 1.23688e-11 0)
(-1.17717e-13 7.95179e-12 0)
(1.00145e-14 2.95685e-12 0)
(-1.99749e-14 -2.96009e-12 0)
(-1.63108e-13 -7.95115e-12 0)
(-4.992e-13 -1.23332e-11 0)
(-1.01002e-12 -1.6048e-11 0)
(-1.64312e-12 -1.91567e-11 0)
(-2.40113e-12 -2.17092e-11 0)
(-3.28211e-12 -2.37496e-11 0)
(-4.2292e-12 -2.53221e-11 0)
(-5.23345e-12 -2.64639e-11 0)
(-6.29063e-12 -2.72096e-11 0)
(-7.37296e-12 -2.75924e-11 0)
(-8.46468e-12 -2.76389e-11 0)
(-9.55834e-12 -2.73764e-11 0)
(-1.06383e-11 -2.68308e-11 0)
(-1.16923e-11 -2.60243e-11 0)
(-1.27099e-11 -2.49787e-11 0)
(-1.36825e-11 -2.37156e-11 0)
(-1.46012e-11 -2.22542e-11 0)
(-1.54583e-11 -2.06146e-11 0)
(-1.62467e-11 -1.88152e-11 0)
(-1.69605e-11 -1.68742e-11 0)
(-1.75943e-11 -1.48097e-11 0)
(-1.81443e-11 -1.26397e-11 0)
(-1.86064e-11 -1.03826e-11 0)
(-1.8977e-11 -8.05498e-12 0)
(-1.92535e-11 -5.67486e-12 0)
(-1.94347e-11 -3.25805e-12 0)
(-1.952e-11 -8.22554e-13 0)
(-1.95096e-11 1.61507e-12 0)
(-1.94033e-11 4.03658e-12 0)
(-1.92024e-11 6.42616e-12 0)
(-1.89083e-11 8.76543e-12 0)
(-1.85227e-11 1.10396e-11 0)
(-1.8048e-11 1.32296e-11 0)
(-1.74874e-11 1.53216e-11 0)
(-1.68445e-11 1.7298e-11 0)
(-1.61241e-11 1.91445e-11 0)
(-1.53316e-11 2.08432e-11 0)
(-1.44728e-11 2.238e-11 0)
(-1.3555e-11 2.37362e-11 0)
(-1.25856e-11 2.48973e-11 0)
(-1.15726e-11 2.5843e-11 0)
(-1.05261e-11 2.65568e-11 0)
(-9.45786e-12 2.70166e-11 0)
(-8.37556e-12 2.72046e-11 0)
(-7.29093e-12 2.70964e-11 0)
(-6.22117e-12 2.66682e-11 0)
(-5.17639e-12 2.58905e-11 0)
(-4.16116e-12 2.4737e-11 0)
(-3.21521e-12 2.31664e-11 0)
(-2.38531e-12 2.11498e-11 0)
(-1.59773e-12 1.86497e-11 0)
(-9.09182e-13 1.5601e-11 0)
(-5.24444e-13 1.19702e-11 0)
(-2.26145e-13 7.72734e-12 0)
(-1.44499e-14 2.87096e-12 0)
(-1.14686e-14 -2.84865e-12 0)
(-2.23377e-13 -7.63929e-12 0)
(-6.45918e-13 -1.18285e-11 0)
(-1.30788e-12 -1.53751e-11 0)
(-2.13079e-12 -1.83382e-11 0)
(-3.1083e-12 -2.07666e-11 0)
(-4.23547e-12 -2.27045e-11 0)
(-5.45156e-12 -2.41964e-11 0)
(-6.7399e-12 -2.52788e-11 0)
(-8.09297e-12 -2.59837e-11 0)
(-9.47807e-12 -2.63437e-11 0)
(-1.0876e-11 -2.63836e-11 0)
(-1.22741e-11 -2.6131e-11 0)
(-1.36546e-11 -2.56067e-11 0)
(-1.50014e-11 -2.48366e-11 0)
(-1.63021e-11 -2.38364e-11 0)
(-1.7545e-11 -2.26316e-11 0)
(-1.87189e-11 -2.12347e-11 0)
(-1.9814e-11 -1.9672e-11 0)
(-2.08212e-11 -1.79525e-11 0)
(-2.1733e-11 -1.61033e-11 0)
(-2.25424e-11 -1.41309e-11 0)
(-2.32446e-11 -1.2064e-11 0)
(-2.38345e-11 -9.90629e-12 0)
(-2.4308e-11 -7.68776e-12 0)
(-2.46617e-11 -5.41077e-12 0)
(-2.48926e-11 -3.10704e-12 0)
(-2.49999e-11 -7.76533e-13 0)
(-2.49842e-11 1.54715e-12 0)
(-2.48466e-11 3.86483e-12 0)
(-2.45887e-11 6.14187e-12 0)
(-2.42118e-11 8.38029e-12 0)
(-2.3718e-11 1.05452e-11 0)
(-2.31101e-11 1.26401e-11 0)
(-2.23922e-11 1.46304e-11 0)
(-2.15695e-11 1.65208e-11 0)
(-2.06483e-11 1.82762e-11 0)
(-1.96349e-11 1.99008e-11 0)
(-1.85368e-11 2.13601e-11 0)
(-1.73631e-11 2.26576e-11 0)
(-1.61239e-11 2.37588e-11 0)
(-1.48293e-11 2.46649e-11 0)
(-1.34926e-11 2.53408e-11 0)
(-1.21265e-11 2.57841e-11 0)
(-1.07424e-11 2.59608e-11 0)
(-9.3579e-12 2.58637e-11 0)
(-7.98972e-12 2.54557e-11 0)
(-6.64588e-12 2.47233e-11 0)
(-5.37233e-12 2.36222e-11 0)
(-4.17231e-12 2.21388e-11 0)
(-3.02214e-12 2.02247e-11 0)
(-2.08268e-12 1.78226e-11 0)
(-1.33129e-12 1.49272e-11 0)
(-6.03453e-13 1.14869e-11 0)
(-2.186e-13 7.39388e-12 0)
(5.81043e-15 2.76115e-12 0)
(-1.63238e-14 -2.71119e-12 0)
(-2.8094e-13 -7.24136e-12 0)
(-8.04808e-13 -1.11987e-11 0)
(-1.61602e-12 -1.45344e-11 0)
(-2.6282e-12 -1.73159e-11 0)
(-3.82601e-12 -1.95948e-11 0)
(-5.20088e-12 -2.14067e-11 0)
(-6.68602e-12 -2.28009e-11 0)
(-8.25729e-12 -2.38102e-11 0)
(-9.90394e-12 -2.4468e-11 0)
(-1.15885e-11 -2.4799e-11 0)
(-1.32887e-11 -2.48347e-11 0)
(-1.49872e-11 -2.45918e-11 0)
(-1.66645e-11 -2.40996e-11 0)
(-1.83e-11 -2.33689e-11 0)
(-1.98795e-11 -2.2431e-11 0)
(-2.13879e-11 -2.12921e-11 0)
(-2.28138e-11 -1.99837e-11 0)
(-2.41429e-11 -1.85068e-11 0)
(-2.53661e-11 -1.68958e-11 0)
(-2.64725e-11 -1.51489e-11 0)
(-2.7456e-11 -1.33018e-11 0)
(-2.83076e-11 -1.13494e-11 0)
(-2.9023e-11 -9.32825e-12 0)
(-2.95958e-11 -7.23183e-12 0)
(-3.00236e-11 -5.09759e-12 0)
(-3.03019e-11 -2.91734e-12 0)
(-3.04315e-11 -7.31799e-13 0)
(-3.04116e-11 1.46807e-12 0)
(-3.02437e-11 3.64079e-12 0)
(-2.99288e-11 5.79679e-12 0)
(-2.947e-11 7.89435e-12 0)
(-2.88691e-11 9.94405e-12 0)
(-2.81302e-11 1.19048e-11 0)
(-2.72575e-11 1.37878e-11 0)
(-2.62577e-11 1.5553e-11 0)
(-2.51383e-11 1.7213e-11 0)
(-2.39072e-11 1.87283e-11 0)
(-2.25737e-11 2.01091e-11 0)
(-2.11481e-11 2.13165e-11 0)
(-1.96432e-11 2.23594e-11 0)
(-1.80706e-11 2.32005e-11 0)
(-1.64475e-11 2.3845e-11 0)
(-1.47879e-11 2.42559e-11 0)
(-1.31073e-11 2.44322e-11 0)
(-1.14225e-11 2.43372e-11 0)
(-9.76042e-12 2.39637e-11 0)
(-8.14032e-12 2.32726e-11 0)
(-6.56936e-12 2.22538e-11 0)
(-5.09339e-12 2.08619e-11 0)
(-3.80453e-12 1.90583e-11 0)
(-2.58787e-12 1.68307e-11 0)
(-1.49644e-12 1.41086e-11 0)
(-8.39858e-13 1.08337e-11 0)
(-3.54711e-13 7.02143e-12 0)
(-1.23323e-14 2.61734e-12 0)
(-1.07586e-14 -2.54178e-12 0)
(-3.47821e-13 -6.76808e-12 0)
(-9.65847e-13 -1.04339e-11 0)
(-1.93097e-12 -1.35267e-11 0)
(-3.14349e-12 -1.60871e-11 0)
(-4.56356e-12 -1.81844e-11 0)
(-6.18251e-12 -1.98519e-11 0)
(-7.93556e-12 -2.11299e-11 0)
(-9.78878e-12 -2.20545e-11 0)
(-1.17245e-11 -2.26554e-11 0)
(-1.37057e-11 -2.29575e-11 0)
(-1.57031e-11 -2.29858e-11 0)
(-1.76981e-11 -2.27584e-11 0)
(-1.96642e-11 -2.23001e-11 0)
(-2.15839e-11 -2.16236e-11 0)
(-2.34369e-11 -2.07547e-11 0)
(-2.52086e-11 -1.97009e-11 0)
(-2.68793e-11 -1.84895e-11 0)
(-2.84389e-11 -1.71239e-11 0)
(-2.98728e-11 -1.56334e-11 0)
(-3.11721e-11 -1.40174e-11 0)
(-3.23245e-11 -1.23091e-11 0)
(-3.33236e-11 -1.05016e-11 0)
(-3.41612e-11 -8.63346e-12 0)
(-3.48328e-11 -6.69172e-12 0)
(-3.53317e-11 -4.71914e-12 0)
(-3.56572e-11 -2.69828e-12 0)
(-3.58066e-11 -6.77208e-13 0)
(-3.57815e-11 1.36458e-12 0)
(-3.55817e-11 3.37479e-12 0)
(-3.52105e-11 5.37688e-12 0)
(-3.46703e-11 7.31617e-12 0)
(-3.39646e-11 9.21906e-12 0)
(-3.30977e-11 1.10279e-11 0)
(-3.20749e-11 1.27739e-11 0)
(-3.0902e-11 1.43997e-11 0)
(-2.95873e-11 1.59388e-11 0)
(-2.81426e-11 1.73321e-11 0)
(-2.65777e-11 1.86117e-11 0)
(-2.49058e-11 1.97198e-11 0)
(-2.31385e-11 2.06879e-11 0)
(-2.1293e-11 2.14594e-11 0)
(-1.93853e-11 2.20615e-11 0)
(-1.74377e-11 2.24381e-11 0)
(-1.54638e-11 2.26085e-11 0)
(-1.34903e-11 2.25188e-11 0)
(-1.15388e-11 2.21833e-11 0)
(-9.62244e-12 2.1548e-11 0)
(-7.795e-12 2.06156e-11 0)
(-6.08987e-12 1.93273e-11 0)
(-4.45117e-12 1.76947e-11 0)
(-3.07239e-12 1.56224e-11 0)
(-1.97791e-12 1.31022e-11 0)
(-9.19326e-13 1.01069e-11 0)
(-3.25076e-13 6.54644e-12 0)
(9.01635e-15 2.45556e-12 0)
(-4.04278e-15 -2.34997e-12 0)
(-4.0884e-13 -6.21999e-12 0)
(-1.13796e-12 -9.5575e-12 0)
(-2.26502e-12 -1.23594e-11 0)
(-3.6661e-12 -1.46707e-11 0)
(-5.31838e-12 -1.65503e-11 0)
(-7.18474e-12 -1.80498e-11 0)
(-9.20142e-12 -1.91926e-11 0)
(-1.13332e-11 -2.00227e-11 0)
(-1.35568e-11 -2.05553e-11 0)
(-1.58284e-11 -2.08288e-11 0)
(-1.81167e-11 -2.08438e-11 0)
(-2.04011e-11 -2.06445e-11 0)
(-2.26536e-11 -2.02179e-11 0)
(-2.48515e-11 -1.96175e-11 0)
(-2.69718e-11 -1.8816e-11 0)
(-2.89981e-11 -1.78781e-11 0)
(-3.09113e-11 -1.67612e-11 0)
(-3.26961e-11 -1.55447e-11 0)
(-3.43367e-11 -1.41707e-11 0)
(-3.58233e-11 -1.27319e-11 0)
(-3.71414e-11 -1.11552e-11 0)
(-3.82854e-11 -9.54728e-12 0)
(-3.92431e-11 -7.82104e-12 0)
(-4.00108e-11 -6.09468e-12 0)
(-4.05801e-11 -4.26837e-12 0)
(-4.09504e-11 -2.47101e-12 0)
(-4.11183e-11 -5.94086e-13 0)
(-4.10869e-11 1.22023e-12 0)
(-4.08552e-11 3.08894e-12 0)
(-4.04279e-11 4.86207e-12 0)
(-3.98073e-11 6.66367e-12 0)
(-3.9e-11 8.34085e-12 0)
(-3.80076e-11 1.00242e-11 0)
(-3.68361e-11 1.15592e-11 0)
(-3.54919e-11 1.30804e-11 0)
(-3.39872e-11 1.44298e-11 0)
(-3.23336e-11 1.57399e-11 0)
(-3.05422e-11 1.68573e-11 0)
(-2.8627e-11 1.79076e-11 0)
(-2.66027e-11 1.87454e-11 0)
(-2.44884e-11 1.94889e-11 0)
(-2.23038e-11 1.99986e-11 0)
(-2.00741e-11 2.03777e-11 0)
(-1.78155e-11 2.05004e-11 0)
(-1.55524e-11 2.04543e-11 0)
(-1.33139e-11 2.01259e-11 0)
(-1.11331e-11 1.9581e-11 0)
(-9.02307e-12 1.8717e-11 0)
(-7.02133e-12 1.75943e-11 0)
(-5.25678e-12 1.60954e-11 0)
(-3.63346e-12 1.42384e-11 0)
(-2.13551e-12 1.19966e-11 0)
(-1.15441e-12 9.25666e-12 0)
(-4.77201e-13 6.01076e-12 0)
(6.14869e-15 2.27773e-12 0)
(-6.67078e-15 -2.13901e-12 0)
(-4.78143e-13 -5.58218e-12 0)
(-1.31769e-12 -8.55415e-12 0)
(-2.61035e-12 -1.1014e-11 0)
(-4.21052e-12 -1.30491e-11 0)
(-6.08843e-12 -1.46909e-11 0)
(-8.2032e-12 -1.59933e-11 0)
(-1.04843e-11 -1.69941e-11 0)
(-1.28903e-11 -1.77115e-11 0)
(-1.53976e-11 -1.81801e-11 0)
(-1.79533e-11 -1.84084e-11 0)
(-2.05315e-11 -1.84289e-11 0)
(-2.30974e-11 -1.82411e-11 0)
(-2.56307e-11 -1.78783e-11 0)
(-2.80963e-11 -1.73334e-11 0)
(-3.04821e-11 -1.66445e-11 0)
(-3.27544e-11 -1.57973e-11 0)
(-3.49051e-11 -1.48347e-11 0)
(-3.69058e-11 -1.37351e-11 0)
(-3.87523e-11 -1.25503e-11 0)
(-4.04177e-11 -1.1249e-11 0)
(-4.19017e-11 -9.88954e-12 0)
(-4.3182e-11 -8.43482e-12 0)
(-4.42604e-11 -6.94566e-12 0)
(-4.51183e-11 -5.38277e-12 0)
(-4.57579e-11 -3.8057e-12 0)
(-4.61679e-11 -2.17299e-12 0)
(-4.63571e-11 -5.49795e-13 0)
(-4.63175e-11 1.10262e-12 0)
(-4.60577e-11 2.71359e-12 0)
(-4.55758e-11 4.32537e-12 0)
(-4.48797e-11 5.87011e-12 0)
(-4.39688e-11 7.394e-12 0)
(-4.28512e-11 8.83297e-12 0)
(-4.153e-11 1.0233e-11 0)
(-4.00167e-11 1.1531e-11 0)
(-3.8324e-11 1.27699e-11 0)
(-3.64618e-11 1.38899e-11 0)
(-3.44498e-11 1.49209e-11 0)
(-3.22961e-11 1.5814e-11 0)
(-3.00232e-11 1.65976e-11 0)
(-2.76453e-11 1.72222e-11 0)
(-2.51967e-11 1.77105e-11 0)
(-2.26893e-11 1.80167e-11 0)
(-2.0155e-11 1.81567e-11 0)
(-1.76108e-11 1.80922e-11 0)
(-1.51026e-11 1.78269e-11 0)
(-1.2634e-11 1.73302e-11 0)
(-1.02651e-11 1.66003e-11 0)
(-8.04444e-12 1.55914e-11 0)
(-5.95674e-12 1.42899e-11 0)
(-4.10241e-12 1.27078e-11 0)
(-2.63355e-12 1.0683e-11 0)
(-1.27836e-12 8.28623e-12 0)
(-4.29983e-13 5.42331e-12 0)
(2.8638e-15 2.07331e-12 0)
(-2.7094e-14 -1.8846e-12 0)
(-5.38618e-13 -4.85341e-12 0)
(-1.5161e-12 -7.39529e-12 0)
(-2.97895e-12 -9.46427e-12 0)
(-4.78224e-12 -1.11729e-11 0)
(-6.87899e-12 -1.25486e-11 0)
(-9.24522e-12 -1.36375e-11 0)
(-1.17854e-11 -1.44774e-11 0)
(-1.44628e-11 -1.50765e-11 0)
(-1.72447e-11 -1.54714e-11 0)
(-2.00841e-11 -1.56579e-11 0)
(-2.29384e-11 -1.56775e-11 0)
(-2.57852e-11 -1.55099e-11 0)
(-2.85868e-11 -1.52098e-11 0)
(-3.13218e-11 -1.47372e-11 0)
(-3.39568e-11 -1.41642e-11 0)
(-3.64766e-11 -1.34295e-11 0)
(-3.88514e-11 -1.26278e-11 0)
(-4.10716e-11 -1.16743e-11 0)
(-4.31089e-11 -1.06864e-11 0)
(-4.49575e-11 -9.55539e-12 0)
(-4.65945e-11 -8.42308e-12 0)
(-4.80156e-11 -7.15678e-12 0)
(-4.92051e-11 -5.92355e-12 0)
(-5.01572e-11 -4.56171e-12 0)
(-5.08599e-11 -3.25731e-12 0)
(-5.13147e-11 -1.8263e-12 0)
(-5.15174e-11 -4.813e-13 0)
(-5.14752e-11 9.70039e-13 0)
(-5.11844e-11 2.29342e-12 0)
(-5.06503e-11 3.69917e-12 0)
(-4.98752e-11 4.94926e-12 0)
(-4.8865e-11 6.28047e-12 0)
(-4.7623e-11 7.45008e-12 0)
(-4.61558e-11 8.69361e-12 0)
(-4.44747e-11 9.75192e-12 0)
(-4.25908e-11 1.08641e-11 0)
(-4.05316e-11 1.17686e-11 0)
(-3.83002e-11 1.27064e-11 0)
(-3.59151e-11 1.34285e-11 0)
(-3.33949e-11 1.41534e-11 0)
(-3.07677e-11 1.464e-11 0)
(-2.8053e-11 1.51022e-11 0)
(-2.52857e-11 1.53206e-11 0)
(-2.24776e-11 1.54827e-11 0)
(-1.9668e-11 1.53908e-11 0)
(-1.68807e-11 1.52097e-11 0)
(-1.41555e-11 1.47609e-11 0)
(-1.15218e-11 1.41728e-11 0)
(-9.02818e-12 1.33056e-11 0)
(-6.74317e-12 1.22612e-11 0)
(-4.71477e-12 1.08646e-11 0)
(-2.86126e-12 9.20457e-12 0)
(-1.49612e-12 7.21234e-12 0)
(-5.78468e-13 4.69588e-12 0)
(-2.56786e-14 1.8263e-12 0)
(-5.4767e-16 -1.58919e-12 0)
(-6.36374e-13 -4.01873e-12 0)
(-1.71638e-12 -6.05807e-12 0)
(-3.34552e-12 -7.71613e-12 0)
(-5.36328e-12 -9.05555e-12 0)
(-7.68915e-12 -1.01483e-11 0)
(-1.03027e-11 -1.10153e-11 0)
(-1.31014e-11 -1.16679e-11 0)
(-1.60451e-11 -1.21543e-11 0)
(-1.90978e-11 -1.24555e-11 0)
(-2.22107e-11 -1.26175e-11 0)
(-2.53391e-11 -1.26121e-11 0)
(-2.84585e-11 -1.25009e-11 0)
(-3.15259e-11 -1.22309e-11 0)
(-3.45199e-11 -1.18847e-11 0)
(-3.74031e-11 -1.13845e-11 0)
(-4.01614e-11 -1.0839e-11 0)
(-4.27593e-11 -1.01416e-11 0)
(-4.51879e-11 -9.43103e-12 0)
(-4.74162e-11 -8.56821e-12 0)
(-4.94388e-11 -7.72652e-12 0)
(-5.12291e-11 -6.73452e-12 0)
(-5.27888e-11 -5.79767e-12 0)
(-5.40902e-11 -4.71365e-12 0)
(-5.51347e-11 -3.71513e-12 0)
(-5.59013e-11 -2.56693e-12 0)
(-5.63994e-11 -1.5183e-12 0)
(-5.66221e-11 -3.22831e-13 0)
(-5.65801e-11 7.30286e-13 0)
(-5.62657e-11 1.90367e-12 0)
(-5.56865e-11 2.89609e-12 0)
(-5.48315e-11 4.00592e-12 0)
(-5.37085e-11 4.94036e-12 0)
(-5.23268e-11 6.00313e-12 0)
(-5.07065e-11 6.8795e-12 0)
(-4.88569e-11 7.86691e-12 0)
(-4.67954e-11 8.64576e-12 0)
(-4.45327e-11 9.51044e-12 0)
(-4.20792e-11 1.01657e-11 0)
(-3.94683e-11 1.08727e-11 0)
(-3.67183e-11 1.13546e-11 0)
(-3.38514e-11 1.18618e-11 0)
(-3.08835e-11 1.21348e-11 0)
(-2.78562e-11 1.24062e-11 0)
(-2.4783e-11 1.2451e-11 0)
(-2.17065e-11 1.24631e-11 0)
(-1.86558e-11 1.22462e-11 0)
(-1.56726e-11 1.19569e-11 0)
(-1.27793e-11 1.14399e-11 0)
(-1.005e-11 1.08086e-11 0)
(-7.5014e-12 9.923e-12 0)
(-5.24099e-12 8.86739e-12 0)
(-3.30439e-12 7.55373e-12 0)
(-1.68479e-12 5.87058e-12 0)
(-6.15829e-13 3.93412e-12 0)
(4.1174e-15 1.52909e-12 0)
(-5.40821e-14 -1.22137e-12 0)
(-7.24946e-13 -3.03885e-12 0)
(-1.96064e-12 -4.51205e-12 0)
(-3.7599e-12 -5.74434e-12 0)
(-5.97427e-12 -6.71845e-12 0)
(-8.53768e-12 -7.52497e-12 0)
(-1.1378e-11 -8.16247e-12 0)
(-1.4433e-11 -8.64939e-12 0)
(-1.76377e-11 -9.0029e-12 0)
(-2.09571e-11 -9.23226e-12 0)
(-2.43332e-11 -9.34367e-12 0)
(-2.77363e-11 -9.35056e-12 0)
(-3.11155e-11 -9.25647e-12 0)
(-3.44506e-11 -9.07113e-12 0)
(-3.76916e-11 -8.79838e-12 0)
(-4.08273e-11 -8.44711e-12 0)
(-4.38097e-11 -8.02172e-12 0)
(-4.66356e-11 -7.52842e-12 0)
(-4.92591e-11 -6.97473e-12 0)
(-5.16837e-11 -6.36542e-12 0)
(-5.38681e-11 -5.70842e-12 0)
(-5.58191e-11 -5.00843e-12 0)
(-5.74993e-11 -4.27712e-12 0)
(-5.89211e-11 -3.51466e-12 0)
(-6.00514e-11 -2.73922e-12 0)
(-6.08973e-11 -1.93683e-12 0)
(-6.14382e-11 -1.11255e-12 0)
(-6.16926e-11 -2.65784e-13 0)
(-6.16464e-11 5.70899e-13 0)
(-6.13105e-11 1.39613e-12 0)
(-6.06665e-11 2.18414e-12 0)
(-5.97231e-11 2.9521e-12 0)
(-5.84858e-11 3.69725e-12 0)
(-5.69746e-11 4.43604e-12 0)
(-5.52007e-11 5.13897e-12 0)
(-5.31814e-11 5.81838e-12 0)
(-5.09337e-11 6.44347e-12 0)
(-4.84637e-11 7.03825e-12 0)
(-4.58107e-11 7.56048e-12 0)
(-4.29784e-11 8.04266e-12 0)
(-3.99995e-11 8.43589e-12 0)
(-3.68886e-11 8.76939e-12 0)
(-3.36862e-11 9.00404e-12 0)
(-3.03963e-11 9.17337e-12 0)
(-2.70732e-11 9.23405e-12 0)
(-2.37305e-11 9.21722e-12 0)
(-2.04321e-11 9.07772e-12 0)
(-1.71795e-11 8.84916e-12 0)
(-1.40466e-11 8.47982e-12 0)
(-1.10657e-11 8.00025e-12 0)
(-8.33199e-12 7.36704e-12 0)
(-5.83508e-12 6.57139e-12 0)
(-3.67637e-12 5.59872e-12 0)
(-1.94341e-12 4.4207e-12 0)
(-7.51185e-13 2.94419e-12 0)
(-6.01267e-14 1.18124e-12 0)
(-2.47614e-14 -7.64716e-13 0)
(-8.99271e-13 -1.86292e-12 0)
(-2.25354e-12 -2.79295e-12 0)
(-4.24459e-12 -3.52719e-12 0)
(-6.64879e-12 -4.1498e-12 0)
(-9.42908e-12 -4.66231e-12 0)
(-1.2504e-11 -5.06669e-12 0)
(-1.57938e-11 -5.37722e-12 0)
(-1.92488e-11 -5.59475e-12 0)
(-2.28208e-11 -5.74558e-12 0)
(-2.64625e-11 -5.81177e-12 0)
(-3.01231e-11 -5.82448e-12 0)
(-3.37696e-11 -5.7554e-12 0)
(-3.73553e-11 -5.65165e-12 0)
(-4.08538e-11 -5.46762e-12 0)
(-4.42242e-11 -5.26438e-12 0)
(-4.74451e-11 -4.9783e-12 0)
(-5.04805e-11 -4.69362e-12 0)
(-5.33164e-11 -4.32292e-12 0)
(-5.59189e-11 -3.9739e-12 0)
(-5.82793e-11 -3.53544e-12 0)
(-6.03715e-11 -3.13843e-12 0)
(-6.2188e-11 -2.64773e-12 0)
(-6.37078e-11 -2.22087e-12 0)
(-6.49351e-11 -1.71692e-12 0)
(-6.58537e-11 -1.28786e-12 0)
(-6.64623e-11 -7.21817e-13 0)
(-6.67355e-11 -2.14027e-13 0)
(-6.66853e-11 4.04089e-13 0)
(-6.62969e-11 8.98289e-13 0)
(-6.55855e-11 1.46335e-12 0)
(-6.45508e-11 1.8801e-12 0)
(-6.32083e-11 2.40828e-12 0)
(-6.15703e-11 2.80574e-12 0)
(-5.96566e-11 3.29911e-12 0)
(-5.74813e-11 3.65016e-12 0)
(-5.50541e-11 4.08932e-12 0)
(-5.24006e-11 4.38397e-12 0)
(-4.95254e-11 4.75303e-12 0)
(-4.64724e-11 4.97648e-12 0)
(-4.32674e-11 5.25976e-12 0)
(-3.99265e-11 5.40266e-12 0)
(-3.64645e-11 5.59833e-12 0)
(-3.29308e-11 5.65175e-12 0)
(-2.93456e-11 5.73318e-12 0)
(-2.57572e-11 5.67659e-12 0)
(-2.21956e-11 5.62804e-12 0)
(-1.87128e-11 5.44486e-12 0)
(-1.53368e-11 5.24306e-12 0)
(-1.2133e-11 4.90933e-12 0)
(-9.15703e-12 4.52367e-12 0)
(-6.48312e-12 4.02277e-12 0)
(-4.15463e-12 3.42557e-12 0)
(-2.21579e-12 2.70246e-12 0)
(-9.06196e-13 1.80536e-12 0)
(-2.28556e-14 7.43418e-13 0)
(-1.22515e-13 -2.65166e-13 0)
(-1.00354e-12 -6.46458e-13 0)
(-2.54111e-12 -9.407e-13 0)
(-4.70042e-12 -1.23642e-12 0)
(-7.32302e-12 -1.43574e-12 0)
(-1.03014e-11 -1.60732e-12 0)
(-1.35876e-11 -1.74354e-12 0)
(-1.71131e-11 -1.85077e-12 0)
(-2.08188e-11 -1.93205e-12 0)
(-2.46492e-11 -1.98115e-12 0)
(-2.85483e-11 -2.00378e-12 0)
(-3.24726e-11 -2.00533e-12 0)
(-3.63784e-11 -1.98663e-12 0)
(-4.02258e-11 -1.94442e-12 0)
(-4.39733e-11 -1.88433e-12 0)
(-4.75891e-11 -1.80703e-12 0)
(-5.10405e-11 -1.71742e-12 0)
(-5.42992e-11 -1.60897e-12 0)
(-5.73363e-11 -1.49293e-12 0)
(-6.01315e-11 -1.35938e-12 0)
(-6.26608e-11 -1.22133e-12 0)
(-6.49085e-11 -1.06645e-12 0)
(-6.68552e-11 -9.11699e-13 0)
(-6.84816e-11 -7.04842e-13 0)
(-6.9781e-11 -5.01849e-13 0)
(-7.07664e-11 -3.0945e-13 0)
(-7.14228e-11 -1.44149e-13 0)
(-7.17135e-11 -1.40009e-14 0)
(-7.16455e-11 7.65071e-14 0)
(-7.12204e-11 2.20102e-13 0)
(-7.04363e-11 3.82609e-13 0)
(-6.93245e-11 5.8644e-13 0)
(-6.79013e-11 7.88747e-13 0)
(-6.61511e-11 9.70519e-13 0)
(-6.40978e-11 1.11415e-12 0)
(-6.17596e-11 1.26481e-12 0)
(-5.9154e-11 1.38963e-12 0)
(-5.62996e-11 1.51782e-12 0)
(-5.32285e-11 1.61436e-12 0)
(-4.99587e-11 1.72013e-12 0)
(-4.65103e-11 1.79779e-12 0)
(-4.29138e-11 1.87339e-12 0)
(-3.92076e-11 1.91193e-12 0)
(-3.5419e-11 1.95315e-12 0)
(-3.15826e-11 1.96052e-12 0)
(-2.77373e-11 1.95929e-12 0)
(-2.39308e-11 1.92194e-12 0)
(-2.01969e-11 1.88173e-12 0)
(-1.65867e-11 1.79595e-12 0)
(-1.31663e-11 1.68691e-12 0)
(-9.98887e-12 1.55155e-12 0)
(-7.1015e-12 1.38744e-12 0)
(-4.56237e-12 1.1868e-12 0)
(-2.4899e-12 8.97567e-13 0)
(-9.98778e-13 6.44506e-13 0)
(-1.24124e-13 2.63051e-13 0)
)
;

boundaryField
{
    top
    {
        type            slip;
    }
    bottom
    {
        type            slip;
    }
    rotatingWall
    {
        type            rotatingWallVelocity;
        origin          (0 0 0);
        axis            (0 1 0);
        omega           constant 1140;
        value           uniform (0 0 0);
    }
    wall
    {
        type            rotatingWallVelocity;
        origin          (0 0 0);
        axis            (0 1 0);
        omega           constant 0;
        value           uniform (0 -0 -0);
    }
    frontAndBack
    {
        type            empty;
    }
}


// ************************************************************************* //
