/*--------------------------------*- C++ -*----------------------------------*\
| =========                 |                                                 |
| \\      /  F ield         | OpenFOAM: The Open Source CFD Toolbox           |
|  \\    /   O peration     | Version:  5.0                                   |
|   \\  /    A nd           | Web:      www.OpenFOAM.org                      |
|    \\/     M anipulation  |                                                 |
\*---------------------------------------------------------------------------*/
FoamFile
{
    version     2.0;
    format      ascii;
    class       volScalarField;
    location    "215";
    object      p;
}
// * * * * * * * * * * * * * * * * * * * * * * * * * * * * * * * * * * * * * //

dimensions      [0 2 -2 0 0 0 0];

internalField   nonuniform List<scalar> 
7000
(
9.76719e-07
-0.000397672
-0.00057893
-0.000584088
-0.000580828
-0.000595436
-0.000599451
-0.000585615
-0.000561857
-0.00053499
-0.000509378
-0.000482726
-0.000438374
-0.000387481
3.67899e-05
-0.000385309
-0.000580852
-0.00059083
-0.000590802
-0.000608086
-0.000614727
-0.000602949
-0.000579844
-0.000550543
-0.000516418
-0.00047143
-0.000407185
-0.000344889
3.88038e-05
-0.000389048
-0.000585103
-0.000594397
-0.000597001
-0.000617651
-0.000626915
-0.000616639
-0.000592593
-0.000557404
-0.000509502
-0.000447116
-0.000375346
-0.000317331
3.8158e-05
-0.000387651
-0.000582283
-0.000592909
-0.000598978
-0.000623008
-0.00063486
-0.000626625
-0.000603153
-0.000565777
-0.000512524
-0.000443954
-0.000369477
-0.000315124
3.62633e-05
-0.000387204
-0.000580199
-0.000591932
-0.000600477
-0.000626736
-0.000640556
-0.000634366
-0.000612378
-0.000574995
-0.000519616
-0.000447738
-0.000372139
-0.000320604
3.37384e-05
-0.000386863
-0.000577836
-0.000590462
-0.000600935
-0.000628918
-0.000644426
-0.000640115
-0.000619876
-0.000583372
-0.000527391
-0.000453937
-0.000378005
-0.000327926
3.16538e-05
-0.00038611
-0.000575547
-0.000589343
-0.000601488
-0.000630773
-0.000647526
-0.000644714
-0.000626072
-0.000590645
-0.000534724
-0.000460561
-0.000384497
-0.000335304
3.00638e-05
-0.000385081
-0.000573521
-0.00058863
-0.000602127
-0.000632258
-0.000649949
-0.000648387
-0.000631048
-0.000596534
-0.000540836
-0.000466395
-0.000390403
-0.000341969
2.85457e-05
-0.000384077
-0.000571846
-0.000588202
-0.000602688
-0.000633361
-0.000651795
-0.000651208
-0.000634839
-0.000601001
-0.000545489
-0.000470916
-0.000395081
-0.000347362
2.68639e-05
-0.000383316
-0.00057066
-0.000588034
-0.000603057
-0.000634042
-0.000653018
-0.000653129
-0.000637411
-0.000603999
-0.000548554
-0.000473826
-0.000398082
-0.000350903
2.52035e-05
-0.000382895
-0.000570166
-0.000588216
-0.000603261
-0.000634299
-0.000653616
-0.000654149
-0.00063878
-0.000605523
-0.000549944
-0.000474947
-0.000399152
-0.000352177
2.41998e-05
-0.000382765
-0.000570537
-0.000588845
-0.000603412
-0.000634257
-0.000653692
-0.000654333
-0.000638959
-0.000605529
-0.000549565
-0.000474138
-0.000398135
-0.000351115
2.4678e-05
-0.000382627
-0.000571823
-0.000589931
-0.000603654
-0.000634119
-0.000653365
-0.000653721
-0.000637945
-0.000603973
-0.000547338
-0.000471312
-0.000394971
-0.00034785
2.72961e-05
-0.000382432
-0.000573785
-0.000591342
-0.000604036
-0.000633955
-0.000652693
-0.000652368
-0.000635766
-0.000600849
-0.000543248
-0.000466478
-0.00038974
-0.000342493
3.19009e-05
-0.000382122
-0.000576046
-0.000592998
-0.000604551
-0.000633685
-0.000651622
-0.000650274
-0.000632429
-0.000596163
-0.000537338
-0.000459749
-0.000382613
-0.000335184
3.77262e-05
-0.000381354
-0.000578417
-0.000594991
-0.000605237
-0.000633244
-0.000650051
-0.000647328
-0.000627835
-0.000589887
-0.000529695
-0.00045132
-0.000373791
-0.00032605
4.42035e-05
-0.000379926
-0.000580646
-0.000597204
-0.000606057
-0.000632675
-0.000648016
-0.000643496
-0.000621943
-0.00058206
-0.000520498
-0.00044147
-0.000363546
-0.000315191
5.10964e-05
-0.00037768
-0.000582474
-0.000599355
-0.000606694
-0.0006317
-0.000645364
-0.00063874
-0.000614873
-0.000572978
-0.000510175
-0.000430688
-0.000352344
-0.000303071
5.84243e-05
-0.0003745
-0.000583618
-0.000601121
-0.000606806
-0.000629999
-0.000641867
-0.000633045
-0.000606885
-0.000563174
-0.000499424
-0.000419714
-0.000340917
-0.000290492
6.63224e-05
-0.000370277
-0.000583771
-0.000602163
-0.000606211
-0.000627547
-0.000637694
-0.000626841
-0.000598644
-0.000553483
-0.000489184
-0.000409475
-0.000330222
-0.000278598
7.46555e-05
-0.000365082
-0.000582732
-0.000602214
-0.000604863
-0.0006245
-0.000633222
-0.000620797
-0.00059106
-0.000544941
-0.000480467
-0.00040091
-0.000321235
-0.000268709
8.28549e-05
-0.000359456
-0.000580699
-0.000601332
-0.000603047
-0.000621439
-0.000629127
-0.000615656
-0.000584972
-0.000538388
-0.000474013
-0.000394663
-0.000314647
-0.00026166
8.98678e-05
-0.0003544
-0.000578164
-0.000599743
-0.000601187
-0.000619036
-0.000626151
-0.000612108
-0.000581005
-0.000534315
-0.000470126
-0.000390913
-0.000310624
-0.000257551
9.44319e-05
-0.000350963
-0.000575837
-0.000597912
-0.000599676
-0.000617718
-0.000624757
-0.000610576
-0.000579434
-0.000532811
-0.000468721
-0.000389466
-0.00030891
-0.00025586
9.57483e-05
-0.000349664
-0.000574255
-0.000596372
-0.000598859
-0.000617675
-0.000625117
-0.000611182
-0.00058025
-0.000533734
-0.000469559
-0.00039002
-0.000309156
-0.00025599
9.35372e-05
-0.00035057
-0.000573405
-0.000595141
-0.000598671
-0.000618731
-0.000627037
-0.000613743
-0.000583276
-0.000536929
-0.000472531
-0.000392508
-0.000311267
-0.000257809
8.821e-05
-0.000353307
-0.000572923
-0.000593902
-0.000598773
-0.000620507
-0.000630131
-0.000617931
-0.000588309
-0.000542328
-0.000477691
-0.000397066
-0.000315423
-0.000261674
8.09842e-05
-0.000357094
-0.000572424
-0.000592395
-0.000598868
-0.000622625
-0.000633995
-0.000623422
-0.000595159
-0.000549881
-0.000485112
-0.000403832
-0.000321816
-0.000267963
7.29457e-05
-0.000361258
-0.00057171
-0.000590522
-0.000598726
-0.00062472
-0.000638226
-0.000629831
-0.00060349
-0.000559358
-0.000494693
-0.000412764
-0.000330346
-0.000276704
6.42362e-05
-0.000365477
-0.000570704
-0.000588356
-0.000598316
-0.00062665
-0.000642534
-0.000636699
-0.000612769
-0.000570292
-0.000506097
-0.000423611
-0.000340674
-0.000287331
5.5101e-05
-0.000369323
-0.000569226
-0.000585986
-0.000597832
-0.00062848
-0.000646695
-0.00064354
-0.000622367
-0.000582052
-0.000518794
-0.000435979
-0.000352378
-0.000299036
4.64972e-05
-0.000372068
-0.000567013
-0.000583536
-0.000597482
-0.00063023
-0.000650547
-0.000649983
-0.000631719
-0.000593938
-0.000532109
-0.000449332
-0.000365007
-0.000311272
4.02775e-05
-0.000372763
-0.000563794
-0.00058088
-0.000597052
-0.000631698
-0.000653885
-0.000655685
-0.000640247
-0.000605163
-0.000545179
-0.000462898
-0.000378052
-0.000323831
3.85888e-05
-0.000370621
-0.000559368
-0.000577707
-0.000596098
-0.000632403
-0.000656218
-0.000660105
-0.000647204
-0.000614734
-0.000556829
-0.000475519
-0.000390682
-0.000336429
4.25389e-05
-0.000365532
-0.00055395
-0.000574029
-0.000594344
-0.000631927
-0.000657007
-0.00066256
-0.000651736
-0.000621535
-0.000565662
-0.00048567
-0.000401523
-0.000348044
5.0346e-05
-0.000358711
-0.000548256
-0.000570162
-0.000591838
-0.000630237
-0.000656142
-0.000662821
-0.000653402
-0.000624804
-0.000570533
-0.000491861
-0.000408836
-0.000356738
5.61207e-05
-0.000353738
-0.000543982
-0.000566788
-0.00058907
-0.000627856
-0.00065417
-0.000661368
-0.00065249
-0.000624495
-0.000570984
-0.000493147
-0.000411099
-0.000360175
5.47276e-05
-0.000354568
-0.000543871
-0.000565782
-0.000587527
-0.00062603
-0.000652146
-0.000659098
-0.000649807
-0.000621247
-0.000567299
-0.000489378
-0.000407635
-0.000356829
4.83261e-05
-0.000360127
-0.000548068
-0.000568026
-0.000588232
-0.000625743
-0.000651027
-0.000656977
-0.000646333
-0.000616152
-0.000560571
-0.000481552
-0.000399364
-0.000347621
4.19331e-05
-0.000367132
-0.000555111
-0.00057314
-0.000591201
-0.00062721
-0.00065119
-0.000655583
-0.000642925
-0.000610322
-0.000552268
-0.000471439
-0.000388399
-0.000335524
3.83203e-05
-0.000373567
-0.00056346
-0.00058006
-0.000595797
-0.000630009
-0.000652334
-0.000654746
-0.000639646
-0.00060421
-0.000543392
-0.000460686
-0.00037697
-0.000323596
3.84566e-05
-0.000378029
-0.000571402
-0.000587291
-0.000600864
-0.000633231
-0.000653721
-0.000653852
-0.000636048
-0.00059775
-0.000534398
-0.000450307
-0.000366453
-0.000313378
4.28264e-05
-0.000379412
-0.000577407
-0.000593374
-0.000605085
-0.000635638
-0.000654219
-0.000651947
-0.000631384
-0.000590442
-0.000525172
-0.000440442
-0.000356902
-0.00030448
5.1072e-05
-0.000377304
-0.000580667
-0.000597412
-0.00060744
-0.000636109
-0.000652707
-0.000647978
-0.000624772
-0.000581615
-0.000515216
-0.000430623
-0.000347594
-0.000295489
6.16457e-05
-0.000372374
-0.00058139
-0.000599331
-0.000607622
-0.000634143
-0.000648608
-0.000641438
-0.000615802
-0.000570954
-0.000504182
-0.000420318
-0.000337809
-0.000285425
7.27429e-05
-0.000365957
-0.000580493
-0.00059969
-0.000606054
-0.000630155
-0.000642381
-0.000632839
-0.000605077
-0.000559072
-0.000492488
-0.00040966
-0.000327611
-0.000274559
8.31284e-05
-0.00035933
-0.000578981
-0.000599268
-0.000603572
-0.000625208
-0.000635311
-0.000623685
-0.000594202
-0.00054749
-0.000481408
-0.000399661
-0.000318015
-0.000264394
9.20475e-05
-0.000353461
-0.00057748
-0.000598691
-0.000601174
-0.000620619
-0.000628935
-0.00061573
-0.000585062
-0.000538012
-0.000472529
-0.000391704
-0.000310349
-0.000256542
9.87479e-05
-0.000349723
-0.000576118
-0.000597747
-0.00059926
-0.000617313
-0.000624361
-0.000610169
-0.000578911
-0.000531833
-0.000466879
-0.000386657
-0.000305359
-0.000251446
0.000104809
-0.000350253
-0.000575918
-0.000596442
-0.000597932
-0.000615651
-0.000622027
-0.000607346
-0.000575932
-0.000528995
-0.000464403
-0.000384451
-0.000302915
-0.000248325
-0.000395782
-0.000520843
-0.000593007
-0.000607808
-0.000613895
-0.000622288
-0.000621296
-0.000607711
-0.000585451
-0.000559216
-0.000533266
-0.000506413
-0.000463108
-0.00041453
-0.000384999
-0.000520322
-0.000593719
-0.000611518
-0.000623583
-0.000637568
-0.000640741
-0.000629185
-0.000606777
-0.000578074
-0.000545662
-0.000503307
-0.000441898
-0.000381835
-0.000387178
-0.000523948
-0.000594719
-0.000612196
-0.000626894
-0.000643614
-0.000649679
-0.000641031
-0.000620217
-0.000588327
-0.000543971
-0.000485849
-0.000418484
-0.000362035
-0.00038836
-0.000524298
-0.00059337
-0.00061137
-0.000628005
-0.000646711
-0.000654916
-0.000648945
-0.00063013
-0.000598047
-0.000550568
-0.00048792
-0.000417875
-0.000363606
-0.000389015
-0.000523604
-0.000591486
-0.000610259
-0.000628264
-0.000648227
-0.000658067
-0.000654315
-0.000638101
-0.000607977
-0.000560483
-0.000495483
-0.00042349
-0.000370751
-0.00038957
-0.000522402
-0.000589308
-0.000609003
-0.000628219
-0.00064911
-0.000660188
-0.000658345
-0.000644618
-0.000616717
-0.000570017
-0.00050392
-0.000430833
-0.000378853
-0.000389622
-0.000520702
-0.000587198
-0.000608099
-0.00062846
-0.000650083
-0.000662106
-0.000661837
-0.000650108
-0.000624074
-0.000578254
-0.000511669
-0.000437903
-0.000386381
-0.0003891
-0.000518672
-0.000585327
-0.000607554
-0.000628926
-0.000651137
-0.000663908
-0.000664861
-0.000654607
-0.000629923
-0.000584771
-0.000517973
-0.000443886
-0.000392789
-0.000388354
-0.00051668
-0.000583742
-0.000607208
-0.000629397
-0.00065207
-0.000665427
-0.00066728
-0.000658114
-0.000634372
-0.000589629
-0.000522672
-0.000448432
-0.000397764
-0.00038777
-0.000515042
-0.000582596
-0.000607024
-0.000629705
-0.000652686
-0.000666487
-0.000669006
-0.000660622
-0.0006375
-0.000592914
-0.000525704
-0.0004513
-0.000400976
-0.000387665
-0.000514039
-0.000582179
-0.000607151
-0.000629911
-0.000653018
-0.000667083
-0.000670017
-0.000662106
-0.000639283
-0.000594602
-0.000526992
-0.00045234
-0.000402169
-0.000387712
-0.000513872
-0.000582805
-0.00060771
-0.00063017
-0.000653207
-0.00066731
-0.000670354
-0.000662561
-0.000639675
-0.000594601
-0.000526418
-0.000451414
-0.00040125
-0.000387522
-0.000514823
-0.000584442
-0.000608722
-0.000630604
-0.000653357
-0.000667265
-0.000670093
-0.000662019
-0.000638653
-0.000592839
-0.000523894
-0.000448451
-0.000398281
-0.000387131
-0.000516652
-0.000586745
-0.000610173
-0.000631293
-0.000653565
-0.000667026
-0.000669305
-0.000660526
-0.000636213
-0.000589281
-0.000519404
-0.000443496
-0.000393315
-0.000386409
-0.000518631
-0.000589428
-0.000612017
-0.000632245
-0.000653868
-0.000666632
-0.00066799
-0.000658054
-0.000632313
-0.000583912
-0.000513004
-0.000436667
-0.000386437
-0.000385119
-0.00052035
-0.000592283
-0.000614173
-0.000633402
-0.000654213
-0.000666023
-0.000666073
-0.000654485
-0.00062685
-0.000576706
-0.000504782
-0.000428094
-0.000377728
-0.000383227
-0.000521546
-0.000595098
-0.000616511
-0.00063464
-0.000654432
-0.000665018
-0.000663391
-0.000649656
-0.00061972
-0.0005677
-0.000494912
-0.000417984
-0.000367247
-0.000380633
-0.000521952
-0.000597606
-0.00061874
-0.000635685
-0.000654253
-0.000663312
-0.00065968
-0.000643432
-0.000610981
-0.00055717
-0.0004838
-0.000406756
-0.000355406
-0.000377126
-0.000521309
-0.000599439
-0.000620485
-0.000636152
-0.000653345
-0.000660773
-0.000654874
-0.000635946
-0.000601048
-0.000545791
-0.00047221
-0.000395173
-0.000342991
-0.000372494
-0.000519356
-0.00060017
-0.000621371
-0.00063574
-0.000651496
-0.000657338
-0.00064919
-0.000627732
-0.000590769
-0.000534613
-0.000461192
-0.000384266
-0.000331188
-0.000366826
-0.000516064
-0.000599586
-0.000621196
-0.000634388
-0.000648818
-0.000653208
-0.000643132
-0.000619651
-0.000581276
-0.000524839
-0.000451875
-0.000375126
-0.0003214
-0.000360605
-0.000511839
-0.000597827
-0.000620026
-0.000632318
-0.000645721
-0.000649
-0.000637547
-0.000612748
-0.000573688
-0.000517448
-0.000445103
-0.000368533
-0.000314509
-0.000354793
-0.000507414
-0.000595299
-0.000618173
-0.000630025
-0.000642844
-0.000645532
-0.000633361
-0.00060796
-0.000568777
-0.000512944
-0.000441149
-0.000364653
-0.000310584
-0.000350711
-0.000503997
-0.000592767
-0.000616131
-0.000628143
-0.00064099
-0.00064362
-0.000631307
-0.000605847
-0.000566825
-0.000511324
-0.000439776
-0.000363152
-0.000309041
-0.00034925
-0.000502427
-0.000590929
-0.000614456
-0.000627178
-0.000640665
-0.000643731
-0.000631746
-0.000606585
-0.000567794
-0.000512355
-0.00044061
-0.000363625
-0.000309311
-0.00035043
-0.00050258
-0.000589794
-0.000613286
-0.000627133
-0.000641763
-0.000645747
-0.00063457
-0.000610062
-0.000571574
-0.000515944
-0.0004436
-0.000366041
-0.000311382
-0.000353682
-0.000503914
-0.000588951
-0.000612272
-0.000627559
-0.000643779
-0.00064915
-0.000639315
-0.000615917
-0.000577975
-0.000522111
-0.00044893
-0.000370648
-0.000315612
-0.000358103
-0.000505752
-0.000587973
-0.000611024
-0.00062795
-0.000646104
-0.000653243
-0.000645294
-0.000623591
-0.000586668
-0.000530786
-0.000456732
-0.000377646
-0.000322306
-0.000362882
-0.000507579
-0.00058662
-0.00060934
-0.000627928
-0.000648136
-0.000657343
-0.000651782
-0.000632408
-0.000597126
-0.000541661
-0.00046686
-0.000386899
-0.000331467
-0.000367691
-0.000509004
-0.000584768
-0.000607204
-0.000627349
-0.00064955
-0.000661034
-0.000658162
-0.000641621
-0.000608619
-0.000554149
-0.000478881
-0.000397991
-0.000342517
-0.000372129
-0.000509634
-0.00058228
-0.00060471
-0.000626404
-0.000650429
-0.000664122
-0.000663965
-0.000650545
-0.000620355
-0.000567524
-0.000492226
-0.000410429
-0.000354623
-0.000375406
-0.000508914
-0.000579006
-0.00060201
-0.000625386
-0.000650982
-0.000666558
-0.000669002
-0.000658744
-0.00063168
-0.000581057
-0.000506253
-0.000423695
-0.000367239
-0.000376442
-0.000506365
-0.000574883
-0.000599091
-0.000624284
-0.000651299
-0.000668433
-0.00067317
-0.000665856
-0.000641988
-0.00059396
-0.000520166
-0.000437163
-0.000380048
-0.000374377
-0.0005018
-0.000569871
-0.000595778
-0.000622863
-0.000651195
-0.000669572
-0.000676141
-0.0006714
-0.000650553
-0.000605233
-0.000532857
-0.000449903
-0.000392596
-0.000369207
-0.000495652
-0.000564315
-0.000592143
-0.00062094
-0.000650363
-0.00066968
-0.000677612
-0.000674917
-0.000656571
-0.000613695
-0.000542923
-0.000460575
-0.000403795
-0.000362525
-0.000489343
-0.000559201
-0.000588724
-0.000618776
-0.000648999
-0.000668975
-0.000677738
-0.000676294
-0.000659592
-0.00061849
-0.000549124
-0.000467645
-0.000411943
-0.000358287
-0.000485606
-0.000556091
-0.000586379
-0.000617038
-0.000647707
-0.000668027
-0.00067708
-0.000675962
-0.00065975
-0.000619363
-0.000550763
-0.000469934
-0.000415153
-0.000360107
-0.000487064
-0.000556843
-0.000586357
-0.000616533
-0.000646967
-0.000667179
-0.000676062
-0.000674519
-0.000657567
-0.000616494
-0.000547638
-0.000466984
-0.000412336
-0.000366432
-0.000492877
-0.000561319
-0.000589018
-0.000617741
-0.00064724
-0.000666854
-0.000675118
-0.000672438
-0.000653761
-0.000610702
-0.000540468
-0.000459418
-0.000404263
-0.000373497
-0.000500529
-0.000568197
-0.00059385
-0.000620635
-0.000648787
-0.000667425
-0.00067463
-0.000670205
-0.000649057
-0.000603188
-0.000530761
-0.000448848
-0.000393035
-0.000378993
-0.00050806
-0.000576044
-0.000599928
-0.000624712
-0.000651383
-0.000668794
-0.000674506
-0.000667898
-0.000643829
-0.000594763
-0.000519963
-0.000437259
-0.000381202
-0.000381715
-0.000514065
-0.00058347
-0.000606145
-0.000629163
-0.000654432
-0.000670447
-0.000674248
-0.000665114
-0.000637975
-0.000585746
-0.000508947
-0.000425964
-0.000370358
-0.000381183
-0.000517634
-0.000589394
-0.000611519
-0.000633098
-0.000657078
-0.000671529
-0.000673072
-0.000661117
-0.000630928
-0.000576021
-0.000497958
-0.000415233
-0.000360456
-0.000377775
-0.000518529
-0.000593323
-0.000615445
-0.000635749
-0.000658358
-0.000671005
-0.000669974
-0.000655033
-0.000621972
-0.000565118
-0.000486727
-0.000404703
-0.000350512
-0.000372496
-0.000517183
-0.000595346
-0.000617742
-0.000636682
-0.000657627
-0.00066814
-0.00066435
-0.00064637
-0.00061076
-0.000552786
-0.000474938
-0.000393902
-0.000339774
-0.000366326
-0.000514331
-0.000595882
-0.000618558
-0.000635835
-0.000654769
-0.000662999
-0.000656406
-0.000635568
-0.00059794
-0.000539612
-0.000462919
-0.000382977
-0.000328517
-0.000359941
-0.000510699
-0.000595408
-0.000618241
-0.00063358
-0.000650305
-0.000656316
-0.000647192
-0.000623998
-0.000585042
-0.000526988
-0.000451749
-0.000372891
-0.000318132
-0.00035398
-0.000507001
-0.000594371
-0.000617244
-0.000630662
-0.000645318
-0.000649378
-0.000638287
-0.000613504
-0.000573957
-0.000516611
-0.000442832
-0.000364917
-0.000310173
-0.00034951
-0.000504095
-0.000593047
-0.00061587
-0.000627912
-0.00064107
-0.000643744
-0.000631441
-0.000605878
-0.000566305
-0.000509773
-0.000437142
-0.000359833
-0.000305136
-0.000348538
-0.000503764
-0.00059231
-0.000614446
-0.000625799
-0.00063832
-0.000640324
-0.000627551
-0.000601882
-0.00056263
-0.000506801
-0.000434892
-0.000357778
-0.000302503
-0.0005236
-0.000556621
-0.000590567
-0.000613657
-0.000627981
-0.000636303
-0.00063654
-0.000627381
-0.00061013
-0.000587816
-0.000563887
-0.000537645
-0.000496422
-0.000453792
-0.000522537
-0.000559373
-0.000592573
-0.000617908
-0.000636107
-0.000648081
-0.000651111
-0.000643565
-0.000626862
-0.00060378
-0.000577623
-0.00054201
-0.000488176
-0.000434448
-0.000524104
-0.000560408
-0.000591731
-0.000617679
-0.000638232
-0.000652768
-0.000658421
-0.000653307
-0.000637853
-0.000612518
-0.000576861
-0.000529598
-0.000473907
-0.000424074
-0.000523824
-0.000559885
-0.00059054
-0.000616996
-0.000638638
-0.000654562
-0.000661769
-0.000658466
-0.000644613
-0.000620092
-0.000583527
-0.000534365
-0.000477573
-0.000429546
-0.000522671
-0.000558464
-0.000588967
-0.000616236
-0.000638614
-0.000655281
-0.000663584
-0.000661986
-0.000650604
-0.000628814
-0.00059402
-0.000544199
-0.000485438
-0.000438075
-0.00052143
-0.000556852
-0.000587352
-0.000615547
-0.000638661
-0.000655922
-0.00066515
-0.000665171
-0.000656188
-0.000637076
-0.000604006
-0.000553716
-0.000493419
-0.000446274
-0.000520035
-0.000555079
-0.000586029
-0.000615255
-0.0006391
-0.000656922
-0.000666974
-0.00066838
-0.000661324
-0.000644252
-0.000612374
-0.000561659
-0.000500283
-0.00045297
-0.000518338
-0.000553172
-0.00058499
-0.000615239
-0.000639784
-0.000658104
-0.000668822
-0.000671328
-0.000665697
-0.000649993
-0.000618793
-0.000567707
-0.000505648
-0.000458229
-0.000516723
-0.000551432
-0.000584043
-0.000615191
-0.000640394
-0.000659103
-0.00067033
-0.000673696
-0.000669112
-0.000654325
-0.000623484
-0.000572063
-0.000509502
-0.000462062
-0.000515623
-0.000550168
-0.000583233
-0.000614997
-0.000640701
-0.000659673
-0.000671271
-0.000675307
-0.000671529
-0.000657388
-0.000626709
-0.000574907
-0.000511845
-0.000464405
-0.000515375
-0.000549637
-0.000582792
-0.000614836
-0.000640746
-0.000659839
-0.000671676
-0.000676197
-0.000673003
-0.000659268
-0.000628574
-0.000576304
-0.000512727
-0.000465208
-0.000515834
-0.000549979
-0.000582996
-0.000614964
-0.000640761
-0.000659808
-0.000671727
-0.000676469
-0.000673569
-0.00065998
-0.000629055
-0.000576203
-0.0005121
-0.000464429
-0.000516756
-0.000551152
-0.000583987
-0.000615552
-0.00064096
-0.000659763
-0.00067155
-0.000676226
-0.000673292
-0.000659518
-0.000628076
-0.000574501
-0.000509862
-0.000462056
-0.00051796
-0.000553001
-0.000585682
-0.000616647
-0.000641464
-0.000659826
-0.000671252
-0.000675584
-0.000672248
-0.000657867
-0.000625561
-0.000571119
-0.000505983
-0.00045807
-0.00051933
-0.000555298
-0.000587893
-0.000618215
-0.000642325
-0.000660076
-0.000670918
-0.000674586
-0.000670433
-0.000654978
-0.000621437
-0.000566038
-0.000500471
-0.000452464
-0.000520736
-0.000557743
-0.000590411
-0.000620157
-0.000643504
-0.000660495
-0.0006705
-0.000673155
-0.000667733
-0.000650729
-0.000615611
-0.000559247
-0.00049331
-0.000445268
-0.000521977
-0.000560046
-0.000593052
-0.000622318
-0.000644849
-0.000660909
-0.000669791
-0.000671053
-0.000663902
-0.00064491
-0.000607979
-0.000550743
-0.000484593
-0.000436465
-0.000522787
-0.000561917
-0.000595559
-0.000624386
-0.000646035
-0.000660986
-0.000668459
-0.000667951
-0.000658653
-0.000637358
-0.000598581
-0.000540722
-0.000474626
-0.000426207
-0.000522814
-0.000563038
-0.000597505
-0.000625948
-0.000646623
-0.000660269
-0.000666126
-0.00066356
-0.000651857
-0.000628185
-0.000587812
-0.000529754
-0.000464071
-0.000415061
-0.000521787
-0.000563053
-0.000598441
-0.000626595
-0.000646244
-0.000658478
-0.000662579
-0.000657845
-0.000643767
-0.000617989
-0.000576565
-0.000518778
-0.000453794
-0.000404237
-0.000519602
-0.000561805
-0.000598172
-0.000626163
-0.000644817
-0.000655689
-0.000658102
-0.000651348
-0.000635222
-0.000607903
-0.000566115
-0.000509053
-0.000444933
-0.000395165
-0.000516487
-0.00055955
-0.000596815
-0.000624727
-0.000642599
-0.000652339
-0.000653368
-0.00064504
-0.000627451
-0.000599292
-0.000557729
-0.000501682
-0.000438423
-0.00038878
-0.000513076
-0.000556731
-0.000594775
-0.000622732
-0.000640197
-0.000649255
-0.000649415
-0.000640115
-0.000621726
-0.000593338
-0.000552296
-0.000497218
-0.000434592
-0.000385227
-0.000510092
-0.000553967
-0.000592519
-0.000620728
-0.000638324
-0.000647338
-0.000647266
-0.000637631
-0.000619017
-0.00059075
-0.000550179
-0.00049567
-0.000433257
-0.000384008
-0.000508168
-0.000551825
-0.000590494
-0.000619191
-0.000637497
-0.000647163
-0.000647547
-0.000638187
-0.000619794
-0.00059176
-0.00055136
-0.000496802
-0.000434099
-0.000384632
-0.000507504
-0.000550554
-0.000588901
-0.000618245
-0.000637744
-0.000648687
-0.000650176
-0.000641684
-0.000623921
-0.000596223
-0.000555712
-0.000500529
-0.000437061
-0.000387106
-0.000507807
-0.000549961
-0.000587532
-0.000617526
-0.000638549
-0.000651251
-0.000654417
-0.000647396
-0.000630763
-0.000603677
-0.000563004
-0.000506863
-0.000442309
-0.000391697
-0.000508622
-0.000549615
-0.000586069
-0.000616592
-0.000639274
-0.000654051
-0.00065934
-0.000654353
-0.000639429
-0.000613434
-0.000572842
-0.000515705
-0.000449899
-0.000398599
-0.000509451
-0.000549167
-0.000584314
-0.000615169
-0.000639428
-0.000656391
-0.00066408
-0.000661562
-0.000648912
-0.000624606
-0.000584572
-0.000526648
-0.000459517
-0.000407785
-0.000509977
-0.000548257
-0.000582079
-0.000613168
-0.000638818
-0.000657827
-0.000667915
-0.000668089
-0.000658171
-0.000636159
-0.000597309
-0.000539003
-0.000470612
-0.000418614
-0.00050995
-0.00054666
-0.000579312
-0.000610776
-0.00063763
-0.000658312
-0.000670572
-0.000673407
-0.000666428
-0.000647169
-0.000610154
-0.00055202
-0.000482613
-0.000430188
-0.000508951
-0.000544137
-0.000576104
-0.000608263
-0.000636236
-0.000658222
-0.000672232
-0.000677421
-0.000673324
-0.000657044
-0.000622392
-0.000565033
-0.000495024
-0.000441874
-0.000506552
-0.000540473
-0.000572419
-0.000605716
-0.000634957
-0.000658035
-0.00067334
-0.000680445
-0.000678908
-0.000665534
-0.0006335
-0.000577371
-0.000507176
-0.000453302
-0.000502571
-0.00053568
-0.00056817
-0.000602982
-0.000633688
-0.000657774
-0.000674033
-0.000682587
-0.000683134
-0.00067236
-0.000642886
-0.000588236
-0.000518211
-0.000464059
-0.000497397
-0.000530243
-0.000563592
-0.000600001
-0.000632171
-0.000657178
-0.000674164
-0.000683767
-0.000685896
-0.000677158
-0.000649828
-0.000596683
-0.000527146
-0.000473286
-0.000492166
-0.000525281
-0.000559528
-0.000597267
-0.000630726
-0.000656601
-0.000674152
-0.000684363
-0.000687376
-0.000679831
-0.000653886
-0.000601945
-0.000533
-0.000479823
-0.000489306
-0.000522679
-0.000557292
-0.000595722
-0.000630003
-0.000656491
-0.000674374
-0.000684707
-0.000687767
-0.000680384
-0.000654855
-0.000603518
-0.000534984
-0.000482413
-0.000491035
-0.000524154
-0.000558259
-0.000596242
-0.000630271
-0.000656746
-0.000674658
-0.000684753
-0.000687228
-0.00067898
-0.000652663
-0.000601041
-0.00053268
-0.00048016
-0.000496446
-0.000529122
-0.00056227
-0.000598871
-0.000631586
-0.000657357
-0.000674958
-0.000684582
-0.000686035
-0.000676206
-0.00064797
-0.000594984
-0.000526365
-0.000473463
-0.000503175
-0.000535853
-0.000568121
-0.000602929
-0.000633821
-0.000658446
-0.000675395
-0.000684301
-0.000684488
-0.000672646
-0.000641805
-0.000586627
-0.000517177
-0.000463793
-0.000509404
-0.000542789
-0.000574583
-0.000607676
-0.000636713
-0.000659978
-0.000676007
-0.000683968
-0.000682692
-0.000668579
-0.000634916
-0.000577277
-0.000506792
-0.000453229
-0.000513877
-0.00054871
-0.000580623
-0.000612446
-0.000639927
-0.000661854
-0.000676683
-0.000683302
-0.000680335
-0.000663888
-0.000627488
-0.00056765
-0.000496467
-0.000443331
-0.000516085
-0.000552892
-0.000585533
-0.000616682
-0.000643022
-0.000663684
-0.000677009
-0.00068186
-0.000676816
-0.000658015
-0.000619176
-0.000557805
-0.000486504
-0.000434271
-0.000516412
-0.000555251
-0.000589092
-0.00062003
-0.000645462
-0.000664796
-0.000676324
-0.000678955
-0.00067142
-0.000650174
-0.00060937
-0.000547362
-0.000476571
-0.000425114
-0.000515675
-0.000556175
-0.000591394
-0.00062226
-0.000646681
-0.00066443
-0.000673823
-0.000673815
-0.000663473
-0.000639727
-0.00059753
-0.000535831
-0.000466176
-0.000414996
-0.000514426
-0.000556088
-0.000592593
-0.000623218
-0.000646254
-0.000661984
-0.000668923
-0.000666086
-0.000652919
-0.00062694
-0.000584002
-0.00052338
-0.000455318
-0.000404142
-0.000512821
-0.000555339
-0.000592917
-0.000622986
-0.000644231
-0.000657584
-0.000661923
-0.000656382
-0.000640748
-0.000613175
-0.00057022
-0.000511172
-0.000444898
-0.000393919
-0.000511014
-0.000554279
-0.00059267
-0.000621903
-0.000641196
-0.000652183
-0.000654113
-0.00064632
-0.000628911
-0.000600532
-0.000558178
-0.000500922
-0.000436355
-0.000385929
-0.000509453
-0.00055329
-0.000592185
-0.000620554
-0.000638189
-0.000647295
-0.00064744
-0.000638175
-0.000619811
-0.000591269
-0.000549752
-0.00049403
-0.00043074
-0.000380821
-0.000508673
-0.000552723
-0.000591715
-0.000619243
-0.000635678
-0.000643648
-0.000642929
-0.000633148
-0.00061463
-0.000586368
-0.000545629
-0.000490932
-0.000428373
-0.000378282
-0.000574748
-0.00059049
-0.000609292
-0.000627981
-0.000641435
-0.000648929
-0.000650051
-0.000643786
-0.000630108
-0.000610858
-0.000588445
-0.000561351
-0.000521906
-0.000487548
-0.000578809
-0.000596686
-0.000614072
-0.000634717
-0.000650832
-0.000660337
-0.000662795
-0.000657188
-0.000643884
-0.000624791
-0.000602673
-0.000571428
-0.000524873
-0.000479657
-0.000580208
-0.000597395
-0.000613819
-0.000635374
-0.000654162
-0.000666685
-0.000671277
-0.000666864
-0.000653394
-0.000631595
-0.000601921
-0.00056326
-0.000517584
-0.000475906
-0.000578696
-0.000595798
-0.000612173
-0.000633947
-0.000653455
-0.000667266
-0.000672927
-0.000669325
-0.000656531
-0.000635273
-0.000605399
-0.000566423
-0.000521189
-0.000481384
-0.000576046
-0.000593324
-0.000610305
-0.000632727
-0.000652472
-0.000666633
-0.000673081
-0.000670748
-0.00066014
-0.00064167
-0.000614163
-0.000575343
-0.000528168
-0.000487869
-0.000573055
-0.000590487
-0.000608331
-0.000631719
-0.00065198
-0.000666543
-0.000673787
-0.000672967
-0.000664762
-0.000649077
-0.000623431
-0.000583951
-0.000534372
-0.000493625
-0.000569929
-0.000587483
-0.000606369
-0.00063082
-0.000651777
-0.000666908
-0.000674984
-0.000675612
-0.000669409
-0.000655835
-0.000631159
-0.000590683
-0.000539113
-0.000498121
-0.000566496
-0.000584399
-0.00060443
-0.000629899
-0.000651572
-0.000667258
-0.000676101
-0.000677979
-0.00067335
-0.000661107
-0.000636825
-0.000595435
-0.000542449
-0.000501539
-0.000563204
-0.000581468
-0.000602485
-0.000628852
-0.000651143
-0.000667297
-0.000676799
-0.000679709
-0.000676246
-0.000664882
-0.000640772
-0.000598664
-0.000544646
-0.000503914
-0.000560759
-0.000579215
-0.000600796
-0.000627807
-0.000650498
-0.00066699
-0.000677014
-0.000680741
-0.000678175
-0.000667483
-0.000643443
-0.000600726
-0.000545829
-0.000505249
-0.000559628
-0.000578063
-0.000599851
-0.000627104
-0.000649897
-0.000666542
-0.000676906
-0.000681219
-0.000679345
-0.00066915
-0.000645093
-0.000601809
-0.000546164
-0.000505554
-0.000559903
-0.000578281
-0.000599989
-0.00062706
-0.000649648
-0.000666228
-0.000676701
-0.000681314
-0.000679871
-0.000669964
-0.000645793
-0.000601963
-0.000545705
-0.00050484
-0.000561405
-0.000579836
-0.000601249
-0.000627813
-0.000649931
-0.0006662
-0.000676537
-0.000681171
-0.000679845
-0.000669936
-0.00064549
-0.000601123
-0.000544353
-0.000503081
-0.000563889
-0.000582467
-0.00060346
-0.000629345
-0.000650795
-0.000666532
-0.000676507
-0.000680869
-0.0006793
-0.000669032
-0.000644072
-0.000599181
-0.000542035
-0.000500215
-0.000567113
-0.000585867
-0.000606392
-0.00063157
-0.000652236
-0.000667277
-0.000676661
-0.000680437
-0.000678229
-0.000667176
-0.000641396
-0.000596013
-0.000538678
-0.000496162
-0.000570807
-0.00058972
-0.000609815
-0.00063436
-0.000654221
-0.000668434
-0.000676981
-0.00067983
-0.000676534
-0.000664231
-0.000637311
-0.000591491
-0.000534165
-0.000490955
-0.000574653
-0.000593778
-0.000613516
-0.00063754
-0.000656617
-0.000669862
-0.000677286
-0.000678854
-0.000673985
-0.000659973
-0.000631662
-0.000585447
-0.00052837
-0.000484612
-0.000578294
-0.000597735
-0.000617163
-0.000640758
-0.000659067
-0.000671191
-0.000677193
-0.000677115
-0.000670231
-0.000654153
-0.000624379
-0.000577863
-0.000521314
-0.000477176
-0.000581291
-0.000601109
-0.000620268
-0.000643489
-0.000660995
-0.000671813
-0.000676143
-0.0006741
-0.00066493
-0.000646674
-0.000615591
-0.000569049
-0.000513433
-0.000468953
-0.000583313
-0.000603444
-0.000622328
-0.00064519
-0.000661832
-0.000671195
-0.000673768
-0.000669533
-0.000658075
-0.000637855
-0.000605845
-0.000559711
-0.000505333
-0.000460754
-0.00058409
-0.000604425
-0.000623041
-0.000645548
-0.000661345
-0.000669252
-0.000670077
-0.000663757
-0.000650294
-0.000628617
-0.000596256
-0.000551005
-0.000497964
-0.000453662
-0.000583705
-0.000604042
-0.000622451
-0.000644626
-0.00065975
-0.000666482
-0.000665755
-0.000657757
-0.000642808
-0.000620299
-0.000588139
-0.000544085
-0.000492261
-0.000448494
-0.000582499
-0.000602617
-0.000620969
-0.000642934
-0.000657739
-0.000663766
-0.000662
-0.000652904
-0.000637071
-0.000614265
-0.0005826
-0.000539676
-0.000488773
-0.000445557
-0.000580869
-0.000600766
-0.000619162
-0.000641196
-0.000656168
-0.000662126
-0.00066002
-0.00065046
-0.000634289
-0.000611516
-0.00058032
-0.000538094
-0.000487612
-0.000444643
-0.000579255
-0.000599012
-0.000617558
-0.000640046
-0.000655663
-0.000662206
-0.00066051
-0.000651135
-0.000635089
-0.000612507
-0.000581523
-0.000539348
-0.00048867
-0.000445489
-0.000577757
-0.000597475
-0.000616231
-0.000639549
-0.000656266
-0.000663984
-0.000663391
-0.000654847
-0.000639378
-0.00061713
-0.000586102
-0.000543366
-0.00049187
-0.000448062
-0.000576099
-0.000595905
-0.000614828
-0.000639176
-0.000657388
-0.00066682
-0.000667876
-0.000660789
-0.000646408
-0.000624767
-0.000593638
-0.000549949
-0.000497184
-0.000452415
-0.000574156
-0.000593895
-0.000612929
-0.000638243
-0.000658122
-0.000669701
-0.000672846
-0.000667791
-0.000655061
-0.000634466
-0.000603433
-0.000558686
-0.000504372
-0.00045852
-0.000571847
-0.000591135
-0.000610278
-0.000636273
-0.000657711
-0.000671611
-0.000677171
-0.000674585
-0.000664072
-0.00064508
-0.000614554
-0.000568927
-0.000512885
-0.000466215
-0.000568883
-0.000587564
-0.00060681
-0.000633212
-0.000655928
-0.000671949
-0.00068003
-0.000680067
-0.000672244
-0.000655423
-0.000625974
-0.00057983
-0.000522124
-0.000474896
-0.000565208
-0.000583242
-0.000602668
-0.000629414
-0.00065309
-0.000670776
-0.000681109
-0.000683737
-0.000678784
-0.000664567
-0.000636772
-0.000590582
-0.00053153
-0.000483846
-0.00056081
-0.000578299
-0.000598096
-0.000625379
-0.000649834
-0.0006687
-0.000680804
-0.000685813
-0.000683539
-0.000672077
-0.000646309
-0.000600585
-0.000540677
-0.000492594
-0.000555657
-0.000572791
-0.000593198
-0.000621445
-0.000646832
-0.000666607
-0.000679982
-0.000686899
-0.000686944
-0.000678033
-0.000654363
-0.000609392
-0.000549004
-0.000500875
-0.000549837
-0.000566802
-0.000587972
-0.000617619
-0.000644285
-0.000664996
-0.000679321
-0.000687613
-0.000689482
-0.000682674
-0.000660881
-0.00061672
-0.000556062
-0.000508475
-0.000543838
-0.000560692
-0.000582586
-0.000613839
-0.000642061
-0.000663854
-0.00067898
-0.000688256
-0.00069149
-0.000686185
-0.000665846
-0.000622401
-0.000561557
-0.000514903
-0.000538571
-0.000555433
-0.000577887
-0.000610585
-0.000640411
-0.000663351
-0.000679163
-0.000689045
-0.000693098
-0.000688648
-0.000669154
-0.000626135
-0.000565135
-0.000519513
-0.000536063
-0.00055295
-0.000575599
-0.000609121
-0.000640027
-0.00066378
-0.00067999
-0.000690001
-0.000694111
-0.000689736
-0.000670344
-0.000627465
-0.000566344
-0.000521449
-0.000538144
-0.000554873
-0.000577236
-0.000610392
-0.000641155
-0.000664956
-0.000681126
-0.0006908
-0.000694281
-0.00068909
-0.000668985
-0.0006259
-0.00056483
-0.000519829
-0.000543818
-0.000560363
-0.000582143
-0.000613907
-0.000643336
-0.000666402
-0.000682174
-0.00069126
-0.000693688
-0.000687096
-0.000665501
-0.000621604
-0.000560568
-0.000514765
-0.00055093
-0.000567477
-0.00058855
-0.000618472
-0.000645993
-0.000667876
-0.00068301
-0.000691386
-0.000692629
-0.000684356
-0.000660775
-0.000615488
-0.000554152
-0.000507295
-0.000557928
-0.00057471
-0.000595074
-0.000623211
-0.000648822
-0.000669421
-0.000683801
-0.000691403
-0.000691354
-0.000681154
-0.000655357
-0.00060846
-0.00054675
-0.000499061
-0.000563667
-0.000581133
-0.000601
-0.000627826
-0.00065194
-0.000671301
-0.000684647
-0.000691118
-0.000689616
-0.000677458
-0.000649578
-0.000601265
-0.000539471
-0.00049149
-0.000567888
-0.000586436
-0.000606189
-0.000632367
-0.000655468
-0.00067357
-0.00068546
-0.000690265
-0.000686918
-0.00067285
-0.000643156
-0.000593917
-0.0005326
-0.000484918
-0.000571208
-0.000590852
-0.000610748
-0.000636762
-0.0006591
-0.00067578
-0.000685714
-0.000688317
-0.000682706
-0.000666636
-0.000635487
-0.000585965
-0.000525606
-0.000478466
-0.000574319
-0.000594664
-0.000614648
-0.000640553
-0.000661977
-0.000676851
-0.000684446
-0.000684461
-0.000676317
-0.000658135
-0.000625869
-0.000576736
-0.000517836
-0.000471115
-0.000577293
-0.000597822
-0.000617605
-0.000643084
-0.000663196
-0.000675871
-0.000680878
-0.000678125
-0.000667369
-0.000647155
-0.000614187
-0.000566039
-0.000509037
-0.000462762
-0.000579736
-0.00060007
-0.000619426
-0.000644008
-0.000662393
-0.000672578
-0.000674928
-0.000669494
-0.00065633
-0.000634523
-0.000601428
-0.000554767
-0.000499862
-0.00045435
-0.000581397
-0.000601257
-0.000620147
-0.000643483
-0.000659971
-0.000667742
-0.000667614
-0.000659858
-0.000644887
-0.00062218
-0.000589543
-0.000544671
-0.000491769
-0.000447304
-0.00058217
-0.000601648
-0.000620128
-0.000642297
-0.000657178
-0.000663079
-0.000660998
-0.00065165
-0.000635651
-0.000612688
-0.000580775
-0.000537484
-0.000486126
-0.000442529
-0.000582418
-0.000601594
-0.000619764
-0.00064109
-0.000654852
-0.000659644
-0.000656547
-0.000646546
-0.000630289
-0.000607514
-0.00057627
-0.000533988
-0.000483539
-0.000440079
-0.000591986
-0.000606304
-0.000619752
-0.000635331
-0.000647761
-0.000655062
-0.000656857
-0.000652371
-0.000641002
-0.000623336
-0.000600712
-0.000571385
-0.000533779
-0.000508109
-0.000596352
-0.000612928
-0.000626061
-0.000643502
-0.000657464
-0.000666176
-0.000668913
-0.000664833
-0.000653628
-0.000636542
-0.000615368
-0.000585839
-0.000543569
-0.000506312
-0.000596405
-0.000611729
-0.000625227
-0.000645026
-0.000662708
-0.000674731
-0.000678968
-0.000675013
-0.0006626
-0.000642674
-0.000616175
-0.000582272
-0.000541542
-0.000505373
-0.000593061
-0.0006081
-0.000621817
-0.00064202
-0.000660807
-0.000674336
-0.000679327
-0.000675259
-0.000662636
-0.000642702
-0.000616092
-0.000582371
-0.000542446
-0.00050816
-0.000588662
-0.000604112
-0.000618818
-0.000639551
-0.000658209
-0.000671728
-0.000677223
-0.000674048
-0.000663298
-0.000645975
-0.00062161
-0.000587829
-0.000545515
-0.000511174
-0.000583667
-0.000599621
-0.000615786
-0.000637708
-0.000656792
-0.000670497
-0.000676666
-0.000674903
-0.000666481
-0.00065177
-0.000628889
-0.000593555
-0.000547921
-0.000513931
-0.00057831
-0.000594687
-0.000612352
-0.000635745
-0.000655718
-0.000670004
-0.00067704
-0.000676777
-0.000670344
-0.000657508
-0.000634952
-0.000597578
-0.000549004
-0.000516186
-0.000572605
-0.00058957
-0.000608595
-0.000633383
-0.000654306
-0.000669315
-0.000677276
-0.000678354
-0.000673446
-0.000661745
-0.000639084
-0.000600042
-0.00054942
-0.000517942
-0.000567272
-0.000584817
-0.000604906
-0.000630806
-0.000652515
-0.00066816
-0.000676971
-0.000679193
-0.00067551
-0.000664604
-0.000641787
-0.000601412
-0.000549497
-0.000519064
-0.000563308
-0.000581232
-0.00060189
-0.000628482
-0.000650733
-0.000666885
-0.000676413
-0.000679588
-0.000676881
-0.0006666
-0.000643598
-0.000602091
-0.000549279
-0.000519554
-0.000561245
-0.000579368
-0.000600205
-0.000627018
-0.000649467
-0.000665899
-0.000675914
-0.000679776
-0.000677819
-0.000668026
-0.000644853
-0.000602452
-0.000548865
-0.000519426
-0.000561287
-0.000579423
-0.00060018
-0.000626773
-0.000649021
-0.000665424
-0.00067561
-0.000679854
-0.000678403
-0.000668947
-0.00064567
-0.000602656
-0.000548301
-0.000518709
-0.000563239
-0.000581337
-0.000601811
-0.000627786
-0.000649462
-0.000665508
-0.000675554
-0.000679879
-0.000678641
-0.000669329
-0.000645988
-0.000602681
-0.000547565
-0.000517381
-0.000566805
-0.000584864
-0.000604828
-0.0006299
-0.000650732
-0.000666139
-0.000675771
-0.00067986
-0.000678498
-0.00066907
-0.000645612
-0.000602315
-0.000546611
-0.000515327
-0.000571636
-0.000589609
-0.000608882
-0.000632927
-0.000652771
-0.000667341
-0.000676292
-0.000679823
-0.000677955
-0.000668047
-0.000644312
-0.000601227
-0.000545326
-0.000512427
-0.000577319
-0.000595168
-0.000613685
-0.000636732
-0.000655551
-0.000669137
-0.000677142
-0.000679777
-0.000676962
-0.000666128
-0.000641928
-0.00059912
-0.000543571
-0.000508667
-0.000583371
-0.000601191
-0.000618962
-0.00064115
-0.000658981
-0.000671454
-0.000678222
-0.000679606
-0.000675367
-0.000663174
-0.000638287
-0.000595841
-0.000541199
-0.000504137
-0.000589357
-0.000607304
-0.000624365
-0.000645873
-0.000662768
-0.00067399
-0.000679224
-0.000679008
-0.000672908
-0.000659034
-0.000633223
-0.000591254
-0.000537808
-0.000499056
-0.000594908
-0.000613047
-0.000629466
-0.000650387
-0.000666366
-0.0006762
-0.000679689
-0.000677585
-0.000669334
-0.000653587
-0.000626803
-0.00058542
-0.000533284
-0.000493466
-0.00059973
-0.000617961
-0.000633704
-0.000654126
-0.000669177
-0.000677442
-0.000679175
-0.000674902
-0.000664498
-0.000647031
-0.000619534
-0.000578867
-0.000528188
-0.000487815
-0.000603456
-0.000621601
-0.000636628
-0.000656549
-0.000670648
-0.000677327
-0.000677278
-0.000670901
-0.000658578
-0.000639778
-0.000612115
-0.000572483
-0.000523255
-0.000482876
-0.000605872
-0.000623673
-0.000638047
-0.000657473
-0.000670759
-0.000676131
-0.000674411
-0.000666284
-0.000652501
-0.000632899
-0.000605534
-0.000567172
-0.000519212
-0.000479197
-0.000606974
-0.000624375
-0.000638169
-0.000657229
-0.000670025
-0.000674507
-0.000671583
-0.000662269
-0.000647605
-0.000627692
-0.000600857
-0.000563641
-0.000516601
-0.000477064
-0.000606855
-0.000623955
-0.000637464
-0.000656482
-0.000669289
-0.000673494
-0.000670055
-0.00066017
-0.000645139
-0.000625263
-0.00059891
-0.000562396
-0.000515764
-0.000476456
-0.000605693
-0.000622659
-0.000636331
-0.000655818
-0.000669225
-0.00067385
-0.000670628
-0.000660807
-0.000645867
-0.000626206
-0.000600109
-0.000563657
-0.000516815
-0.000477314
-0.000603513
-0.000620512
-0.000634778
-0.0006553
-0.000669862
-0.000675588
-0.000673318
-0.000664203
-0.000649793
-0.000630484
-0.000604395
-0.000567371
-0.000519671
-0.000479594
-0.000600136
-0.000617378
-0.000632463
-0.000654339
-0.000670544
-0.000678007
-0.000677329
-0.000669581
-0.000656176
-0.000637437
-0.000611221
-0.000573169
-0.000524125
-0.000483194
-0.000595652
-0.000613121
-0.000628961
-0.0006521
-0.000670191
-0.000679948
-0.000681367
-0.000675631
-0.000663772
-0.000645971
-0.000619697
-0.000580437
-0.000529733
-0.000487944
-0.000590408
-0.000607681
-0.000624118
-0.000648188
-0.000668035
-0.000680288
-0.000684205
-0.000680969
-0.000671239
-0.000654851
-0.0006288
-0.00058845
-0.000535883
-0.000493636
-0.000584477
-0.000601287
-0.000618201
-0.000642833
-0.000664042
-0.000678589
-0.000685245
-0.000684625
-0.000677481
-0.000662961
-0.000637611
-0.000596433
-0.000542025
-0.000499822
-0.000577974
-0.000594269
-0.00061168
-0.000636743
-0.000658921
-0.000675278
-0.000684417
-0.000686364
-0.000681905
-0.000669628
-0.00064547
-0.000603697
-0.000547665
-0.000505957
-0.000570925
-0.000586856
-0.000604929
-0.000630615
-0.000653623
-0.000671323
-0.000682408
-0.000686763
-0.000684712
-0.000674731
-0.0006519
-0.000609739
-0.000552331
-0.00051172
-0.00056344
-0.00057926
-0.000598086
-0.000624802
-0.000648767
-0.000667531
-0.00068007
-0.000686376
-0.00068636
-0.000678389
-0.000656808
-0.000614378
-0.000555864
-0.000517139
-0.000555881
-0.000571747
-0.000591187
-0.000619313
-0.000644616
-0.000664482
-0.000678133
-0.000685858
-0.000687447
-0.000681013
-0.000660371
-0.000617571
-0.000558368
-0.000522045
-0.000548981
-0.000564779
-0.000584443
-0.000614027
-0.000640997
-0.000662192
-0.000676857
-0.000685645
-0.000688371
-0.000682878
-0.000662715
-0.000619414
-0.000560029
-0.000526178
-0.000543558
-0.000559256
-0.000578846
-0.000609629
-0.000638272
-0.000660856
-0.000676491
-0.000686042
-0.000689483
-0.000684383
-0.000664246
-0.000620403
-0.000561079
-0.000529277
-0.000541332
-0.000556884
-0.000576343
-0.000607845
-0.000637657
-0.000661206
-0.00067738
-0.000687176
-0.000690749
-0.000685526
-0.000665061
-0.000620785
-0.000561426
-0.00053085
-0.00054371
-0.00055902
-0.000578455
-0.000609697
-0.000639352
-0.000662837
-0.000678842
-0.000688275
-0.000691328
-0.000685389
-0.000664385
-0.000620102
-0.000560693
-0.000530054
-0.000549552
-0.000564758
-0.000584179
-0.000614186
-0.000642388
-0.000664842
-0.00068009
-0.000688722
-0.000690866
-0.000683902
-0.000662136
-0.000617967
-0.000558522
-0.000526603
-0.000556843
-0.000572201
-0.000591398
-0.000619645
-0.000645787
-0.000666754
-0.000681051
-0.000688858
-0.00068995
-0.000681827
-0.000658971
-0.000614599
-0.000554997
-0.000521042
-0.000564365
-0.00057993
-0.000598565
-0.000624994
-0.00064915
-0.000668711
-0.000682152
-0.000689195
-0.000689126
-0.000679584
-0.000655423
-0.000610583
-0.000550869
-0.000514704
-0.000571096
-0.000587178
-0.000605186
-0.000630225
-0.000652911
-0.000671305
-0.000683758
-0.000689717
-0.000688292
-0.000677159
-0.000651702
-0.000606552
-0.000547182
-0.000508972
-0.000576987
-0.000593928
-0.000611561
-0.000635918
-0.000657711
-0.000674906
-0.000685858
-0.000690102
-0.000686916
-0.000674227
-0.000647736
-0.000602707
-0.000544368
-0.000504393
-0.000582873
-0.000600665
-0.000618125
-0.000642274
-0.000663362
-0.00067906
-0.000687887
-0.000689813
-0.000684443
-0.000670147
-0.000642918
-0.000598511
-0.000541686
-0.000500365
-0.000589394
-0.000607663
-0.000624871
-0.000648799
-0.000668878
-0.000682505
-0.000688705
-0.000687941
-0.000680164
-0.000664189
-0.000636398
-0.000592981
-0.000537973
-0.000495864
-0.000596259
-0.000614504
-0.000631107
-0.000654379
-0.000672867
-0.000683907
-0.000687231
-0.000683642
-0.000673446
-0.000655786
-0.000627659
-0.000585552
-0.000532658
-0.000490425
-0.00060256
-0.000620367
-0.000635972
-0.000658031
-0.00067445
-0.000682675
-0.000683207
-0.000676957
-0.00066451
-0.000645468
-0.000617399
-0.000576871
-0.000526179
-0.000484479
-0.000607519
-0.000624611
-0.000638994
-0.00065949
-0.000673738
-0.000679374
-0.000677412
-0.000668872
-0.000654729
-0.000634893
-0.000607322
-0.000568551
-0.000519872
-0.000479093
-0.000610505
-0.000627042
-0.000640306
-0.000659389
-0.000671865
-0.000675576
-0.000671677
-0.000661587
-0.000646489
-0.000626443
-0.000599576
-0.000562326
-0.000515177
-0.000475213
-0.000611609
-0.00062776
-0.00064012
-0.000658305
-0.000669679
-0.000672379
-0.000667557
-0.000656877
-0.000641543
-0.000621674
-0.000595435
-0.000559178
-0.000512976
-0.000473149
-0.000593872
-0.000610583
-0.00062303
-0.000637593
-0.000649301
-0.000656185
-0.000657885
-0.000653764
-0.000642765
-0.000624914
-0.000600481
-0.000568497
-0.000534487
-0.000517461
-0.000595523
-0.000614464
-0.000628493
-0.000645557
-0.000658656
-0.000667206
-0.000669904
-0.000666174
-0.000655193
-0.000638066
-0.000616069
-0.000585665
-0.000544586
-0.000517003
-0.000593105
-0.000610457
-0.000625386
-0.000646024
-0.000663692
-0.000675709
-0.000679645
-0.000675558
-0.000662949
-0.000643207
-0.000617707
-0.000585392
-0.000545478
-0.000515749
-0.000587704
-0.000604671
-0.000619621
-0.000640767
-0.000659908
-0.000673634
-0.000678466
-0.000674129
-0.000661212
-0.000641385
-0.000615819
-0.000583523
-0.000544072
-0.000516192
-0.00058131
-0.000599054
-0.000615063
-0.000636795
-0.000655786
-0.000669416
-0.000674756
-0.000671281
-0.00066011
-0.00064248
-0.000618277
-0.000584594
-0.000542626
-0.000517081
-0.000573935
-0.000592598
-0.000610206
-0.000633608
-0.000653405
-0.000667364
-0.000673383
-0.000671194
-0.000662006
-0.000646164
-0.000621834
-0.000585167
-0.000540991
-0.000518128
-0.00056592
-0.000585317
-0.000604451
-0.000629705
-0.000650891
-0.00066585
-0.000672895
-0.000672002
-0.000664252
-0.000649198
-0.000623924
-0.000584578
-0.000539135
-0.000518986
-0.000557856
-0.000577891
-0.000598286
-0.000625035
-0.000647475
-0.000663464
-0.00067159
-0.0006719
-0.000665226
-0.000650664
-0.000624602
-0.00058343
-0.000537577
-0.000519608
-0.000550767
-0.000571296
-0.000592569
-0.000620355
-0.000643736
-0.000660591
-0.000669695
-0.000671094
-0.000665438
-0.000651348
-0.000624652
-0.000582103
-0.000536321
-0.000519871
-0.000545538
-0.000566466
-0.000588208
-0.000616605
-0.000640632
-0.00065818
-0.000668119
-0.000670481
-0.000665711
-0.000651951
-0.000624642
-0.000580947
-0.000535254
-0.000519781
-0.000542589
-0.000563888
-0.000585897
-0.000614531
-0.00063885
-0.000656816
-0.000667337
-0.000670412
-0.000666285
-0.000652741
-0.000624922
-0.00058032
-0.000534356
-0.000519368
-0.00054215
-0.000563675
-0.000585841
-0.00061439
-0.000638573
-0.000656549
-0.000667284
-0.000670776
-0.00066708
-0.000653731
-0.000625648
-0.000580386
-0.000533625
-0.000518624
-0.000544116
-0.000565771
-0.000587929
-0.000616034
-0.00063965
-0.000657208
-0.00066777
-0.000671385
-0.000667934
-0.000654797
-0.000626716
-0.000581029
-0.000533043
-0.0005175
-0.00054828
-0.000569982
-0.000591842
-0.000619155
-0.000641848
-0.000658624
-0.000668669
-0.000672101
-0.000668664
-0.000655677
-0.000627842
-0.000581982
-0.000532546
-0.000515826
-0.000554226
-0.000575897
-0.00059719
-0.000623461
-0.000645001
-0.000660727
-0.000669952
-0.000672862
-0.000669117
-0.000656087
-0.000628616
-0.000582878
-0.000532021
-0.000513487
-0.000561419
-0.000583005
-0.00060359
-0.000628751
-0.00064904
-0.000663532
-0.000671649
-0.000673666
-0.000669215
-0.000655851
-0.000628602
-0.000583344
-0.000531419
-0.00051044
-0.000569269
-0.000590801
-0.00061072
-0.000634862
-0.000653907
-0.00066702
-0.000673733
-0.000674479
-0.000668906
-0.000654825
-0.000627592
-0.000583174
-0.000530709
-0.000506737
-0.000577291
-0.000598879
-0.00061827
-0.000641566
-0.000659418
-0.000671015
-0.000676026
-0.000675155
-0.000668057
-0.000652872
-0.000625518
-0.000582157
-0.000529615
-0.000502617
-0.000585164
-0.000606865
-0.00062585
-0.000648425
-0.000665081
-0.000674986
-0.000678046
-0.000675266
-0.000666321
-0.000649841
-0.000622383
-0.000580117
-0.000527755
-0.00049816
-0.000592572
-0.000614312
-0.000632881
-0.000654739
-0.000670131
-0.00067817
-0.000679246
-0.000674309
-0.000663418
-0.000645655
-0.000618215
-0.000577212
-0.000525414
-0.000493724
-0.000599095
-0.000620651
-0.000638706
-0.000659793
-0.000673901
-0.000680061
-0.000679226
-0.000672152
-0.000659486
-0.000640737
-0.000613533
-0.000573879
-0.000522946
-0.000489923
-0.000604193
-0.000625361
-0.000642836
-0.000663184
-0.000676151
-0.000680746
-0.000678199
-0.000669275
-0.000655192
-0.000635864
-0.000609156
-0.000570766
-0.000520739
-0.000487133
-0.000607477
-0.000628231
-0.00064511
-0.000664972
-0.000677261
-0.000680885
-0.000676953
-0.000666667
-0.000651637
-0.000632078
-0.000605967
-0.000568607
-0.000519201
-0.000485568
-0.000608723
-0.000629162
-0.000645758
-0.000665573
-0.000677781
-0.000680981
-0.000676327
-0.000665338
-0.000649916
-0.000630408
-0.000604755
-0.000567982
-0.000518773
-0.000485214
-0.00060791
-0.000628199
-0.000644986
-0.000665283
-0.000678074
-0.000681572
-0.000677021
-0.00066604
-0.000650706
-0.000631425
-0.000606
-0.000569205
-0.000519698
-0.000486032
-0.000605016
-0.000625309
-0.000642758
-0.000664064
-0.000678066
-0.000682673
-0.000679081
-0.000668843
-0.000654045
-0.000635105
-0.000609656
-0.000572228
-0.000521894
-0.000488005
-0.000599997
-0.00062045
-0.000638792
-0.000661497
-0.000677168
-0.000683684
-0.000681775
-0.000673031
-0.000659261
-0.000640829
-0.000615146
-0.000576608
-0.000525067
-0.000491
-0.00059316
-0.000613782
-0.000632849
-0.000657047
-0.000674767
-0.000683745
-0.000684023
-0.000677446
-0.000665232
-0.00064757
-0.000621582
-0.00058161
-0.000528672
-0.000494875
-0.000585216
-0.000605696
-0.000625089
-0.000650472
-0.000670277
-0.000682049
-0.000685026
-0.000680939
-0.00067071
-0.000654165
-0.000627991
-0.000586425
-0.000532168
-0.000499424
-0.000576687
-0.000596734
-0.000616195
-0.000642313
-0.000663809
-0.00067818
-0.000684165
-0.000682707
-0.000674783
-0.000659664
-0.000633478
-0.000590441
-0.000535248
-0.000504265
-0.000567859
-0.000587408
-0.000606906
-0.000633502
-0.000656252
-0.000672741
-0.000681468
-0.000682633
-0.000677046
-0.000663463
-0.000637428
-0.000593221
-0.000537656
-0.000508934
-0.000558779
-0.000577995
-0.000597711
-0.000624856
-0.000648615
-0.000666701
-0.000677596
-0.000681099
-0.000677559
-0.000665403
-0.000639648
-0.000594547
-0.000539122
-0.000513159
-0.000549608
-0.000568741
-0.00058879
-0.000616722
-0.000641526
-0.000660921
-0.000673468
-0.000678812
-0.000676861
-0.000665802
-0.000640222
-0.000594467
-0.000539822
-0.00051697
-0.00054102
-0.00056011
-0.000580219
-0.000609063
-0.000635141
-0.000655846
-0.000669703
-0.000676386
-0.000675574
-0.000665148
-0.000639425
-0.000593151
-0.000539987
-0.000520291
-0.00053407
-0.000552742
-0.000572279
-0.000601838
-0.000629326
-0.000651462
-0.000666515
-0.000674238
-0.000674149
-0.000663942
-0.000637803
-0.00059114
-0.000539913
-0.00052306
-0.000529334
-0.000547408
-0.000566009
-0.000595973
-0.000624752
-0.000648267
-0.000664445
-0.00067305
-0.000673487
-0.000663244
-0.0006365
-0.000589459
-0.000539989
-0.000525273
-0.000527862
-0.000545391
-0.000563362
-0.000593538
-0.000623192
-0.000647608
-0.000664395
-0.000673386
-0.000674083
-0.000663665
-0.000636288
-0.000588826
-0.000540243
-0.000526736
-0.00053025
-0.000547556
-0.000565769
-0.000595858
-0.000625347
-0.000649565
-0.000666047
-0.000674709
-0.000675108
-0.000664407
-0.000636755
-0.000589124
-0.00054025
-0.000526741
-0.000535417
-0.000553053
-0.000572079
-0.000601637
-0.000629824
-0.000652704
-0.000668054
-0.000675801
-0.000675577
-0.000664535
-0.000637013
-0.000589499
-0.000539403
-0.000524687
-0.000541979
-0.00056028
-0.000579929
-0.000608449
-0.000634702
-0.000655746
-0.000669739
-0.000676505
-0.000675515
-0.000664038
-0.000636595
-0.00058917
-0.00053738
-0.000520616
-0.000549285
-0.000568094
-0.000587758
-0.000614939
-0.000639293
-0.000658745
-0.000671671
-0.000677633
-0.000675745
-0.000663439
-0.000635678
-0.000588181
-0.000534705
-0.000515442
-0.000556525
-0.000575893
-0.000595272
-0.000621348
-0.000644364
-0.000662661
-0.000674581
-0.000679449
-0.000676308
-0.00066288
-0.000634672
-0.000587316
-0.000532549
-0.000510457
-0.000563711
-0.000583895
-0.000603167
-0.000628728
-0.000650928
-0.000668068
-0.000678471
-0.000681584
-0.000676763
-0.000662176
-0.000633764
-0.000587109
-0.000531685
-0.000506422
-0.000571835
-0.000592802
-0.00061225
-0.000637683
-0.000659114
-0.000674614
-0.000682791
-0.00068353
-0.000676659
-0.000660916
-0.000632566
-0.000587135
-0.000531652
-0.000503132
-0.000581441
-0.000602854
-0.000622496
-0.000647682
-0.000667861
-0.000680992
-0.000686303
-0.000684269
-0.000675181
-0.000658234
-0.00063006
-0.000586151
-0.000531159
-0.000499804
-0.000591895
-0.000613323
-0.000632806
-0.000657163
-0.000675369
-0.000685488
-0.000687613
-0.000682663
-0.000671354
-0.000653215
-0.00062531
-0.000583123
-0.000529264
-0.000495858
-0.000601848
-0.000622908
-0.000641657
-0.000664537
-0.000680223
-0.000687094
-0.000686146
-0.000678439
-0.000665091
-0.000645991
-0.000618548
-0.000578202
-0.000525932
-0.000491428
-0.000609984
-0.00063046
-0.000648008
-0.000669109
-0.000682252
-0.00068627
-0.00068264
-0.000672492
-0.000657562
-0.000637932
-0.000611192
-0.000572623
-0.000522003
-0.000487306
-0.000615154
-0.000635162
-0.000651555
-0.000671155
-0.000682386
-0.000684389
-0.000678581
-0.000666766
-0.000650941
-0.000631226
-0.000605242
-0.000568093
-0.000518753
-0.000484285
-0.000617362
-0.000637133
-0.000652659
-0.000671478
-0.000681547
-0.00068238
-0.000675344
-0.000662861
-0.000646826
-0.000627325
-0.000601972
-0.000565787
-0.000517273
-0.000482643
-0.000579638
-0.000602813
-0.000616962
-0.000632095
-0.00064419
-0.000651724
-0.000653694
-0.000649119
-0.000636994
-0.0006173
-0.00059021
-0.00055767
-0.000529709
-0.000519647
-0.000575786
-0.000601394
-0.000618951
-0.000638222
-0.000652478
-0.00066177
-0.00066466
-0.000660284
-0.000648282
-0.000629559
-0.000604508
-0.000570994
-0.00053409
-0.000518411
-0.000569941
-0.000593971
-0.00061209
-0.000635026
-0.000654133
-0.000667049
-0.000671444
-0.000666952
-0.000653403
-0.000632542
-0.0006058
-0.000572192
-0.000534425
-0.000516092
-0.000562779
-0.000586487
-0.000604709
-0.000628018
-0.000648271
-0.000662578
-0.000667877
-0.000663583
-0.000650223
-0.000629701
-0.000603174
-0.000569443
-0.000532129
-0.000515356
-0.000554588
-0.000579314
-0.000598837
-0.000623081
-0.000643556
-0.000657949
-0.000663718
-0.000660338
-0.000648554
-0.000629422
-0.00060266
-0.000566681
-0.000529191
-0.000515367
-0.000545215
-0.000571006
-0.00059209
-0.000618252
-0.000640029
-0.000655255
-0.000661829
-0.000659403
-0.000648759
-0.000629902
-0.000601366
-0.000562888
-0.000526572
-0.000515706
-0.000535584
-0.000561982
-0.000584243
-0.000612131
-0.000635424
-0.000651887
-0.000659479
-0.000657951
-0.000647904
-0.000628553
-0.000598358
-0.000558714
-0.000524445
-0.000515969
-0.000526736
-0.000553331
-0.000576295
-0.000605256
-0.000629628
-0.000647059
-0.000655593
-0.00065501
-0.000645444
-0.000625853
-0.000594834
-0.000554937
-0.000522796
-0.000516087
-0.000519384
-0.000546094
-0.000569386
-0.000598903
-0.000623999
-0.000642171
-0.00065156
-0.000651826
-0.00064279
-0.000623238
-0.000591716
-0.000551835
-0.000521453
-0.00051599
-0.000513916
-0.000540905
-0.000564414
-0.00059421
-0.000619818
-0.000638614
-0.000648721
-0.000649658
-0.000641128
-0.00062158
-0.000589545
-0.000549554
-0.000520317
-0.000515674
-0.000510473
-0.00053793
-0.000561845
-0.000591842
-0.000617748
-0.000636946
-0.000647539
-0.000648956
-0.000640756
-0.000621131
-0.000588612
-0.00054827
-0.000519381
-0.000515145
-0.000509143
-0.000537162
-0.000561671
-0.000591892
-0.000617857
-0.000637116
-0.000647881
-0.000649573
-0.000641562
-0.000621897
-0.000589014
-0.000548026
-0.000518606
-0.000514361
-0.000510063
-0.000538619
-0.000563721
-0.000594078
-0.000619808
-0.00063878
-0.000649399
-0.000651179
-0.000643262
-0.000623634
-0.000590539
-0.000548645
-0.000517888
-0.000513233
-0.000513334
-0.000542307
-0.000567797
-0.000598031
-0.000623219
-0.000641572
-0.000651728
-0.000653371
-0.000645463
-0.000625959
-0.000592778
-0.00054984
-0.000517078
-0.000511598
-0.000518695
-0.000548023
-0.00057362
-0.000603421
-0.000627794
-0.000645228
-0.000654595
-0.000655798
-0.000647791
-0.000628415
-0.000595212
-0.000551282
-0.000516044
-0.000509341
-0.000525633
-0.000555325
-0.000580802
-0.000609985
-0.000633352
-0.000649626
-0.00065791
-0.000658339
-0.000649933
-0.000630496
-0.000597365
-0.000552686
-0.000514737
-0.000506399
-0.000533603
-0.000563676
-0.000588972
-0.000617511
-0.000639774
-0.000654682
-0.0006616
-0.000660908
-0.00065172
-0.00063202
-0.000599067
-0.000553932
-0.000513187
-0.000502781
-0.000542197
-0.000572641
-0.000597832
-0.000625811
-0.000646938
-0.000660288
-0.000665564
-0.000663395
-0.000653074
-0.000632884
-0.000600142
-0.000554877
-0.000511477
-0.000498614
-0.000551058
-0.000581877
-0.000607064
-0.000634565
-0.000654505
-0.00066609
-0.000669469
-0.000665511
-0.000653805
-0.000632985
-0.000600461
-0.000555251
-0.000509604
-0.000494249
-0.000559807
-0.000590953
-0.000616161
-0.00064317
-0.000661815
-0.000671428
-0.000672747
-0.000666804
-0.000653611
-0.000632153
-0.000599926
-0.000555065
-0.000507778
-0.000490093
-0.000567972
-0.000599244
-0.000624401
-0.000650828
-0.000668099
-0.000675656
-0.000674894
-0.00066697
-0.000652401
-0.000630481
-0.000598705
-0.000554419
-0.00050608
-0.000486608
-0.000574827
-0.000605992
-0.000631001
-0.000656818
-0.000672803
-0.000678503
-0.00067585
-0.000666167
-0.000650506
-0.000628401
-0.000597225
-0.000553557
-0.000504675
-0.000484096
-0.000579626
-0.000610553
-0.000635388
-0.000660751
-0.000675812
-0.000680186
-0.000676061
-0.000665062
-0.000648688
-0.00062665
-0.0005961
-0.000552936
-0.000503761
-0.000482714
-0.00058181
-0.000612506
-0.000637304
-0.000662591
-0.000677376
-0.000681178
-0.000676285
-0.000664604
-0.000647928
-0.000626072
-0.000595963
-0.000553029
-0.000503646
-0.000482449
-0.000581162
-0.000611676
-0.000636651
-0.00066241
-0.000677739
-0.000681831
-0.00067704
-0.000665412
-0.000648868
-0.000627233
-0.000597242
-0.000554128
-0.000504486
-0.000483262
-0.000577664
-0.000608023
-0.000633369
-0.000660101
-0.000676791
-0.000682126
-0.000678328
-0.000667504
-0.000651513
-0.00063011
-0.000599891
-0.000556189
-0.000506224
-0.000485128
-0.000571465
-0.000601706
-0.000627434
-0.00065541
-0.000674053
-0.000681571
-0.000679554
-0.000670257
-0.000655237
-0.000634098
-0.000603379
-0.000558801
-0.000508604
-0.000487943
-0.000563141
-0.000593226
-0.000619087
-0.000648234
-0.00066904
-0.000679356
-0.000679777
-0.000672625
-0.000658992
-0.000638237
-0.000606924
-0.000561335
-0.000511225
-0.000491594
-0.000553735
-0.000583392
-0.00060901
-0.000638926
-0.000661693
-0.000674957
-0.000678295
-0.000673638
-0.000661721
-0.000641569
-0.000609734
-0.000563219
-0.000513789
-0.000495819
-0.000544146
-0.000573066
-0.000598164
-0.000628369
-0.000652629
-0.000668539
-0.000674917
-0.000672805
-0.000662728
-0.000643367
-0.000611202
-0.000564146
-0.000516124
-0.000500304
-0.000534784
-0.000562864
-0.000587391
-0.000617606
-0.0006429
-0.000660874
-0.000669907
-0.000670166
-0.000661854
-0.000643309
-0.000611007
-0.000563962
-0.000518162
-0.000504678
-0.000525756
-0.000553081
-0.000577125
-0.000607303
-0.000633336
-0.000652793
-0.000663874
-0.000666123
-0.000659284
-0.000641386
-0.00060908
-0.000562566
-0.000519704
-0.000508644
-0.000517273
-0.000543981
-0.000567517
-0.000597629
-0.000624228
-0.000644792
-0.000657357
-0.000661086
-0.000655267
-0.000637815
-0.000605614
-0.000560128
-0.000520763
-0.000511992
-0.000510095
-0.000536112
-0.000558706
-0.000588563
-0.000615633
-0.000637135
-0.000650807
-0.000655523
-0.000650321
-0.000633062
-0.000600993
-0.000556939
-0.000521344
-0.000514738
-0.000505185
-0.000530098
-0.000551049
-0.000580262
-0.000607683
-0.000630026
-0.000644646
-0.000650122
-0.000645335
-0.000628095
-0.000596108
-0.000553606
-0.000521638
-0.000516951
-0.000502652
-0.000526317
-0.000545352
-0.000573697
-0.000601319
-0.00062436
-0.000639817
-0.000646025
-0.000641587
-0.000624325
-0.000592347
-0.000551088
-0.000521972
-0.000518726
-0.000502586
-0.00052525
-0.00054312
-0.000570909
-0.000598671
-0.000622126
-0.000638023
-0.000644632
-0.000640401
-0.000623057
-0.000590926
-0.000550205
-0.000522503
-0.000520081
-0.000504559
-0.000527027
-0.000545428
-0.000573439
-0.000601207
-0.000624534
-0.000640228
-0.000646662
-0.000642193
-0.000624641
-0.00059225
-0.000551162
-0.000523006
-0.000520616
-0.000507613
-0.000531062
-0.000551236
-0.00057994
-0.000607348
-0.000629785
-0.00064452
-0.000650231
-0.000645311
-0.000627594
-0.000595013
-0.000552892
-0.000522764
-0.000519611
-0.000511571
-0.000536461
-0.000558413
-0.000587533
-0.000614042
-0.000635052
-0.00064846
-0.000653223
-0.000647871
-0.000630084
-0.000597393
-0.000553973
-0.000521102
-0.000516625
-0.000516664
-0.000542717
-0.000565706
-0.000594702
-0.000620093
-0.000639774
-0.000652084
-0.000656018
-0.000650122
-0.000632
-0.000598965
-0.000554142
-0.000518222
-0.000512096
-0.000522415
-0.000549583
-0.000573077
-0.000601839
-0.00062645
-0.000645259
-0.000656631
-0.000659622
-0.000652835
-0.000634011
-0.000600471
-0.000554366
-0.000515233
-0.000507118
-0.000529044
-0.000557465
-0.000581482
-0.000610356
-0.000634596
-0.000652564
-0.000662616
-0.000664084
-0.000655972
-0.000636364
-0.000602571
-0.000555597
-0.000513173
-0.000502603
-0.000537586
-0.000567152
-0.000591925
-0.00062117
-0.000644962
-0.000661531
-0.000669524
-0.000668837
-0.000659072
-0.000638725
-0.000605029
-0.000557724
-0.000512187
-0.000498742
-0.000548445
-0.000578811
-0.000604383
-0.000633825
-0.000656576
-0.000670897
-0.000676059
-0.000672717
-0.000661097
-0.000640028
-0.00060667
-0.000559569
-0.000511546
-0.000495167
-0.000560746
-0.000591561
-0.000617655
-0.000646705
-0.000667576
-0.000678824
-0.000680634
-0.000674391
-0.000660853
-0.000639148
-0.000606325
-0.000559931
-0.000510398
-0.000491455
-0.000572895
-0.000603837
-0.000629944
-0.000657855
-0.000676115
-0.000683845
-0.00068226
-0.000673232
-0.000657973
-0.000635848
-0.000603788
-0.000558488
-0.000508371
-0.000487579
-0.000583213
-0.000614032
-0.000639673
-0.000665928
-0.00068134
-0.000685781
-0.000681244
-0.000669836
-0.000653263
-0.000631042
-0.000599946
-0.000555889
-0.000505825
-0.000484022
-0.000590121
-0.000620797
-0.000645815
-0.000670554
-0.000683705
-0.000685797
-0.000679082
-0.000666046
-0.0006487
-0.000626613
-0.000596402
-0.000553382
-0.000503577
-0.000481398
-0.000593441
-0.000624225
-0.00064873
-0.000672676
-0.000684449
-0.000685105
-0.000677096
-0.000663332
-0.000645789
-0.000624002
-0.000594496
-0.000552197
-0.000502504
-0.000479959
-0.000555283
-0.000587085
-0.000604346
-0.000619925
-0.000632325
-0.000640575
-0.000643063
-0.000638285
-0.000625158
-0.0006036
-0.000574851
-0.000544312
-0.000523228
-0.000517963
-0.00054374
-0.000579743
-0.000601919
-0.000623138
-0.000639131
-0.000649306
-0.000652455
-0.000647428
-0.000633609
-0.000611271
-0.000581456
-0.00054758
-0.00052142
-0.000515511
-0.000534303
-0.000569507
-0.000592335
-0.000616824
-0.000636943
-0.000650245
-0.000654522
-0.000649052
-0.000633697
-0.000609954
-0.000579752
-0.000546019
-0.000518779
-0.00051239
-0.000526048
-0.000561165
-0.000584555
-0.000609639
-0.000630558
-0.00064476
-0.000649682
-0.000644639
-0.000629907
-0.000606867
-0.000576859
-0.00054284
-0.00051637
-0.000511032
-0.000517128
-0.00055302
-0.000577604
-0.000603912
-0.000625578
-0.000640322
-0.000645915
-0.000641814
-0.000628149
-0.000605314
-0.000573949
-0.000538714
-0.000514286
-0.000510744
-0.000507713
-0.000544112
-0.000569577
-0.000597291
-0.000620207
-0.000636015
-0.000642554
-0.000639228
-0.00062582
-0.000602009
-0.000568994
-0.000533978
-0.000512862
-0.000511037
-0.000499106
-0.000535335
-0.000561035
-0.000589472
-0.000613332
-0.000630069
-0.000637429
-0.000634593
-0.000620994
-0.000596405
-0.000563117
-0.000529847
-0.000512017
-0.000511459
-0.000492099
-0.000527633
-0.000553063
-0.000581609
-0.000605889
-0.00062314
-0.000631056
-0.000628624
-0.000615136
-0.000590638
-0.000557996
-0.000526718
-0.00051145
-0.000511765
-0.000486534
-0.000521528
-0.000546547
-0.000574921
-0.000599329
-0.000616891
-0.000625249
-0.000623248
-0.000610112
-0.000585958
-0.000554055
-0.000524381
-0.000510898
-0.000511801
-0.00048202
-0.000517035
-0.000541998
-0.000570288
-0.000594773
-0.000612573
-0.000621317
-0.000619682
-0.000606844
-0.000582861
-0.000551385
-0.00052268
-0.000510293
-0.000511541
-0.000478273
-0.000513921
-0.000539496
-0.000568102
-0.000592792
-0.00061079
-0.00061978
-0.000618344
-0.000605589
-0.000581551
-0.00055008
-0.000521633
-0.000509639
-0.000511026
-0.000475356
-0.000512109
-0.000538866
-0.000568195
-0.00059326
-0.00061144
-0.000620506
-0.000619087
-0.00060622
-0.000581947
-0.000550061
-0.000521157
-0.000508881
-0.000510222
-0.000473798
-0.000511837
-0.000540022
-0.000570245
-0.000595693
-0.00061393
-0.000622889
-0.000621362
-0.00060827
-0.00058362
-0.000550962
-0.000520978
-0.000507852
-0.00050901
-0.00047425
-0.000513444
-0.000542971
-0.000574007
-0.000599702
-0.000617814
-0.000626483
-0.000624716
-0.0006113
-0.000586103
-0.000552368
-0.000520784
-0.000506345
-0.000507224
-0.000476862
-0.000517031
-0.000547662
-0.000579303
-0.000605038
-0.000622799
-0.000630972
-0.000628794
-0.000614983
-0.000589084
-0.000554037
-0.000520415
-0.000504214
-0.000504705
-0.000481256
-0.000522367
-0.000553886
-0.00058593
-0.000611467
-0.000628629
-0.000636105
-0.000633287
-0.000618935
-0.000592303
-0.000555878
-0.000519913
-0.000501429
-0.000501381
-0.000486888
-0.000529047
-0.000561335
-0.00059366
-0.000618809
-0.000635169
-0.000641721
-0.000638051
-0.000623027
-0.000595714
-0.000557948
-0.000519443
-0.000498121
-0.000497301
-0.000493436
-0.000536694
-0.000569712
-0.000602289
-0.000626926
-0.000642233
-0.000647556
-0.000642821
-0.000627005
-0.000599059
-0.000560182
-0.00051916
-0.000494571
-0.000492677
-0.000500686
-0.000544972
-0.000578719
-0.000611529
-0.000635533
-0.000649516
-0.000653293
-0.000647215
-0.000630495
-0.000602005
-0.000562308
-0.000519084
-0.000491134
-0.000487936
-0.000508303
-0.000553474
-0.000587935
-0.000620889
-0.000644085
-0.000656469
-0.000658426
-0.000650777
-0.000633119
-0.000604244
-0.000564046
-0.000519104
-0.000488135
-0.000483547
-0.000515782
-0.000561605
-0.000596685
-0.00062964
-0.000651866
-0.000662469
-0.000662499
-0.000653198
-0.000634649
-0.000605583
-0.000565226
-0.000519074
-0.000485703
-0.000479922
-0.000522381
-0.000568569
-0.000604096
-0.000636944
-0.000658195
-0.000667067
-0.00066531
-0.000654508
-0.000635218
-0.000606149
-0.000565903
-0.000519014
-0.000483968
-0.000477315
-0.000527236
-0.000573529
-0.000609329
-0.000642087
-0.000662621
-0.000670166
-0.000667026
-0.000655109
-0.000635342
-0.000606406
-0.000566374
-0.000519062
-0.000483009
-0.000475867
-0.0005296
-0.000575816
-0.000611769
-0.000644608
-0.00066495
-0.00067193
-0.000668088
-0.000655631
-0.000635701
-0.00060693
-0.00056704
-0.00051947
-0.000482938
-0.00047558
-0.000529077
-0.000575061
-0.000611068
-0.000644273
-0.000665113
-0.00067246
-0.000668809
-0.000656503
-0.000636754
-0.000608129
-0.000568196
-0.000520417
-0.000483776
-0.000476411
-0.000525683
-0.000571266
-0.000607189
-0.000640985
-0.000662991
-0.000671663
-0.000669112
-0.000657683
-0.000638459
-0.000609951
-0.000569788
-0.000521855
-0.000485473
-0.000478333
-0.000519836
-0.000564824
-0.000600427
-0.000634815
-0.000658409
-0.00066919
-0.000668541
-0.000658659
-0.000640281
-0.000611879
-0.000571409
-0.000523502
-0.000487884
-0.000481258
-0.000512326
-0.000556522
-0.000591466
-0.000626179
-0.00065139
-0.000664685
-0.000666501
-0.00065866
-0.000641398
-0.000613181
-0.000572508
-0.000525001
-0.000490816
-0.000485042
-0.000504205
-0.000547377
-0.00058129
-0.00061588
-0.000642364
-0.000658126
-0.000662628
-0.000657031
-0.000641067
-0.000613189
-0.000572605
-0.000526075
-0.000494094
-0.000489448
-0.00049646
-0.000538299
-0.000570899
-0.000604912
-0.000632136
-0.000649927
-0.000656936
-0.000653459
-0.000638835
-0.000611531
-0.000571499
-0.00052665
-0.000497534
-0.00049418
-0.000489542
-0.000529846
-0.000561013
-0.000594136
-0.000621605
-0.000640772
-0.000649749
-0.000648043
-0.000634678
-0.000608175
-0.00056924
-0.000526797
-0.000500988
-0.000498902
-0.000483583
-0.00052227
-0.000551946
-0.000584005
-0.000611331
-0.000631243
-0.000641552
-0.000641194
-0.000628901
-0.000603344
-0.000566004
-0.000526563
-0.000504238
-0.000503257
-0.000478725
-0.000515834
-0.000543838
-0.000574631
-0.000601474
-0.000621685
-0.000632825
-0.000633422
-0.000622003
-0.000597521
-0.000562115
-0.000525994
-0.000507062
-0.000506956
-0.000475515
-0.000511005
-0.000536903
-0.000566133
-0.000592236
-0.000612441
-0.00062409
-0.000625328
-0.000614655
-0.000591322
-0.000557985
-0.000525176
-0.000509294
-0.000509898
-0.000474673
-0.000508112
-0.000531403
-0.000558783
-0.000584044
-0.000604137
-0.000616176
-0.000617934
-0.000607968
-0.000585647
-0.00055419
-0.000524274
-0.000510913
-0.000512079
-0.000475634
-0.000506937
-0.000527612
-0.000553186
-0.000577679
-0.00059765
-0.000609983
-0.000612262
-0.000602877
-0.000581398
-0.00055135
-0.000523571
-0.000512043
-0.000513619
-0.000477187
-0.000507074
-0.000526305
-0.000550871
-0.000574948
-0.000594863
-0.000607342
-0.000609951
-0.000600873
-0.00057979
-0.00055039
-0.000523614
-0.000512917
-0.000514745
-0.000478021
-0.000508046
-0.000528132
-0.000553282
-0.000577666
-0.000597683
-0.000610151
-0.000612703
-0.000603368
-0.000581937
-0.000552112
-0.000524772
-0.000513583
-0.000515432
-0.000477644
-0.000509644
-0.000532273
-0.000559132
-0.000584217
-0.000604272
-0.000616407
-0.000618422
-0.000608349
-0.000586102
-0.000555065
-0.000525995
-0.000513358
-0.000515018
-0.000477177
-0.000511763
-0.000537164
-0.000565747
-0.000591259
-0.000610936
-0.000622341
-0.000623491
-0.00061262
-0.000589461
-0.000556948
-0.000525749
-0.000511372
-0.000512699
-0.000477946
-0.000514592
-0.00054214
-0.000571918
-0.000597489
-0.000616588
-0.000627181
-0.000627499
-0.000615884
-0.000591643
-0.000557405
-0.000523826
-0.000507558
-0.000508487
-0.000479952
-0.000518414
-0.000547567
-0.000578263
-0.000603961
-0.000622712
-0.000632622
-0.000632144
-0.000619648
-0.000594119
-0.000557874
-0.000521517
-0.000502866
-0.000503186
-0.000483489
-0.000523912
-0.0005546
-0.000586384
-0.000612463
-0.000630938
-0.000640005
-0.000638472
-0.000624885
-0.000598054
-0.0005598
-0.0005203
-0.000498458
-0.000497792
-0.000489522
-0.000531836
-0.000564196
-0.000597231
-0.000623609
-0.000641339
-0.000648969
-0.000645927
-0.000631107
-0.000603191
-0.000563285
-0.00052063
-0.000494922
-0.000492862
-0.000498364
-0.000542224
-0.000576259
-0.000610368
-0.000636492
-0.00065262
-0.000657996
-0.000652906
-0.000636714
-0.000608016
-0.000567055
-0.000521765
-0.000492116
-0.000488412
-0.000509125
-0.000554206
-0.000589666
-0.0006243
-0.000649333
-0.00066294
-0.000665366
-0.000657803
-0.00064018
-0.000611003
-0.000569616
-0.000522551
-0.000489559
-0.000484247
-0.000520294
-0.000566291
-0.000602729
-0.000637156
-0.000660289
-0.000670732
-0.000669912
-0.000659786
-0.000640856
-0.000611519
-0.000570277
-0.00052231
-0.000486929
-0.000480304
-0.000530168
-0.00057681
-0.000613724
-0.000647339
-0.000668151
-0.000675416
-0.000671609
-0.000659233
-0.00063927
-0.000610058
-0.000569367
-0.000521172
-0.000484347
-0.000476843
-0.000537108
-0.000584203
-0.000621213
-0.000653935
-0.000672778
-0.000677633
-0.000671606
-0.000657631
-0.000637011
-0.000608027
-0.000567944
-0.000519847
-0.000482264
-0.000474265
-0.000540659
-0.000588449
-0.000625326
-0.000657633
-0.000675275
-0.000678569
-0.000671167
-0.000656367
-0.000635532
-0.000606856
-0.000567304
-0.000519346
-0.000481155
-0.000472839
-0.000547674
-0.000574813
-0.000592009
-0.000605857
-0.000617129
-0.000624986
-0.000627522
-0.000622603
-0.000608837
-0.000586116
-0.00055734
-0.000530765
-0.000516468
-0.000514566
-0.000528535
-0.000562994
-0.000586482
-0.00060653
-0.000622312
-0.000632383
-0.00063495
-0.000628516
-0.000612092
-0.000585921
-0.000553613
-0.000524454
-0.000510724
-0.000511311
-0.000515787
-0.00055102
-0.000576257
-0.000599664
-0.00061901
-0.000631436
-0.000634567
-0.000627217
-0.000608993
-0.000581044
-0.000547456
-0.000517761
-0.000505034
-0.000507521
-0.0005072
-0.000542321
-0.000568486
-0.000592921
-0.000613222
-0.000626413
-0.000630149
-0.000623277
-0.000605476
-0.000577611
-0.000543447
-0.000513568
-0.000502217
-0.000505738
-0.000499262
-0.000534264
-0.000560985
-0.000586336
-0.000607509
-0.000621535
-0.000626106
-0.000620032
-0.000602606
-0.000574267
-0.00053942
-0.000510595
-0.00050155
-0.000505629
-0.000492195
-0.000526587
-0.000553198
-0.000578976
-0.000600831
-0.000615669
-0.000620988
-0.000615346
-0.000597769
-0.000568928
-0.000534771
-0.00050872
-0.000502166
-0.00050639
-0.000486919
-0.000519996
-0.000545862
-0.000571429
-0.000593476
-0.000608712
-0.000614453
-0.000608993
-0.000591404
-0.000563086
-0.000531027
-0.00050815
-0.000503287
-0.000507356
-0.000483377
-0.000514757
-0.00053949
-0.000564464
-0.000586368
-0.000601709
-0.000607713
-0.00060256
-0.000585531
-0.000558486
-0.000528732
-0.000508361
-0.000504345
-0.000508108
-0.000480485
-0.000510639
-0.000534426
-0.000558785
-0.000580447
-0.000595825
-0.000602084
-0.000597372
-0.000581082
-0.000555278
-0.000527352
-0.000508614
-0.00050497
-0.000508449
-0.000477133
-0.000507138
-0.000530758
-0.000554943
-0.000576521
-0.000591953
-0.000598435
-0.000594027
-0.000578201
-0.000553195
-0.000526418
-0.000508601
-0.000505109
-0.000508368
-0.000472801
-0.000503844
-0.000528311
-0.000553067
-0.00057496
-0.000590557
-0.000597158
-0.000592827
-0.000577068
-0.000552267
-0.000525854
-0.000508311
-0.000504804
-0.000507937
-0.000467856
-0.000500737
-0.000526865
-0.000552814
-0.000575428
-0.000591365
-0.00059799
-0.000593512
-0.000577439
-0.000552239
-0.000525442
-0.000507641
-0.000504026
-0.000507119
-0.000463302
-0.000498279
-0.000526452
-0.000553896
-0.000577376
-0.000593622
-0.000600114
-0.000595282
-0.000578618
-0.000552547
-0.000524733
-0.000506276
-0.000502581
-0.00050578
-0.000460185
-0.000497109
-0.000527353
-0.000556309
-0.000580566
-0.000596966
-0.000603162
-0.000597767
-0.00058021
-0.000552774
-0.000523343
-0.000503866
-0.000500204
-0.000503734
-0.000459037
-0.000497618
-0.000529788
-0.0005601
-0.00058499
-0.000601434
-0.000607278
-0.000601149
-0.00058235
-0.00055303
-0.000521342
-0.000500313
-0.000496727
-0.000500803
-0.000459745
-0.000499831
-0.000533741
-0.000565235
-0.000590599
-0.000606945
-0.000612348
-0.000605439
-0.000585338
-0.000553876
-0.000519314
-0.000495973
-0.000492198
-0.000496921
-0.000461921
-0.00050349
-0.000539007
-0.000571581
-0.000597301
-0.000613407
-0.000618261
-0.000610571
-0.000589275
-0.000555688
-0.000517906
-0.000491511
-0.000486922
-0.00049221
-0.000465134
-0.000508253
-0.000545294
-0.000578891
-0.000604872
-0.000620585
-0.000624707
-0.00061617
-0.000593811
-0.000558415
-0.00051748
-0.000487515
-0.000481374
-0.000486983
-0.000469085
-0.000513806
-0.000552301
-0.00058685
-0.000612954
-0.000628048
-0.000631185
-0.000621681
-0.000598401
-0.000561595
-0.000517889
-0.000484309
-0.000476075
-0.000481708
-0.000473595
-0.000519821
-0.000559668
-0.000595034
-0.000621063
-0.000635284
-0.000637195
-0.000626594
-0.000602515
-0.000564669
-0.000518796
-0.000481989
-0.000471491
-0.00047691
-0.000478365
-0.000525832
-0.00056684
-0.000602835
-0.000628591
-0.000641736
-0.000642259
-0.000630481
-0.000605708
-0.000567175
-0.000519795
-0.00048045
-0.000467932
-0.000472987
-0.000482863
-0.000531185
-0.000573079
-0.000609507
-0.000634882
-0.00064693
-0.000646096
-0.000633203
-0.000607868
-0.000568962
-0.000520646
-0.000479549
-0.000465514
-0.000470184
-0.000486408
-0.000535131
-0.000577594
-0.000614307
-0.000639372
-0.000650565
-0.00064869
-0.000634966
-0.000609266
-0.000570198
-0.000521363
-0.000479209
-0.000464234
-0.000468615
-0.000488296
-0.000537031
-0.000579725
-0.000616637
-0.000641666
-0.000652522
-0.000650184
-0.00063611
-0.000610305
-0.000571205
-0.00052213
-0.000479475
-0.000464061
-0.000468281
-0.000488087
-0.000536506
-0.000579086
-0.000616158
-0.000641539
-0.000652753
-0.000650701
-0.000636871
-0.000611253
-0.000572227
-0.000523097
-0.000480371
-0.000464941
-0.000469138
-0.000485804
-0.000533586
-0.000575684
-0.000612832
-0.00063891
-0.000651169
-0.000650173
-0.000637196
-0.00061205
-0.000573204
-0.000524215
-0.00048185
-0.000466823
-0.000471139
-0.000481958
-0.000528735
-0.000569939
-0.000606949
-0.000633878
-0.000647667
-0.000648338
-0.000636721
-0.000612309
-0.000573794
-0.000525264
-0.000483817
-0.000469656
-0.000474226
-0.000477349
-0.000522731
-0.000562615
-0.000599128
-0.000626781
-0.000642257
-0.000644905
-0.000634948
-0.000611488
-0.000573563
-0.000525979
-0.000486169
-0.000473386
-0.000478262
-0.000472796
-0.000516448
-0.000554624
-0.000590204
-0.000618206
-0.00063517
-0.000639759
-0.000631523
-0.000609182
-0.000572197
-0.000526219
-0.000488863
-0.000477903
-0.000483042
-0.000468942
-0.000510594
-0.000546773
-0.000581012
-0.00060887
-0.000626875
-0.000633097
-0.000626433
-0.000605334
-0.000569705
-0.000526097
-0.000491923
-0.000482986
-0.000488268
-0.000466081
-0.000505586
-0.000539601
-0.00057219
-0.000599453
-0.000617957
-0.000625335
-0.000619979
-0.000600223
-0.000566423
-0.000525914
-0.000495386
-0.000488342
-0.000493582
-0.000464264
-0.00050162
-0.000533326
-0.000564054
-0.000590376
-0.000608904
-0.000616976
-0.000612642
-0.000594317
-0.000562861
-0.000525996
-0.000499213
-0.000493648
-0.00049856
-0.000463644
-0.000498896
-0.000528067
-0.000556731
-0.000581867
-0.000600098
-0.000608557
-0.000605097
-0.00058834
-0.000559572
-0.000526525
-0.000503213
-0.000498548
-0.000502848
-0.000464754
-0.000497634
-0.00052391
-0.000550282
-0.000574087
-0.000591909
-0.000600685
-0.000598148
-0.000583103
-0.000557064
-0.000527504
-0.000506969
-0.000502685
-0.000506218
-0.000468092
-0.000497849
-0.000520886
-0.000544839
-0.000567348
-0.000584869
-0.000594154
-0.000592597
-0.000579113
-0.000555387
-0.000528579
-0.000509961
-0.000505781
-0.000508582
-0.000472478
-0.000498963
-0.000518923
-0.000540657
-0.000562049
-0.000579356
-0.000589115
-0.000588465
-0.000576228
-0.000554205
-0.000529219
-0.000511818
-0.000507739
-0.000510081
-0.000475421
-0.000499961
-0.000518335
-0.000538903
-0.0005597
-0.000576899
-0.000586949
-0.000586893
-0.000575335
-0.000554104
-0.000529898
-0.000512963
-0.000508882
-0.000511053
-0.000474558
-0.00049999
-0.000519522
-0.000540977
-0.000562336
-0.000579828
-0.000589976
-0.000589858
-0.00057802
-0.000556347
-0.000531607
-0.000514057
-0.000509525
-0.000511666
-0.000470578
-0.00049925
-0.000521858
-0.000545595
-0.000568213
-0.000586127
-0.000596046
-0.000595209
-0.000582251
-0.000559183
-0.000532921
-0.000514125
-0.00050905
-0.000511361
-0.000465733
-0.000498193
-0.000524239
-0.000550374
-0.000574056
-0.000591967
-0.000601121
-0.000599064
-0.000584582
-0.000559629
-0.0005314
-0.000511432
-0.000506388
-0.000509251
-0.000462016
-0.000497393
-0.000526403
-0.000554523
-0.000578933
-0.000596578
-0.000604809
-0.000601388
-0.00058515
-0.000557815
-0.000527076
-0.000505787
-0.000501303
-0.000505085
-0.000459848
-0.000497542
-0.000529044
-0.000558885
-0.000584018
-0.000601557
-0.000609063
-0.000604442
-0.000586369
-0.000556261
-0.000522211
-0.000498771
-0.000494678
-0.000499448
-0.000459631
-0.000499546
-0.00053343
-0.000565099
-0.000591188
-0.000608815
-0.000615714
-0.000610019
-0.00059021
-0.00055726
-0.000519287
-0.000492491
-0.000487821
-0.000493296
-0.000461922
-0.000504103
-0.000540436
-0.000574079
-0.000601166
-0.000618709
-0.000624783
-0.000617922
-0.000596555
-0.000561106
-0.000519164
-0.000488108
-0.00048164
-0.000487367
-0.00046676
-0.000511145
-0.000549898
-0.000585378
-0.000613079
-0.000629953
-0.000634636
-0.000626298
-0.000603531
-0.000566182
-0.000520862
-0.000485452
-0.000476388
-0.000481961
-0.000473483
-0.000519873
-0.000560797
-0.000597654
-0.00062527
-0.000640694
-0.000643343
-0.000633184
-0.000609158
-0.000570519
-0.00052276
-0.000483671
-0.000471913
-0.000477118
-0.000480945
-0.000529039
-0.000571702
-0.000609318
-0.00063611
-0.000649428
-0.000649604
-0.000637446
-0.000612336
-0.000572979
-0.00052377
-0.000482054
-0.000468057
-0.000472834
-0.00048778
-0.00053724
-0.00058114
-0.000618949
-0.000644447
-0.000655447
-0.000653146
-0.000639118
-0.000613167
-0.00057355
-0.000523692
-0.000480392
-0.000464856
-0.000469258
-0.000492624
-0.000543135
-0.00058781
-0.000625538
-0.000649837
-0.000658939
-0.000654667
-0.000639207
-0.000612686
-0.000573065
-0.000523053
-0.000478953
-0.000462504
-0.000466639
-0.000494711
-0.000546495
-0.000591593
-0.00062931
-0.000652869
-0.000660732
-0.000655219
-0.000638953
-0.000612235
-0.000572829
-0.000522905
-0.000478296
-0.000461144
-0.000465215
-0.000576847
-0.000572735
-0.000585171
-0.000596276
-0.000605722
-0.000612196
-0.000613566
-0.000607439
-0.000592554
-0.000569143
-0.000541569
-0.000519617
-0.000510618
-0.000511188
-0.000554549
-0.000559119
-0.000579015
-0.000595605
-0.000609541
-0.000618135
-0.000619265
-0.000611137
-0.000592695
-0.000564632
-0.000532678
-0.00050881
-0.000502944
-0.000507647
-0.000539499
-0.000545995
-0.000568975
-0.000589171
-0.000606672
-0.000617623
-0.000619403
-0.0006103
-0.000589527
-0.000558505
-0.000523481
-0.000498398
-0.000495142
-0.000503447
-0.000530809
-0.00053726
-0.000561386
-0.000583068
-0.000601926
-0.000613892
-0.000616277
-0.00060741
-0.000586534
-0.000554744
-0.000518667
-0.000493875
-0.000492163
-0.000501424
-0.000524152
-0.000530019
-0.000554351
-0.0005768
-0.000596532
-0.000609272
-0.000612343
-0.000603994
-0.0005832
-0.00055108
-0.000515595
-0.000493061
-0.000492825
-0.000501561
-0.0005193
-0.000523958
-0.000547678
-0.000570154
-0.000590262
-0.000603519
-0.000607112
-0.000599105
-0.000578332
-0.000546749
-0.000513671
-0.000494508
-0.000495273
-0.000502797
-0.000516589
-0.00051931
-0.000541732
-0.000563665
-0.000583756
-0.000597283
-0.000601253
-0.000593591
-0.000573369
-0.00054343
-0.00051355
-0.000497349
-0.000498188
-0.000504269
-0.000515425
-0.000515887
-0.000536674
-0.000557783
-0.000577664
-0.00059139
-0.000595757
-0.00058869
-0.000569596
-0.000541776
-0.000514819
-0.000500467
-0.000500669
-0.000505438
-0.000514307
-0.000513036
-0.000532574
-0.000552944
-0.000572578
-0.000586497
-0.00059134
-0.000584968
-0.000567109
-0.000541148
-0.000516251
-0.00050283
-0.000502261
-0.00050607
-0.000511703
-0.000510002
-0.000529321
-0.00054949
-0.000569073
-0.000583161
-0.000588371
-0.000582438
-0.000565377
-0.000540708
-0.00051705
-0.000504029
-0.000502924
-0.000506157
-0.000506961
-0.000506431
-0.000526693
-0.000547464
-0.000567435
-0.000581765
-0.000587173
-0.000581409
-0.000564576
-0.000540333
-0.000517119
-0.000504193
-0.000502826
-0.000505784
-0.000500688
-0.0005025
-0.000524627
-0.00054675
-0.000567481
-0.000582113
-0.000587533
-0.000581677
-0.000564523
-0.000539811
-0.000516333
-0.000503354
-0.000502004
-0.000504913
-0.00049415
-0.000498741
-0.000523261
-0.000547153
-0.000568902
-0.000583868
-0.000589051
-0.00058259
-0.000564447
-0.000538526
-0.000514162
-0.000501119
-0.000500221
-0.000503377
-0.000488487
-0.000495797
-0.000522838
-0.000548579
-0.000571338
-0.000586486
-0.000591225
-0.000583853
-0.000564269
-0.000536409
-0.000510335
-0.000497056
-0.000497119
-0.000500961
-0.000484425
-0.000494194
-0.000523572
-0.00055105
-0.00057464
-0.000589819
-0.000594053
-0.000585584
-0.000564158
-0.000533776
-0.000505245
-0.000491197
-0.000492474
-0.000497541
-0.000482161
-0.000494096
-0.000525603
-0.000554695
-0.000579016
-0.000594126
-0.00059774
-0.000588124
-0.000564722
-0.000531369
-0.0004996
-0.000483982
-0.000486415
-0.000493102
-0.000481465
-0.000495412
-0.000528879
-0.0005595
-0.000584529
-0.000599517
-0.000602431
-0.000591715
-0.000566469
-0.000529997
-0.000494323
-0.000476252
-0.000479429
-0.000487798
-0.00048204
-0.000497918
-0.000533171
-0.000565197
-0.000590865
-0.00060576
-0.000607988
-0.000596213
-0.000569416
-0.000530123
-0.000490289
-0.000468977
-0.000472208
-0.000482039
-0.000483584
-0.000501281
-0.000538203
-0.000571487
-0.000597628
-0.000612327
-0.000613845
-0.000601087
-0.000573061
-0.000531489
-0.000487792
-0.000462888
-0.000465457
-0.000476357
-0.000485765
-0.00050512
-0.000543636
-0.000578014
-0.00060442
-0.000618716
-0.000619427
-0.000605716
-0.000576646
-0.000533356
-0.00048656
-0.00045831
-0.000459754
-0.000471282
-0.000488307
-0.000509074
-0.000548992
-0.00058427
-0.000610739
-0.000624424
-0.000624218
-0.000609565
-0.000579647
-0.000535146
-0.000486098
-0.000455201
-0.000455469
-0.000467206
-0.00049084
-0.000512691
-0.000553688
-0.000589635
-0.000616023
-0.000629022
-0.000627897
-0.000612401
-0.000581872
-0.000536581
-0.000486036
-0.000453328
-0.000452654
-0.000464353
-0.000492938
-0.000515419
-0.000557107
-0.000593495
-0.000619786
-0.000632248
-0.000630419
-0.000614319
-0.000583412
-0.000537675
-0.000486254
-0.000452501
-0.000451222
-0.000462788
-0.000494126
-0.000516801
-0.000558742
-0.00059536
-0.000621682
-0.000633959
-0.000631857
-0.00061554
-0.00058452
-0.000538615
-0.000486802
-0.000452585
-0.000451004
-0.000462456
-0.000494154
-0.000516561
-0.000558292
-0.000594955
-0.000621519
-0.000634093
-0.000632279
-0.000616221
-0.000585386
-0.000539555
-0.000487732
-0.00045348
-0.000451878
-0.000463313
-0.000493067
-0.000514721
-0.000555782
-0.000592269
-0.00061925
-0.000632598
-0.000631635
-0.000616321
-0.000585978
-0.000540471
-0.000489039
-0.000455215
-0.000453859
-0.0004653
-0.000491182
-0.00051163
-0.000551561
-0.000587574
-0.000615008
-0.000629441
-0.00062975
-0.000615581
-0.000586025
-0.000541159
-0.000490634
-0.000457841
-0.000456979
-0.000468417
-0.000489016
-0.000507873
-0.000546244
-0.000581409
-0.000609125
-0.000624683
-0.000626436
-0.000613651
-0.000585159
-0.000541336
-0.000492387
-0.000461367
-0.000461261
-0.000472593
-0.000487112
-0.000504094
-0.000540528
-0.000574437
-0.000602072
-0.000618516
-0.000621644
-0.000610329
-0.000583144
-0.000540844
-0.000494296
-0.000465852
-0.000466673
-0.000477625
-0.000485895
-0.000500782
-0.000535011
-0.000567278
-0.00059437
-0.000611313
-0.000615628
-0.000605756
-0.000580046
-0.000539831
-0.000496612
-0.000471387
-0.000473018
-0.000483217
-0.000485642
-0.000498255
-0.000530104
-0.000560396
-0.000586513
-0.00060359
-0.00060886
-0.000600336
-0.000576277
-0.000538803
-0.000499704
-0.000477904
-0.00047991
-0.000489013
-0.000486562
-0.00049672
-0.000525965
-0.000554022
-0.000578858
-0.000595778
-0.000601763
-0.000594518
-0.000572457
-0.000538335
-0.000503666
-0.000485044
-0.000486894
-0.000494565
-0.000488777
-0.000496311
-0.00052264
-0.000548248
-0.000571631
-0.0005882
-0.000594733
-0.00058877
-0.000569046
-0.000538649
-0.000508305
-0.000492312
-0.000493458
-0.000499398
-0.000492529
-0.00049703
-0.000520049
-0.000542989
-0.000564804
-0.000581006
-0.000588155
-0.000583682
-0.000566534
-0.000539795
-0.000513273
-0.000499061
-0.00049903
-0.000503223
-0.00049804
-0.000498715
-0.000518072
-0.000538287
-0.000558559
-0.000574489
-0.000582484
-0.000579639
-0.000564958
-0.000541416
-0.000517829
-0.000504446
-0.000503095
-0.000505927
-0.000503917
-0.000500879
-0.000516702
-0.00053449
-0.000553392
-0.000569045
-0.000577741
-0.000576334
-0.000563618
-0.000542415
-0.000520684
-0.000507611
-0.000505434
-0.000507574
-0.000507782
-0.000502425
-0.000516289
-0.000532759
-0.000550877
-0.000566331
-0.000575404
-0.000574861
-0.000563254
-0.000543161
-0.000522187
-0.000509185
-0.000506653
-0.000508531
-0.000506541
-0.000502015
-0.000517161
-0.000534451
-0.000553159
-0.000568961
-0.000578223
-0.000577722
-0.000565989
-0.000545577
-0.000524101
-0.00051045
-0.000507413
-0.000509115
-0.000501036
-0.000500129
-0.000518774
-0.000538506
-0.000558766
-0.000575213
-0.000584325
-0.00058298
-0.000569896
-0.000547839
-0.00052484
-0.000510327
-0.000507025
-0.000508733
-0.000493929
-0.000497543
-0.000520097
-0.000542574
-0.000564289
-0.000580919
-0.000589117
-0.000586079
-0.000570702
-0.000545989
-0.000520929
-0.000506197
-0.000503917
-0.000506436
-0.000487559
-0.000494781
-0.000520767
-0.000545691
-0.000568503
-0.000584898
-0.000591784
-0.000586646
-0.000568465
-0.000540478
-0.000512824
-0.000497961
-0.000497722
-0.000501969
-0.000482592
-0.000492602
-0.000521499
-0.000548628
-0.000572464
-0.000588655
-0.000594363
-0.00058723
-0.000566163
-0.000534416
-0.000503257
-0.00048745
-0.000489389
-0.000495911
-0.000479565
-0.000492118
-0.000523745
-0.000553152
-0.000578244
-0.000594526
-0.000599343
-0.00059055
-0.000566839
-0.000531095
-0.000495381
-0.000477147
-0.000480459
-0.000489151
-0.000479136
-0.000494193
-0.000528541
-0.000560327
-0.000586782
-0.000603239
-0.000607275
-0.00059706
-0.000571159
-0.000531719
-0.000490908
-0.000468819
-0.000472191
-0.000482495
-0.000481302
-0.000498736
-0.000535743
-0.000569731
-0.000597223
-0.000613526
-0.000616563
-0.000604935
-0.000577249
-0.000534858
-0.000489356
-0.000462821
-0.000465134
-0.00047643
-0.000485228
-0.000504842
-0.000544288
-0.000580015
-0.000607903
-0.000623434
-0.00062506
-0.000611892
-0.00058272
-0.000538228
-0.000489111
-0.000458567
-0.000459313
-0.000471115
-0.000489782
-0.000511307
-0.00055279
-0.000589684
-0.000617309
-0.000631487
-0.000631339
-0.00061653
-0.000586147
-0.000540321
-0.00048881
-0.000455314
-0.000454623
-0.000466584
-0.000493816
-0.000516973
-0.000560007
-0.000597551
-0.0006245
-0.00063707
-0.000635058
-0.000618695
-0.0005874
-0.000540848
-0.000487977
-0.000452675
-0.000451007
-0.000462942
-0.000496421
-0.000520908
-0.000565048
-0.000602914
-0.000629173
-0.000640367
-0.000636786
-0.000619187
-0.000587265
-0.000540404
-0.000486937
-0.00045073
-0.000448488
-0.000460376
-0.00049748
-0.000522928
-0.000567837
-0.000605802
-0.000631609
-0.000641941
-0.000637396
-0.000619051
-0.000586806
-0.000539945
-0.000486314
-0.000449614
-0.000447007
-0.000458972
)
;

boundaryField
{
    top
    {
        type            zeroGradient;
    }
    bottom
    {
        type            zeroGradient;
    }
    rotatingWall
    {
        type            zeroGradient;
    }
    wall
    {
        type            zeroGradient;
    }
    frontAndBack
    {
        type            zeroGradient;
    }
}


// ************************************************************************* //
