/*--------------------------------*- C++ -*----------------------------------*\
| =========                 |                                                 |
| \\      /  F ield         | OpenFOAM: The Open Source CFD Toolbox           |
|  \\    /   O peration     | Version:  5.0                                   |
|   \\  /    A nd           | Web:      www.OpenFOAM.org                      |
|    \\/     M anipulation  |                                                 |
\*---------------------------------------------------------------------------*/
FoamFile
{
    version     2.0;
    format      ascii;
    class       volVectorField;
    location    "440";
    object      U;
}
// * * * * * * * * * * * * * * * * * * * * * * * * * * * * * * * * * * * * * //

dimensions      [0 1 -1 0 0 0 0];

internalField   nonuniform List<vector> 
1568
(
(2.79906e-17 -1.01558e-16 0)
(3.11315e-16 -2.24141e-16 0)
(8.47464e-16 -3.332e-16 0)
(1.57967e-15 -4.14195e-16 0)
(2.44717e-15 -4.79818e-16 0)
(3.43683e-15 -5.38187e-16 0)
(4.52666e-15 -5.82407e-16 0)
(5.69154e-15 -6.16668e-16 0)
(6.91445e-15 -6.42273e-16 0)
(8.17818e-15 -6.58801e-16 0)
(9.46575e-15 -6.67248e-16 0)
(1.0762e-14 -6.68173e-16 0)
(1.20531e-14 -6.62091e-16 0)
(1.3326e-14 -6.49474e-16 0)
(1.45682e-14 -6.30827e-16 0)
(1.57686e-14 -6.0652e-16 0)
(1.69168e-14 -5.77054e-16 0)
(1.8003e-14 -5.42857e-16 0)
(1.90186e-14 -5.04363e-16 0)
(1.99556e-14 -4.61984e-16 0)
(2.0807e-14 -4.16154e-16 0)
(2.15668e-14 -3.67143e-16 0)
(2.22299e-14 -3.14376e-16 0)
(2.27866e-14 -2.49644e-16 0)
(2.32377e-14 -1.80611e-16 0)
(2.35843e-14 -1.18651e-16 0)
(2.3823e-14 -5.99167e-17 0)
(2.39416e-14 -1.60364e-17 0)
(2.39424e-14 1.5482e-17 0)
(2.38255e-14 5.91482e-17 0)
(2.35883e-14 1.17825e-16 0)
(2.32432e-14 1.79625e-16 0)
(2.27935e-14 2.48687e-16 0)
(2.22382e-14 3.13641e-16 0)
(2.15765e-14 3.66471e-16 0)
(2.0818e-14 4.15481e-16 0)
(1.99678e-14 4.61407e-16 0)
(1.90318e-14 5.03794e-16 0)
(1.80173e-14 5.42382e-16 0)
(1.69319e-14 5.76637e-16 0)
(1.57845e-14 6.06162e-16 0)
(1.45847e-14 6.30477e-16 0)
(1.3343e-14 6.49229e-16 0)
(1.20706e-14 6.61914e-16 0)
(1.07797e-14 6.68066e-16 0)
(9.48349e-15 6.67148e-16 0)
(8.19608e-15 6.58686e-16 0)
(6.93272e-15 6.4212e-16 0)
(5.70961e-15 6.16887e-16 0)
(4.54432e-15 5.82041e-16 0)
(3.45628e-15 5.37012e-16 0)
(2.46663e-15 4.80964e-16 0)
(1.59758e-15 4.12265e-16 0)
(8.70167e-16 3.29714e-16 0)
(3.44017e-16 2.21605e-16 0)
(4.50824e-17 9.2008e-17 0)
(8.14224e-18 -2.80732e-16 0)
(2.85854e-16 -6.39699e-16 0)
(7.58023e-16 -9.34438e-16 0)
(1.42051e-15 -1.1755e-15 0)
(2.22934e-15 -1.37672e-15 0)
(3.14804e-15 -1.53876e-15 0)
(4.15825e-15 -1.66806e-15 0)
(5.24335e-15 -1.76799e-15 0)
(6.38251e-15 -1.84072e-15 0)
(7.55875e-15 -1.88836e-15 0)
(8.75762e-15 -1.91255e-15 0)
(9.9652e-15 -1.91524e-15 0)
(1.11675e-14 -1.89782e-15 0)
(1.23524e-14 -1.86154e-15 0)
(1.3509e-14 -1.80784e-15 0)
(1.46263e-14 -1.73816e-15 0)
(1.56948e-14 -1.6536e-15 0)
(1.67057e-14 -1.55547e-15 0)
(1.76506e-14 -1.44495e-15 0)
(1.85223e-14 -1.32335e-15 0)
(1.93139e-14 -1.19177e-15 0)
(2.00195e-14 -1.05157e-15 0)
(2.06341e-14 -9.04233e-16 0)
(2.11537e-14 -7.51521e-16 0)
(2.15768e-14 -6.008e-16 0)
(2.18997e-14 -4.45287e-16 0)
(2.21195e-14 -2.75847e-16 0)
(2.22298e-14 -9.36849e-17 0)
(2.22306e-14 9.13677e-17 0)
(2.21219e-14 2.73673e-16 0)
(2.19034e-14 4.43288e-16 0)
(2.15818e-14 5.98897e-16 0)
(2.116e-14 7.49529e-16 0)
(2.06418e-14 9.02301e-16 0)
(2.00285e-14 1.04973e-15 0)
(1.93241e-14 1.19004e-15 0)
(1.85335e-14 1.3218e-15 0)
(1.7663e-14 1.44351e-15 0)
(1.67189e-14 1.5542e-15 0)
(1.5709e-14 1.65249e-15 0)
(1.46413e-14 1.73724e-15 0)
(1.35245e-14 1.8071e-15 0)
(1.23685e-14 1.861e-15 0)
(1.1184e-14 1.89737e-15 0)
(9.98199e-15 1.91503e-15 0)
(8.77501e-15 1.91251e-15 0)
(7.57618e-15 1.8883e-15 0)
(6.39967e-15 1.84065e-15 0)
(5.26095e-15 1.7679e-15 0)
(4.17685e-15 1.66806e-15 0)
(3.1653e-15 1.53824e-15 0)
(2.24655e-15 1.37496e-15 0)
(1.44186e-15 1.17595e-15 0)
(7.77755e-16 9.31026e-16 0)
(3.09879e-16 6.27244e-16 0)
(1.28132e-17 2.61941e-16 0)
(2.51344e-18 -4.06726e-16 0)
(2.47133e-16 -9.98267e-16 0)
(6.62174e-16 -1.48709e-15 0)
(1.26923e-15 -1.88371e-15 0)
(2.00216e-15 -2.20827e-15 0)
(2.84844e-15 -2.47356e-15 0)
(3.78349e-15 -2.68318e-15 0)
(4.78605e-15 -2.84489e-15 0)
(5.84016e-15 -2.96251e-15 0)
(6.93041e-15 -3.03926e-15 0)
(8.0414e-15 -3.07828e-15 0)
(9.15973e-15 -3.08237e-15 0)
(1.02737e-14 -3.054e-15 0)
(1.13717e-14 -2.99537e-15 0)
(1.24428e-14 -2.90887e-15 0)
(1.34776e-14 -2.79644e-15 0)
(1.44671e-14 -2.6602e-15 0)
(1.5403e-14 -2.50214e-15 0)
(1.62777e-14 -2.32423e-15 0)
(1.70845e-14 -2.12833e-15 0)
(1.78174e-14 -1.91642e-15 0)
(1.84707e-14 -1.69035e-15 0)
(1.904e-14 -1.45214e-15 0)
(1.95219e-14 -1.20446e-15 0)
(1.99124e-14 -9.50705e-16 0)
(2.02067e-14 -6.89625e-16 0)
(2.04035e-14 -4.18964e-16 0)
(2.05027e-14 -1.41354e-16 0)
(2.05033e-14 1.38054e-16 0)
(2.04053e-14 4.15705e-16 0)
(2.02097e-14 6.86523e-16 0)
(1.99167e-14 9.47677e-16 0)
(1.95273e-14 1.20157e-15 0)
(1.90465e-14 1.44934e-15 0)
(1.84783e-14 1.68775e-15 0)
(1.78261e-14 1.91393e-15 0)
(1.70942e-14 2.12611e-15 0)
(1.62882e-14 2.32216e-15 0)
(1.54143e-14 2.50032e-15 0)
(1.44791e-14 2.65861e-15 0)
(1.34902e-14 2.79509e-15 0)
(1.2456e-14 2.90775e-15 0)
(1.13852e-14 2.99458e-15 0)
(1.02876e-14 3.0534e-15 0)
(9.17396e-15 3.08208e-15 0)
(8.05551e-15 3.07822e-15 0)
(6.94458e-15 3.03929e-15 0)
(5.85465e-15 2.96267e-15 0)
(4.80033e-15 2.84534e-15 0)
(3.79692e-15 2.68329e-15 0)
(2.86177e-15 2.47297e-15 0)
(2.01672e-15 2.20889e-15 0)
(1.27973e-15 1.88233e-15 0)
(6.73283e-16 1.48359e-15 0)
(2.571e-16 9.92447e-16 0)
(4.59624e-18 4.02523e-16 0)
(1.82326e-18 -5.13765e-16 0)
(2.18382e-16 -1.31336e-15 0)
(5.84052e-16 -1.97257e-15 0)
(1.12425e-15 -2.51956e-15 0)
(1.79271e-15 -2.96405e-15 0)
(2.56233e-15 -3.32438e-15 0)
(3.41619e-15 -3.61134e-15 0)
(4.33558e-15 -3.83168e-15 0)
(5.30393e-15 -3.99111e-15 0)
(6.30539e-15 -4.09513e-15 0)
(7.32674e-15 -4.1483e-15 0)
(8.35588e-15 -4.15379e-15 0)
(9.38071e-15 -4.11528e-15 0)
(1.03905e-14 -4.03621e-15 0)
(1.1376e-14 -3.91935e-15 0)
(1.2328e-14 -3.76755e-15 0)
(1.3238e-14 -3.58379e-15 0)
(1.40987e-14 -3.3706e-15 0)
(1.49031e-14 -3.13073e-15 0)
(1.56449e-14 -2.86671e-15 0)
(1.63187e-14 -2.58124e-15 0)
(1.69194e-14 -2.27687e-15 0)
(1.74428e-14 -1.95636e-15 0)
(1.78853e-14 -1.62245e-15 0)
(1.82427e-14 -1.27831e-15 0)
(1.85112e-14 -9.24178e-16 0)
(1.86898e-14 -5.59965e-16 0)
(1.87793e-14 -1.88694e-16 0)
(1.87798e-14 1.84517e-16 0)
(1.86912e-14 5.5588e-16 0)
(1.85136e-14 9.20204e-16 0)
(1.82461e-14 1.27447e-15 0)
(1.78896e-14 1.61871e-15 0)
(1.74481e-14 1.9528e-15 0)
(1.69255e-14 2.27351e-15 0)
(1.63255e-14 2.57814e-15 0)
(1.56526e-14 2.86379e-15 0)
(1.49114e-14 3.12816e-15 0)
(1.41076e-14 3.36831e-15 0)
(1.32475e-14 3.5818e-15 0)
(1.2338e-14 3.76592e-15 0)
(1.13864e-14 3.91807e-15 0)
(1.04013e-14 4.03523e-15 0)
(9.39156e-15 4.11482e-15 0)
(8.36693e-15 4.15354e-15 0)
(7.338e-15 4.14833e-15 0)
(6.31644e-15 4.09573e-15 0)
(5.31475e-15 3.99182e-15 0)
(4.3461e-15 3.83225e-15 0)
(3.42636e-15 3.61246e-15 0)
(2.57229e-15 3.3258e-15 0)
(1.80061e-15 2.96451e-15 0)
(1.13231e-15 2.51859e-15 0)
(5.90476e-16 1.97424e-15 0)
(2.21013e-16 1.30786e-15 0)
(3.23211e-18 5.1549e-16 0)
(3.4434e-18 -6.11957e-16 0)
(1.88758e-16 -1.58455e-15 0)
(5.13985e-16 -2.41027e-15 0)
(9.95949e-16 -3.08765e-15 0)
(1.59322e-15 -3.64609e-15 0)
(2.28652e-15 -4.09855e-15 0)
(3.05929e-15 -4.45748e-15 0)
(3.89338e-15 -4.73267e-15 0)
(4.77328e-15 -4.93223e-15 0)
(5.68471e-15 -5.06251e-15 0)
(6.61511e-15 -5.12864e-15 0)
(7.55278e-15 -5.1358e-15 0)
(8.48681e-15 -5.0885e-15 0)
(9.40764e-15 -4.99056e-15 0)
(1.03062e-14 -4.84574e-15 0)
(1.1174e-14 -4.65797e-15 0)
(1.20037e-14 -4.43045e-15 0)
(1.27883e-14 -4.16666e-15 0)
(1.35214e-14 -3.86984e-15 0)
(1.41975e-14 -3.54337e-15 0)
(1.48114e-14 -3.19032e-15 0)
(1.53586e-14 -2.81403e-15 0)
(1.58351e-14 -2.41767e-15 0)
(1.62374e-14 -2.00458e-15 0)
(1.6562e-14 -1.57763e-15 0)
(1.68063e-14 -1.13867e-15 0)
(1.6969e-14 -6.88985e-16 0)
(1.70506e-14 -2.3208e-16 0)
(1.70509e-14 2.27293e-16 0)
(1.697e-14 6.84246e-16 0)
(1.6808e-14 1.13402e-15 0)
(1.65645e-14 1.57316e-15 0)
(1.62405e-14 2.00026e-15 0)
(1.58389e-14 2.41355e-15 0)
(1.5363e-14 2.81009e-15 0)
(1.48164e-14 3.18667e-15 0)
(1.42031e-14 3.54004e-15 0)
(1.35275e-14 3.86684e-15 0)
(1.27948e-14 4.16401e-15 0)
(1.20106e-14 4.42822e-15 0)
(1.11813e-14 4.65613e-15 0)
(1.03137e-14 4.84436e-15 0)
(9.41551e-15 4.9896e-15 0)
(8.49483e-15 5.08799e-15 0)
(7.56074e-15 5.13585e-15 0)
(6.6232e-15 5.12907e-15 0)
(5.69262e-15 5.06325e-15 0)
(4.78076e-15 4.93348e-15 0)
(3.90107e-15 4.73438e-15 0)
(3.06657e-15 4.45927e-15 0)
(2.2922e-15 4.10033e-15 0)
(1.59854e-15 3.64843e-15 0)
(1.0014e-15 3.09049e-15 0)
(5.16193e-16 2.40967e-15 0)
(1.91118e-16 1.58512e-15 0)
(2.21281e-18 6.13409e-16 0)
(1.56754e-18 -6.97537e-16 0)
(1.65088e-16 -1.82691e-15 0)
(4.4937e-16 -2.79293e-15 0)
(8.74762e-16 -3.5954e-15 0)
(1.40346e-15 -4.25687e-15 0)
(2.02141e-15 -4.79346e-15 0)
(2.71206e-15 -5.21984e-15 0)
(3.45932e-15 -5.54689e-15 0)
(4.24924e-15 -5.78386e-15 0)
(5.06878e-15 -5.93858e-15 0)
(5.90618e-15 -6.01753e-15 0)
(6.75066e-15 -6.02673e-15 0)
(7.59234e-15 -5.97142e-15 0)
(8.42228e-15 -5.85648e-15 0)
(9.23215e-15 -5.68661e-15 0)
(1.00145e-14 -5.46599e-15 0)
(1.07624e-14 -5.19876e-15 0)
(1.14696e-14 -4.88899e-15 0)
(1.21304e-14 -4.54053e-15 0)
(1.27396e-14 -4.15715e-15 0)
(1.32927e-14 -3.74269e-15 0)
(1.37855e-14 -3.30088e-15 0)
(1.42145e-14 -2.8354e-15 0)
(1.45764e-14 -2.34986e-15 0)
(1.48684e-14 -1.84767e-15 0)
(1.50883e-14 -1.33167e-15 0)
(1.52351e-14 -8.04759e-16 0)
(1.53086e-14 -2.70794e-16 0)
(1.53088e-14 2.65573e-16 0)
(1.52357e-14 7.99635e-16 0)
(1.50894e-14 1.3267e-15 0)
(1.487e-14 1.84283e-15 0)
(1.45785e-14 2.3452e-15 0)
(1.4217e-14 2.83097e-15 0)
(1.37884e-14 3.29672e-15 0)
(1.3296e-14 3.73882e-15 0)
(1.27432e-14 4.15363e-15 0)
(1.21343e-14 4.53734e-15 0)
(1.14738e-14 4.8862e-15 0)
(1.07669e-14 5.19641e-15 0)
(1.00192e-14 5.46408e-15 0)
(9.23711e-15 5.6852e-15 0)
(8.42734e-15 5.85562e-15 0)
(7.59752e-15 5.971e-15 0)
(6.7559e-15 6.02685e-15 0)
(5.91134e-15 6.01822e-15 0)
(5.07386e-15 5.93974e-15 0)
(4.25431e-15 5.78561e-15 0)
(3.46381e-15 5.54906e-15 0)
(2.71596e-15 5.22225e-15 0)
(2.02594e-15 4.79638e-15 0)
(1.40711e-15 4.25981e-15 0)
(8.75784e-16 3.59822e-15 0)
(4.51708e-16 2.79519e-15 0)
(1.67058e-16 1.8283e-15 0)
(1.65952e-18 6.98756e-16 0)
(1.31223e-18 -7.70735e-16 0)
(1.43193e-16 -2.0384e-15 0)
(3.89601e-16 -3.1285e-15 0)
(7.59753e-16 -4.0411e-15 0)
(1.22284e-15 -4.79506e-15 0)
(1.76502e-15 -5.40868e-15 0)
(2.3731e-15 -5.89686e-15 0)
(3.03308e-15 -6.27157e-15 0)
(3.73187e-15 -6.54325e-15 0)
(4.45785e-15 -6.72083e-15 0)
(5.20054e-15 -6.81184e-15 0)
(5.95006e-15 -6.82323e-15 0)
(6.69744e-15 -6.76118e-15 0)
(7.4346e-15 -6.63135e-15 0)
(8.15416e-15 -6.439e-15 0)
(8.84932e-15 -6.18905e-15 0)
(9.51387e-15 -5.88632e-15 0)
(1.01422e-14 -5.53533e-15 0)
(1.07293e-14 -5.14052e-15 0)
(1.12705e-14 -4.70622e-15 0)
(1.17617e-14 -4.23671e-15 0)
(1.21993e-14 -3.73618e-15 0)
(1.25801e-14 -3.20876e-15 0)
(1.29012e-14 -2.65847e-15 0)
(1.31603e-14 -2.08928e-15 0)
(1.33556e-14 -1.50476e-15 0)
(1.34861e-14 -9.08742e-16 0)
(1.35514e-14 -3.05515e-16 0)
(1.35515e-14 3.00174e-16 0)
(1.34864e-14 9.03455e-16 0)
(1.33562e-14 1.49958e-15 0)
(1.31612e-14 2.08426e-15 0)
(1.29023e-14 2.65367e-15 0)
(1.25814e-14 3.20416e-15 0)
(1.22008e-14 3.73186e-15 0)
(1.17634e-14 4.23269e-15 0)
(1.12723e-14 4.70254e-15 0)
(1.07313e-14 5.13725e-15 0)
(1.01444e-14 5.5325e-15 0)
(9.51617e-15 5.88396e-15 0)
(8.85175e-15 6.18719e-15 0)
(8.15672e-15 6.43765e-15 0)
(7.43726e-15 6.63055e-15 0)
(6.70014e-15 6.76099e-15 0)
(5.95276e-15 6.82362e-15 0)
(5.20331e-15 6.81279e-15 0)
(4.46053e-15 6.72235e-15 0)
(3.73422e-15 6.54539e-15 0)
(3.03556e-15 6.27417e-15 0)
(2.37565e-15 5.90007e-15 0)
(1.76635e-15 5.41228e-15 0)
(1.22409e-15 4.79854e-15 0)
(7.61974e-16 4.04455e-15 0)
(3.90015e-16 3.13187e-15 0)
(1.42897e-16 2.03918e-15 0)
(1.49533e-18 7.72758e-16 0)
(1.42983e-18 -8.34228e-16 0)
(1.21969e-16 -2.21934e-15 0)
(3.32837e-16 -3.41875e-15 0)
(6.5016e-16 -4.42664e-15 0)
(1.04834e-15 -5.26304e-15 0)
(1.51606e-15 -5.94539e-15 0)
(2.04209e-15 -6.48874e-15 0)
(2.61406e-15 -6.90641e-15 0)
(3.22074e-15 -7.20966e-15 0)
(3.85205e-15 -7.40805e-15 0)
(4.49853e-15 -7.51035e-15 0)
(5.15133e-15 -7.52421e-15 0)
(5.80267e-15 -7.45653e-15 0)
(6.44539e-15 -7.31373e-15 0)
(7.07289e-15 -7.10168e-15 0)
(7.67915e-15 -6.82601e-15 0)
(8.25877e-15 -6.49198e-15 0)
(8.80683e-15 -6.10465e-15 0)
(9.31885e-15 -5.66896e-15 0)
(9.79079e-15 -5.18974e-15 0)
(1.02191e-14 -4.67165e-15 0)
(1.06006e-14 -4.11931e-15 0)
(1.09324e-14 -3.53731e-15 0)
(1.12122e-14 -2.93007e-15 0)
(1.1438e-14 -2.30198e-15 0)
(1.16083e-14 -1.65732e-15 0)
(1.17222e-14 -1.00047e-15 0)
(1.17792e-14 -3.36089e-16 0)
(1.17792e-14 3.30834e-16 0)
(1.17222e-14 9.95244e-16 0)
(1.16084e-14 1.6522e-15 0)
(1.14382e-14 2.29699e-15 0)
(1.12124e-14 2.92527e-15 0)
(1.09326e-14 3.53273e-15 0)
(1.06008e-14 4.11501e-15 0)
(1.02194e-14 4.66766e-15 0)
(9.79109e-15 5.18611e-15 0)
(9.31918e-15 5.66575e-15 0)
(8.8072e-15 6.10187e-15 0)
(8.2592e-15 6.48968e-15 0)
(7.67961e-15 6.82423e-15 0)
(7.07338e-15 7.10045e-15 0)
(6.44595e-15 7.31306e-15 0)
(5.80329e-15 7.45645e-15 0)
(5.15194e-15 7.52474e-15 0)
(4.49909e-15 7.51153e-15 0)
(3.8527e-15 7.40981e-15 0)
(3.22149e-15 7.212e-15 0)
(2.61456e-15 6.90945e-15 0)
(2.04242e-15 6.49216e-15 0)
(1.517e-15 5.94911e-15 0)
(1.04899e-15 5.26733e-15 0)
(6.49693e-16 4.4305e-15 0)
(3.33235e-16 3.42173e-15 0)
(1.22703e-16 2.22123e-15 0)
(1.05766e-18 8.36057e-16 0)
(9.78412e-19 -8.8801e-16 0)
(1.01867e-16 -2.37283e-15 0)
(2.78344e-16 -3.66476e-15 0)
(5.4451e-16 -4.75476e-15 0)
(8.7925e-16 -5.66207e-15 0)
(1.27344e-15 -6.40386e-15 0)
(1.71766e-15 -6.99571e-15 0)
(2.20151e-15 -7.45122e-15 0)
(2.71565e-15 -7.78223e-15 0)
(3.25123e-15 -7.99926e-15 0)
(3.80011e-15 -8.11183e-15 0)
(4.3549e-15 -8.12816e-15 0)
(4.90872e-15 -8.05587e-15 0)
(5.45535e-15 -7.90207e-15 0)
(5.98918e-15 -7.67323e-15 0)
(6.50504e-15 -7.3754e-15 0)
(6.99827e-15 -7.01437e-15 0)
(7.46464e-15 -6.59571e-15 0)
(7.90029e-15 -6.12476e-15 0)
(8.30184e-15 -5.60671e-15 0)
(8.66623e-15 -5.04667e-15 0)
(8.99069e-15 -4.44963e-15 0)
(9.2729e-15 -3.8205e-15 0)
(9.51087e-15 -3.16414e-15 0)
(9.70291e-15 -2.48533e-15 0)
(9.84777e-15 -1.78886e-15 0)
(9.94468e-15 -1.07955e-15 0)
(9.9932e-15 -3.62415e-16 0)
(9.99312e-15 3.57351e-16 0)
(9.94446e-15 1.07455e-15 0)
(9.8474e-15 1.78397e-15 0)
(9.7024e-15 2.48058e-15 0)
(9.51025e-15 3.15958e-15 0)
(9.27216e-15 3.81617e-15 0)
(8.98983e-15 4.44555e-15 0)
(8.66526e-15 5.0429e-15 0)
(8.30079e-15 5.6033e-15 0)
(7.89916e-15 6.12172e-15 0)
(7.46344e-15 6.59311e-15 0)
(6.99705e-15 7.01223e-15 0)
(6.5038e-15 7.37375e-15 0)
(5.98793e-15 7.67211e-15 0)
(5.45411e-15 7.90152e-15 0)
(4.90751e-15 8.05588e-15 0)
(4.35376e-15 8.12876e-15 0)
(3.79907e-15 8.11309e-15 0)
(3.25019e-15 8.00116e-15 0)
(2.71465e-15 7.78466e-15 0)
(2.20079e-15 7.45421e-15 0)
(1.71714e-15 6.9993e-15 0)
(1.27264e-15 6.40782e-15 0)
(8.78667e-16 5.66591e-15 0)
(5.44847e-16 4.75863e-15 0)
(2.78172e-16 3.66812e-15 0)
(1.01628e-16 2.37443e-15 0)
(9.554e-19 8.89551e-16 0)
(7.86079e-19 -9.3214e-16 0)
(8.25474e-17 -2.49943e-15 0)
(2.25669e-16 -3.86787e-15 0)
(4.42012e-16 -5.02617e-15 0)
(7.14514e-16 -5.99292e-15 0)
(1.03591e-15 -6.78481e-15 0)
(1.39876e-15 -7.41766e-15 0)
(1.79466e-15 -7.90527e-15 0)
(2.2158e-15 -8.26003e-15 0)
(2.65491e-15 -8.49319e-15 0)
(3.10536e-15 -8.61472e-15 0)
(3.56093e-15 -8.63332e-15 0)
(4.01588e-15 -8.55742e-15 0)
(4.46507e-15 -8.39466e-15 0)
(4.90388e-15 -8.15182e-15 0)
(5.32798e-15 -7.83548e-15 0)
(5.73348e-15 -7.45188e-15 0)
(6.11689e-15 -7.00697e-15 0)
(6.47507e-15 -6.50645e-15 0)
(6.80518e-15 -5.95587e-15 0)
(7.10467e-15 -5.36066e-15 0)
(7.37137e-15 -4.72616e-15 0)
(7.60331e-15 -4.05756e-15 0)
(7.79885e-15 -3.36009e-15 0)
(7.95666e-15 -2.63887e-15 0)
(8.07573e-15 -1.89903e-15 0)
(8.15539e-15 -1.14577e-15 0)
(8.19523e-15 -3.84385e-16 0)
(8.1951e-15 3.7973e-16 0)
(8.15497e-15 1.14115e-15 0)
(8.07501e-15 1.89449e-15 0)
(7.95565e-15 2.63446e-15 0)
(7.79756e-15 3.35585e-15 0)
(7.60177e-15 4.05354e-15 0)
(7.36959e-15 4.72238e-15 0)
(7.10269e-15 5.35718e-15 0)
(6.80299e-15 5.9527e-15 0)
(6.47271e-15 6.50365e-15 0)
(6.1144e-15 7.00458e-15 0)
(5.73088e-15 7.44995e-15 0)
(5.3253e-15 7.83402e-15 0)
(4.90117e-15 8.15086e-15 0)
(4.46235e-15 8.39423e-15 0)
(4.0132e-15 8.55756e-15 0)
(3.55834e-15 8.63405e-15 0)
(3.10287e-15 8.61599e-15 0)
(2.65254e-15 8.49506e-15 0)
(2.21372e-15 8.26254e-15 0)
(1.79277e-15 7.90826e-15 0)
(1.39703e-15 7.42101e-15 0)
(1.03479e-15 6.78856e-15 0)
(7.13735e-16 5.99696e-15 0)
(4.41004e-16 5.02981e-15 0)
(2.25407e-16 3.87064e-15 0)
(8.27578e-17 2.50125e-15 0)
(6.74954e-19 9.33476e-16 0)
(5.99792e-19 -9.67148e-16 0)
(6.37806e-17 -2.59998e-15 0)
(1.74474e-16 -4.02931e-15 0)
(3.41885e-16 -5.24227e-15 0)
(5.53069e-16 -6.25667e-15 0)
(8.02551e-16 -7.08897e-15 0)
(1.08449e-15 -7.75493e-15 0)
(1.39251e-15 -8.26867e-15 0)
(1.72045e-15 -8.64289e-15 0)
(2.06255e-15 -8.88917e-15 0)
(2.41393e-15 -9.0183e-15 0)
(2.76923e-15 -9.03903e-15 0)
(3.12425e-15 -8.96017e-15 0)
(3.4749e-15 -8.79034e-15 0)
(3.8176e-15 -8.53634e-15 0)
(4.14879e-15 -8.20517e-15 0)
(4.46545e-15 -7.80344e-15 0)
(4.76486e-15 -7.33742e-15 0)
(5.04455e-15 -6.81311e-15 0)
(5.30232e-15 -6.23639e-15 0)
(5.53617e-15 -5.6129e-15 0)
(5.74437e-15 -4.94827e-15 0)
(5.92542e-15 -4.24798e-15 0)
(6.07805e-15 -3.51748e-15 0)
(6.20124e-15 -2.76218e-15 0)
(6.29419e-15 -1.98752e-15 0)
(6.35636e-15 -1.19894e-15 0)
(6.38741e-15 -4.01975e-16 0)
(6.38719e-15 3.97821e-16 0)
(6.35571e-15 1.19483e-15 0)
(6.29314e-15 1.98348e-15 0)
(6.1998e-15 2.75824e-15 0)
(6.07623e-15 3.51369e-15 0)
(5.92323e-15 4.24437e-15 0)
(5.74184e-15 4.94489e-15 0)
(5.53332e-15 5.6098e-15 0)
(5.29919e-15 6.23357e-15 0)
(5.04119e-15 6.81064e-15 0)
(4.76129e-15 7.33531e-15 0)
(4.46171e-15 7.80173e-15 0)
(4.14494e-15 8.20389e-15 0)
(3.81369e-15 8.53552e-15 0)
(3.47099e-15 8.79e-15 0)
(3.12039e-15 8.96034e-15 0)
(2.76543e-15 9.03972e-15 0)
(2.41034e-15 9.01953e-15 0)
(2.05923e-15 8.89095e-15 0)
(1.71729e-15 8.64515e-15 0)
(1.38972e-15 8.2714e-15 0)
(1.08232e-15 7.75817e-15 0)
(8.00694e-16 7.09236e-15 0)
(5.51477e-16 6.25995e-15 0)
(3.41153e-16 5.24559e-15 0)
(1.74122e-16 4.03215e-15 0)
(6.35083e-17 2.60125e-15 0)
(5.64724e-19 9.68363e-16 0)
(4.08864e-19 -9.93266e-16 0)
(4.54481e-17 -2.675e-15 0)
(1.24263e-16 -4.14991e-15 0)
(2.43574e-16 -5.40386e-15 0)
(3.94247e-16 -6.45401e-15 0)
(5.72321e-16 -7.31682e-15 0)
(7.73715e-16 -8.0079e-15 0)
(9.93936e-16 -8.54151e-15 0)
(1.22861e-15 -8.93059e-15 0)
(1.47332e-15 -9.18705e-15 0)
(1.72531e-15 -9.32198e-15 0)
(1.97922e-15 -9.34431e-15 0)
(2.23403e-15 -9.2635e-15 0)
(2.48508e-15 -9.08828e-15 0)
(2.73075e-15 -8.82586e-15 0)
(2.9681e-15 -8.48348e-15 0)
(3.19502e-15 -8.06809e-15 0)
(3.4096e-15 -7.58617e-15 0)
(3.61002e-15 -7.04397e-15 0)
(3.79472e-15 -6.44751e-15 0)
(3.96227e-15 -5.80275e-15 0)
(4.11142e-15 -5.11541e-15 0)
(4.24111e-15 -4.39124e-15 0)
(4.35044e-15 -3.63587e-15 0)
(4.43865e-15 -2.85494e-15 0)
(4.50518e-15 -2.05406e-15 0)
(4.54965e-15 -1.2389e-15 0)
(4.57182e-15 -4.15117e-16 0)
(4.57157e-15 4.11543e-16 0)
(4.54889e-15 1.23535e-15 0)
(4.50389e-15 2.0506e-15 0)
(4.43685e-15 2.85157e-15 0)
(4.34816e-15 3.63263e-15 0)
(4.23839e-15 4.38817e-15 0)
(4.10829e-15 5.11254e-15 0)
(3.95874e-15 5.80009e-15 0)
(3.79083e-15 6.44513e-15 0)
(3.60584e-15 7.04186e-15 0)
(3.40515e-15 7.58438e-15 0)
(3.19038e-15 8.06664e-15 0)
(2.96332e-15 8.48241e-15 0)
(2.72588e-15 8.82519e-15 0)
(2.4802e-15 9.08802e-15 0)
(2.22921e-15 9.26366e-15 0)
(1.97453e-15 9.34494e-15 0)
(1.72084e-15 9.3231e-15 0)
(1.46909e-15 9.18858e-15 0)
(1.22481e-15 8.93258e-15 0)
(9.90671e-16 8.54394e-15 0)
(7.70722e-16 8.01055e-15 0)
(5.69911e-16 7.31974e-15 0)
(3.92799e-16 6.45715e-15 0)
(2.4246e-16 5.40652e-15 0)
(1.23482e-16 4.15196e-15 0)
(4.52801e-17 2.67629e-15 0)
(3.10572e-19 9.94231e-16 0)
(2.36192e-19 -1.01066e-15 0)
(2.73537e-17 -2.72486e-15 0)
(7.47771e-17 -4.2302e-15 0)
(1.46522e-16 -5.51141e-15 0)
(2.37141e-16 -6.58555e-15 0)
(3.44208e-16 -7.46876e-15 0)
(4.65323e-16 -8.17671e-15 0)
(5.97842e-16 -8.72369e-15 0)
(7.38956e-16 -9.12281e-15 0)
(8.86058e-16 -9.38599e-15 0)
(1.04059e-15 -9.52348e-15 0)
(1.18856e-15 -9.54621e-15 0)
(1.34512e-15 -9.46606e-15 0)
(1.49586e-15 -9.28742e-15 0)
(1.64364e-15 -9.01937e-15 0)
(1.78643e-15 -8.6695e-15 0)
(1.92291e-15 -8.24497e-15 0)
(2.052e-15 -7.75243e-15 0)
(2.17259e-15 -7.19826e-15 0)
(2.28369e-15 -6.58862e-15 0)
(2.38447e-15 -5.9296e-15 0)
(2.47418e-15 -5.22708e-15 0)
(2.55214e-15 -4.48694e-15 0)
(2.61783e-15 -3.71494e-15 0)
(2.67082e-15 -2.91687e-15 0)
(2.71076e-15 -2.09845e-15 0)
(2.73741e-15 -1.26549e-15 0)
(2.75062e-15 -4.23771e-16 0)
(2.7503e-15 4.20872e-16 0)
(2.7365e-15 1.26261e-15 0)
(2.70927e-15 2.09562e-15 0)
(2.66877e-15 2.91411e-15 0)
(2.61524e-15 3.7123e-15 0)
(2.54902e-15 4.48443e-15 0)
(2.47056e-15 5.22474e-15 0)
(2.38042e-15 5.92743e-15 0)
(2.27924e-15 6.58668e-15 0)
(2.16778e-15 7.19654e-15 0)
(2.04689e-15 7.75098e-15 0)
(1.91757e-15 8.24381e-15 0)
(1.78093e-15 8.66865e-15 0)
(1.63805e-15 9.01883e-15 0)
(1.49026e-15 9.28723e-15 0)
(1.33959e-15 9.46622e-15 0)
(1.18313e-15 9.54673e-15 0)
(1.03547e-15 9.52438e-15 0)
(8.81296e-16 9.38727e-15 0)
(7.34595e-16 9.12444e-15 0)
(5.93869e-16 8.72561e-15 0)
(4.62162e-16 8.17895e-15 0)
(3.41837e-16 7.47117e-15 0)
(2.34881e-16 6.58777e-15 0)
(1.45058e-16 5.51365e-15 0)
(7.43849e-17 4.23211e-15 0)
(2.70807e-17 2.72564e-15 0)
(2.42225e-19 1.01148e-15 0)
(1.31534e-19 -1.01942e-15 0)
(9.42921e-18 -2.74994e-15 0)
(2.5703e-17 -4.27055e-15 0)
(5.01879e-17 -5.56549e-15 0)
(8.10338e-17 -6.65165e-15 0)
(1.17373e-16 -7.54508e-15 0)
(1.58344e-16 -8.26138e-15 0)
(2.03152e-16 -8.81492e-15 0)
(2.50624e-16 -9.2191e-15 0)
(2.98952e-16 -9.48593e-15 0)
(3.51314e-16 -9.62645e-15 0)
(4.0222e-16 -9.65204e-15 0)
(4.58785e-16 -9.56843e-15 0)
(5.06695e-16 -9.38699e-15 0)
(5.5598e-16 -9.11596e-15 0)
(6.03866e-16 -8.7626e-15 0)
(6.49582e-16 -8.3336e-15 0)
(6.92842e-16 -7.83576e-15 0)
(7.33253e-16 -7.27556e-15 0)
(7.70469e-16 -6.65932e-15 0)
(8.0419e-16 -5.99312e-15 0)
(8.34166e-16 -5.28299e-15 0)
(8.60196e-16 -4.53481e-15 0)
(8.82089e-16 -3.75447e-15 0)
(8.99702e-16 -2.94777e-15 0)
(9.12916e-16 -2.12056e-15 0)
(9.21648e-16 -1.27865e-15 0)
(9.25867e-16 -4.27941e-16 0)
(9.25541e-16 4.25736e-16 0)
(9.20669e-16 1.27649e-15 0)
(9.1129e-16 2.11843e-15 0)
(8.97457e-16 2.94569e-15 0)
(8.79246e-16 3.75247e-15 0)
(8.56797e-16 4.53291e-15 0)
(8.30237e-16 5.28121e-15 0)
(7.99767e-16 5.9915e-15 0)
(7.65612e-16 6.65785e-15 0)
(7.2801e-16 7.27427e-15 0)
(6.87282e-16 7.83466e-15 0)
(6.43772e-16 8.33272e-15 0)
(5.97874e-16 8.76195e-15 0)
(5.49896e-16 9.11555e-15 0)
(5.00603e-16 9.38684e-15 0)
(4.52775e-16 9.56855e-15 0)
(3.96372e-16 9.65243e-15 0)
(3.45759e-16 9.62709e-15 0)
(2.937e-16 9.48687e-15 0)
(2.45877e-16 9.2203e-15 0)
(1.99114e-16 8.81636e-15 0)
(1.54741e-16 8.26294e-15 0)
(1.1421e-16 7.54677e-15 0)
(7.91568e-17 6.65347e-15 0)
(4.90769e-17 5.56705e-15 0)
(2.45376e-17 4.27163e-15 0)
(8.95545e-18 2.75066e-15 0)
(2.48186e-20 1.02002e-15 0)
(-5.14461e-20 -1.01964e-15 0)
(-8.40367e-18 -2.75032e-15 0)
(-2.32326e-17 -4.27117e-15 0)
(-4.59485e-17 -5.56628e-15 0)
(-7.47413e-17 -6.65248e-15 0)
(-1.09013e-16 -7.54594e-15 0)
(-1.47975e-16 -8.26223e-15 0)
(-1.90704e-16 -8.81574e-15 0)
(-2.36276e-16 -9.21988e-15 0)
(-2.82873e-16 -9.48667e-15 0)
(-3.33488e-16 -9.62713e-15 0)
(-3.82896e-16 -9.65265e-15 0)
(-4.38031e-16 -9.56899e-15 0)
(-4.84662e-16 -9.38749e-15 0)
(-5.32825e-16 -9.11639e-15 0)
(-5.79732e-16 -8.76296e-15 0)
(-6.24606e-16 -8.3339e-15 0)
(-6.67164e-16 -7.83599e-15 0)
(-7.07012e-16 -7.27574e-15 0)
(-7.43796e-16 -6.65942e-15 0)
(-7.77229e-16 -5.99317e-15 0)
(-8.0704e-16 -5.28296e-15 0)
(-8.33021e-16 -4.53472e-15 0)
(-8.55001e-16 -3.75432e-15 0)
(-8.72821e-16 -2.94757e-15 0)
(-8.86363e-16 -2.12031e-15 0)
(-8.95554e-16 -1.27837e-15 0)
(-9.0034e-16 -4.27586e-16 0)
(-9.00677e-16 4.26126e-16 0)
(-8.96575e-16 1.27691e-15 0)
(-8.88063e-16 2.11888e-15 0)
(-8.75169e-16 2.94619e-15 0)
(-8.57972e-16 3.753e-15 0)
(-8.3659e-16 4.53348e-15 0)
(-8.11149e-16 5.28178e-15 0)
(-7.81847e-16 5.99209e-15 0)
(-7.48887e-16 6.65844e-15 0)
(-7.12498e-16 7.27488e-15 0)
(-6.72985e-16 7.83525e-15 0)
(-6.30687e-16 8.3333e-15 0)
(-5.85997e-16 8.7625e-15 0)
(-5.392e-16 9.1161e-15 0)
(-4.9104e-16 9.38735e-15 0)
(-4.44328e-16 9.56903e-15 0)
(-3.89002e-16 9.65286e-15 0)
(-3.39332e-16 9.62751e-15 0)
(-2.88236e-16 9.48722e-15 0)
(-2.41228e-16 9.22057e-15 0)
(-1.95272e-16 8.8166e-15 0)
(-1.51632e-16 8.26325e-15 0)
(-1.11624e-16 7.54696e-15 0)
(-7.73217e-17 6.65341e-15 0)
(-4.79211e-17 5.56725e-15 0)
(-2.36762e-17 4.27197e-15 0)
(-8.6837e-18 2.75052e-15 0)
(-7.90714e-20 1.02008e-15 0)
(-2.14844e-19 -1.01129e-15 0)
(-2.63017e-17 -2.72603e-15 0)
(-7.23852e-17 -4.23203e-15 0)
(-1.42372e-16 -5.51366e-15 0)
(-2.30983e-16 -6.58802e-15 0)
(-3.36083e-16 -7.4713e-15 0)
(-4.55251e-16 -8.1792e-15 0)
(-5.85775e-16 -8.7261e-15 0)
(-7.25052e-16 -9.12509e-15 0)
(-8.7043e-16 -9.38813e-15 0)
(-1.02332e-15 -9.52546e-15 0)
(-1.16976e-15 -9.548e-15 0)
(-1.32504e-15 -9.46767e-15 0)
(-1.47456e-15 -9.28884e-15 0)
(-1.62125e-15 -9.02059e-15 0)
(-1.76311e-15 -8.67055e-15 0)
(-1.89877e-15 -8.24582e-15 0)
(-2.02718e-15 -7.75309e-15 0)
(-2.14723e-15 -7.19873e-15 0)
(-2.25792e-15 -6.58892e-15 0)
(-2.35839e-15 -5.9297e-15 0)
(-2.44793e-15 -5.22701e-15 0)
(-2.52587e-15 -4.48669e-15 0)
(-2.59165e-15 -3.71452e-15 0)
(-2.64484e-15 -2.91627e-15 0)
(-2.6851e-15 -2.09771e-15 0)
(-2.71217e-15 -1.2646e-15 0)
(-2.72592e-15 -4.22752e-16 0)
(-2.72628e-15 4.22029e-16 0)
(-2.71321e-15 1.26389e-15 0)
(-2.6868e-15 2.09702e-15 0)
(-2.6472e-15 2.91561e-15 0)
(-2.59464e-15 3.71387e-15 0)
(-2.52947e-15 4.48607e-15 0)
(-2.4521e-15 5.22643e-15 0)
(-2.36308e-15 5.92916e-15 0)
(-2.26305e-15 6.58842e-15 0)
(-2.15277e-15 7.19829e-15 0)
(-2.03307e-15 7.75271e-15 0)
(-1.90492e-15 8.2455e-15 0)
(-1.76944e-15 8.67028e-15 0)
(-1.6277e-15 9.0204e-15 0)
(-1.48102e-15 9.28871e-15 0)
(-1.33142e-15 9.46761e-15 0)
(-1.17592e-15 9.548e-15 0)
(-1.02924e-15 9.52553e-15 0)
(-8.76025e-16 9.38827e-15 0)
(-7.30108e-16 9.12535e-15 0)
(-5.90041e-16 8.72636e-15 0)
(-4.59135e-16 8.17948e-15 0)
(-3.3964e-16 7.47169e-15 0)
(-2.33036e-16 6.58845e-15 0)
(-1.43479e-16 5.51385e-15 0)
(-7.38163e-17 4.23215e-15 0)
(-2.70777e-17 2.72596e-15 0)
(-2.58976e-19 1.01155e-15 0)
(-3.25473e-19 -9.9432e-16 0)
(-4.44396e-17 -2.67683e-15 0)
(-1.21914e-16 -4.1529e-15 0)
(-2.39647e-16 -5.40746e-15 0)
(-3.88438e-16 -6.458e-15 0)
(-5.64629e-16 -7.32092e-15 0)
(-7.64251e-16 -8.01195e-15 0)
(-9.82639e-16 -8.54542e-15 0)
(-1.21561e-15 -8.93425e-15 0)
(-1.45874e-15 -9.1905e-15 0)
(-1.70923e-15 -9.32518e-15 0)
(-1.96177e-15 -9.34719e-15 0)
(-2.21535e-15 -9.26606e-15 0)
(-2.46526e-15 -9.09056e-15 0)
(-2.70993e-15 -8.82783e-15 0)
(-2.94641e-15 -8.48515e-15 0)
(-3.17257e-15 -8.06944e-15 0)
(-3.38651e-15 -7.58724e-15 0)
(-3.58642e-15 -7.04471e-15 0)
(-3.77072e-15 -6.44799e-15 0)
(-3.93801e-15 -5.80289e-15 0)
(-4.08701e-15 -5.1153e-15 0)
(-4.21665e-15 -4.39081e-15 0)
(-4.32604e-15 -3.6352e-15 0)
(-4.41444e-15 -2.85398e-15 0)
(-4.48128e-15 -2.05287e-15 0)
(-4.52616e-15 -1.23742e-15 0)
(-4.54882e-15 -4.13448e-16 0)
(-4.54915e-15 4.13463e-16 0)
(-4.52715e-15 1.23744e-15 0)
(-4.48294e-15 2.05289e-15 0)
(-4.41676e-15 2.85398e-15 0)
(-4.32898e-15 3.63521e-15 0)
(-4.22017e-15 4.39081e-15 0)
(-4.09106e-15 5.11531e-15 0)
(-3.94257e-15 5.80288e-15 0)
(-3.77575e-15 6.44799e-15 0)
(-3.59185e-15 7.04468e-15 0)
(-3.39226e-15 7.58721e-15 0)
(-3.17859e-15 8.06938e-15 0)
(-2.95262e-15 8.48509e-15 0)
(-2.71625e-15 8.82772e-15 0)
(-2.47159e-15 9.09045e-15 0)
(-2.2216e-15 9.2659e-15 0)
(-1.96788e-15 9.34701e-15 0)
(-1.71507e-15 9.32497e-15 0)
(-1.46411e-15 9.19027e-15 0)
(-1.22061e-15 8.93392e-15 0)
(-9.87346e-16 8.54514e-15 0)
(-7.67935e-16 8.01172e-15 0)
(-5.67213e-16 7.32051e-15 0)
(-3.91282e-16 6.45755e-15 0)
(-2.41891e-16 5.40719e-15 0)
(-1.2238e-16 4.15258e-15 0)
(-4.48315e-17 2.67631e-15 0)
(-3.63232e-19 9.94422e-16 0)
(-5.36532e-19 -9.68596e-16 0)
(-6.28392e-17 -2.60248e-15 0)
(-1.72323e-16 -4.03331e-15 0)
(-3.38243e-16 -5.24717e-15 0)
(-5.47798e-16 -6.26198e-15 0)
(-7.95618e-16 -7.09444e-15 0)
(-1.076e-15 -7.76037e-15 0)
(-1.38236e-15 -8.27391e-15 0)
(-1.70884e-15 -8.64786e-15 0)
(-2.04962e-15 -8.89379e-15 0)
(-2.39964e-15 -9.02259e-15 0)
(-2.75374e-15 -9.04291e-15 0)
(-3.1077e-15 -8.96366e-15 0)
(-3.45733e-15 -8.7934e-15 0)
(-3.79914e-15 -8.53903e-15 0)
(-4.12954e-15 -8.20741e-15 0)
(-4.44552e-15 -7.80532e-15 0)
(-4.74437e-15 -7.33884e-15 0)
(-5.0236e-15 -6.81418e-15 0)
(-5.28099e-15 -6.23699e-15 0)
(-5.5146e-15 -5.61317e-15 0)
(-5.72265e-15 -4.94807e-15 0)
(-5.90367e-15 -4.24745e-15 0)
(-6.05637e-15 -3.51651e-15 0)
(-6.17971e-15 -2.76092e-15 0)
(-6.2729e-15 -1.98585e-15 0)
(-6.33541e-15 -1.19701e-15 0)
(-6.36691e-15 -3.99655e-16 0)
(-6.36724e-15 4.0035e-16 0)
(-6.33637e-15 1.1977e-15 0)
(-6.27448e-15 1.98652e-15 0)
(-6.18188e-15 2.76159e-15 0)
(-6.05912e-15 3.51715e-15 0)
(-5.90698e-15 4.24807e-15 0)
(-5.72649e-15 4.94863e-15 0)
(-5.51891e-15 5.61368e-15 0)
(-5.28573e-15 6.23743e-15 0)
(-5.02871e-15 6.81456e-15 0)
(-4.7498e-15 7.33912e-15 0)
(-4.45121e-15 7.80552e-15 0)
(-4.13541e-15 8.2075e-15 0)
(-3.80512e-15 8.53902e-15 0)
(-3.46333e-15 8.79324e-15 0)
(-3.11366e-15 8.96341e-15 0)
(-2.75951e-15 9.04253e-15 0)
(-2.40517e-15 9.02208e-15 0)
(-2.05497e-15 8.89312e-15 0)
(-1.71365e-15 8.64716e-15 0)
(-1.38632e-15 8.27309e-15 0)
(-1.07988e-15 7.75927e-15 0)
(-7.99332e-16 7.09351e-15 0)
(-5.49722e-16 6.26111e-15 0)
(-3.39284e-16 5.24608e-15 0)
(-1.74038e-16 4.03228e-15 0)
(-6.37764e-17 2.60175e-15 0)
(-6.23287e-19 9.68498e-16 0)
(-6.61208e-19 -9.33943e-16 0)
(-8.17226e-17 -2.50248e-15 0)
(-2.23719e-16 -3.87266e-15 0)
(-4.38828e-16 -5.03207e-15 0)
(-7.09926e-16 -5.99932e-15 0)
(-1.03003e-15 -6.79137e-15 0)
(-1.39163e-15 -7.42409e-15 0)
(-1.78619e-15 -7.91149e-15 0)
(-2.20611e-15 -8.26596e-15 0)
(-2.64413e-15 -8.49869e-15 0)
(-3.09352e-15 -8.61977e-15 0)
(-3.5481e-15 -8.63796e-15 0)
(-4.00212e-15 -8.56156e-15 0)
(-4.45049e-15 -8.39831e-15 0)
(-4.88855e-15 -8.15498e-15 0)
(-5.312e-15 -7.83816e-15 0)
(-5.71692e-15 -7.45407e-15 0)
(-6.09985e-15 -7.00864e-15 0)
(-6.45762e-15 -6.50764e-15 0)
(-6.78742e-15 -5.95656e-15 0)
(-7.0867e-15 -5.3609e-15 0)
(-7.35325e-15 -4.72588e-15 0)
(-7.58514e-15 -4.05687e-15 0)
(-7.78072e-15 -3.35889e-15 0)
(-7.93865e-15 -2.63727e-15 0)
(-8.05795e-15 -1.89696e-15 0)
(-8.13789e-15 -1.14336e-15 0)
(-8.17809e-15 -3.81538e-16 0)
(-8.17837e-15 3.82868e-16 0)
(-8.13873e-15 1.14469e-15 0)
(-8.05935e-15 1.89826e-15 0)
(-7.94061e-15 2.63855e-15 0)
(-7.7832e-15 3.36009e-15 0)
(-7.58813e-15 4.05803e-15 0)
(-7.35671e-15 4.72692e-15 0)
(-7.09059e-15 5.36191e-15 0)
(-6.7917e-15 5.9574e-15 0)
(-6.46226e-15 6.50841e-15 0)
(-6.10478e-15 7.00919e-15 0)
(-5.72208e-15 7.45453e-15 0)
(-5.31733e-15 7.83836e-15 0)
(-4.894e-15 8.15509e-15 0)
(-4.45596e-15 8.39814e-15 0)
(-4.00752e-15 8.56125e-15 0)
(-3.55343e-15 8.63734e-15 0)
(-3.09868e-15 8.61901e-15 0)
(-2.6488e-15 8.49772e-15 0)
(-2.2105e-15 8.26481e-15 0)
(-1.79068e-15 7.90997e-15 0)
(-1.39499e-15 7.42279e-15 0)
(-1.03213e-15 6.78982e-15 0)
(-7.12888e-16 5.99739e-15 0)
(-4.41395e-16 5.03054e-15 0)
(-2.24103e-16 3.87143e-15 0)
(-8.20896e-17 2.5011e-15 0)
(-7.38369e-19 9.33719e-16 0)
(-8.77763e-19 -8.90132e-16 0)
(-1.01168e-16 -2.37613e-15 0)
(-2.76716e-16 -3.67016e-15 0)
(-5.41994e-16 -4.76125e-15 0)
(-8.75694e-16 -5.6692e-15 0)
(-1.26887e-15 -6.4112e-15 0)
(-1.71224e-15 -7.00286e-15 0)
(-2.1952e-15 -7.45811e-15 0)
(-2.70845e-15 -7.78874e-15 0)
(-3.24322e-15 -8.00543e-15 0)
(-3.79134e-15 -8.11744e-15 0)
(-4.3454e-15 -8.1333e-15 0)
(-4.89852e-15 -8.06043e-15 0)
(-5.44452e-15 -7.90621e-15 0)
(-5.97778e-15 -7.67669e-15 0)
(-6.49314e-15 -7.37844e-15 0)
(-6.98591e-15 -7.01672e-15 0)
(-7.45189e-15 -6.59768e-15 0)
(-7.88724e-15 -6.12597e-15 0)
(-8.28854e-15 -5.60759e-15 0)
(-8.65271e-15 -5.04677e-15 0)
(-8.97708e-15 -4.44944e-15 0)
(-9.25925e-15 -3.81952e-15 0)
(-9.49721e-15 -3.16292e-15 0)
(-9.68931e-15 -2.48333e-15 0)
(-9.83433e-15 -1.78666e-15 0)
(-9.93143e-15 -1.07656e-15 0)
(-9.98021e-15 -3.59321e-16 0)
(-9.98045e-15 3.61194e-16 0)
(-9.93216e-15 1.07839e-15 0)
(-9.83552e-15 1.78849e-15 0)
(-9.69098e-15 2.48504e-15 0)
(-9.49932e-15 3.16464e-15 0)
(-9.26178e-15 3.82107e-15 0)
(-8.98e-15 4.45098e-15 0)
(-8.65603e-15 5.04806e-15 0)
(-8.29219e-15 5.60885e-15 0)
(-7.89119e-15 6.12693e-15 0)
(-7.4561e-15 6.59859e-15 0)
(-6.99034e-15 7.01726e-15 0)
(-6.49771e-15 7.37892e-15 0)
(-5.98245e-15 7.67675e-15 0)
(-5.44923e-15 7.90617e-15 0)
(-4.90325e-15 8.05994e-15 0)
(-4.35001e-15 8.1327e-15 0)
(-3.7957e-15 8.11643e-15 0)
(-3.24755e-15 8.00421e-15 0)
(-2.71257e-15 7.78707e-15 0)
(-2.19828e-15 7.45658e-15 0)
(-1.71538e-15 7.00082e-15 0)
(-1.27275e-15 6.4088e-15 0)
(-8.77456e-16 5.66737e-15 0)
(-5.42525e-16 4.75918e-15 0)
(-2.78773e-16 3.668e-15 0)
(-1.0242e-16 2.37488e-15 0)
(-9.84093e-19 8.8964e-16 0)
(-1.07969e-18 -8.36735e-16 0)
(-1.21558e-16 -2.22282e-15 0)
(-3.31624e-16 -3.42437e-15 0)
(-6.48487e-16 -4.43361e-15 0)
(-1.04622e-15 -5.27056e-15 0)
(-1.51333e-15 -5.95299e-15 0)
(-2.03891e-15 -6.49636e-15 0)
(-2.6104e-15 -6.91374e-15 0)
(-3.21666e-15 -7.21659e-15 0)
(-3.84749e-15 -7.41454e-15 0)
(-4.49345e-15 -7.51643e-15 0)
(-5.14585e-15 -7.52969e-15 0)
(-5.79682e-15 -7.46151e-15 0)
(-6.43907e-15 -7.31808e-15 0)
(-7.0662e-15 -7.10556e-15 0)
(-7.67212e-15 -6.82921e-15 0)
(-8.25148e-15 -6.49467e-15 0)
(-8.79922e-15 -6.10665e-15 0)
(-9.31103e-15 -5.67049e-15 0)
(-9.78278e-15 -5.19053e-15 0)
(-1.0211e-14 -4.67198e-15 0)
(-1.05923e-14 -4.11894e-15 0)
(-1.09241e-14 -3.53646e-15 0)
(-1.12039e-14 -2.92854e-15 0)
(-1.14297e-14 -2.3e-15 0)
(-1.16e-14 -1.65469e-15 0)
(-1.1714e-14 -9.97439e-16 0)
(-1.17711e-14 -3.32495e-16 0)
(-1.17713e-14 3.34744e-16 0)
(-1.17145e-14 9.99678e-16 0)
(-1.16009e-14 1.65691e-15 0)
(-1.1431e-14 2.30216e-15 0)
(-1.12055e-14 2.93065e-15 0)
(-1.0926e-14 3.53844e-15 0)
(-1.05946e-14 4.12081e-15 0)
(-1.02135e-14 4.67363e-15 0)
(-9.7856e-15 5.19208e-15 0)
(-9.31409e-15 5.67174e-15 0)
(-8.80252e-15 6.10772e-15 0)
(-8.25491e-15 6.49542e-15 0)
(-7.6757e-15 6.82974e-15 0)
(-7.06988e-15 7.10572e-15 0)
(-6.44279e-15 7.31798e-15 0)
(-5.8005e-15 7.46104e-15 0)
(-5.14949e-15 7.52894e-15 0)
(-4.49713e-15 7.51522e-15 0)
(-3.85088e-15 7.41308e-15 0)
(-3.21964e-15 7.21486e-15 0)
(-2.61381e-15 6.91159e-15 0)
(-2.042e-15 6.49378e-15 0)
(-1.51448e-15 5.95089e-15 0)
(-1.04855e-15 5.2677e-15 0)
(-6.51576e-16 4.43089e-15 0)
(-3.31846e-16 3.42234e-15 0)
(-1.21788e-16 2.22099e-15 0)
(-1.14876e-18 8.36191e-16 0)
(-1.27357e-18 -7.73451e-16 0)
(-1.42847e-16 -2.04123e-15 0)
(-3.89178e-16 -3.13418e-15 0)
(-7.59486e-16 -4.04763e-15 0)
(-1.22233e-15 -4.8023e-15 0)
(-1.76464e-15 -5.41613e-15 0)
(-2.37287e-15 -5.90422e-15 0)
(-3.03269e-15 -6.27862e-15 0)
(-3.7314e-15 -6.55003e-15 0)
(-4.45742e-15 -6.72708e-15 0)
(-5.19994e-15 -6.81777e-15 0)
(-5.94929e-15 -6.82855e-15 0)
(-6.69653e-15 -6.76611e-15 0)
(-7.43358e-15 -6.63553e-15 0)
(-8.15296e-15 -6.44282e-15 0)
(-8.84796e-15 -6.19205e-15 0)
(-9.51234e-15 -5.88901e-15 0)
(-1.01406e-14 -5.53707e-15 0)
(-1.07275e-14 -5.14204e-15 0)
(-1.12686e-14 -4.70671e-15 0)
(-1.17597e-14 -4.23707e-15 0)
(-1.21972e-14 -3.73542e-15 0)
(-1.25779e-14 -3.20798e-15 0)
(-1.2899e-14 -2.65653e-15 0)
(-1.3158e-14 -2.08739e-15 0)
(-1.33532e-14 -1.50168e-15 0)
(-1.34837e-14 -9.05853e-16 0)
(-1.3549e-14 -3.01415e-16 0)
(-1.35491e-14 3.03937e-16 0)
(-1.3484e-14 9.08417e-16 0)
(-1.33538e-14 1.50409e-15 0)
(-1.31588e-14 2.08987e-15 0)
(-1.29e-14 2.65871e-15 0)
(-1.25792e-14 3.21027e-15 0)
(-1.21987e-14 3.73727e-15 0)
(-1.17613e-14 4.23912e-15 0)
(-1.12704e-14 4.70815e-15 0)
(-1.07295e-14 5.14364e-15 0)
(-1.01427e-14 5.53802e-15 0)
(-9.51459e-15 5.89014e-15 0)
(-8.8503e-15 6.19239e-15 0)
(-8.15537e-15 6.44334e-15 0)
(-7.43602e-15 6.63522e-15 0)
(-6.69902e-15 6.76591e-15 0)
(-5.95182e-15 6.82748e-15 0)
(-5.20231e-15 6.8168e-15 0)
(-4.45976e-15 6.72535e-15 0)
(-3.73396e-15 6.54822e-15 0)
(-3.03469e-15 6.27609e-15 0)
(-2.37442e-15 5.9021e-15 0)
(-1.76773e-15 5.41305e-15 0)
(-1.2242e-15 4.79925e-15 0)
(-7.59266e-16 4.04524e-15 0)
(-3.91044e-16 3.13153e-15 0)
(-1.44353e-16 2.03919e-15 0)
(-1.32231e-18 7.72808e-16 0)
(-1.56709e-18 -6.99664e-16 0)
(-1.65849e-16 -1.82976e-15 0)
(-4.50217e-16 -2.79771e-15 0)
(-8.75908e-16 -3.60139e-15 0)
(-1.40574e-15 -4.26324e-15 0)
(-2.024e-15 -4.80015e-15 0)
(-2.71509e-15 -5.2264e-15 0)
(-3.46287e-15 -5.55342e-15 0)
(-4.25315e-15 -5.79006e-15 0)
(-5.07305e-15 -5.94449e-15 0)
(-5.91063e-15 -6.02291e-15 0)
(-6.75534e-15 -6.03182e-15 0)
(-7.59714e-15 -5.97582e-15 0)
(-8.42718e-15 -5.86066e-15 0)
(-9.23709e-15 -5.68992e-15 0)
(-1.00195e-14 -5.46907e-15 0)
(-1.07674e-14 -5.20093e-15 0)
(-1.14746e-14 -4.89099e-15 0)
(-1.21353e-14 -4.54146e-15 0)
(-1.27446e-14 -4.15804e-15 0)
(-1.32975e-14 -3.74244e-15 0)
(-1.37903e-14 -3.30066e-15 0)
(-1.42191e-14 -2.83398e-15 0)
(-1.4581e-14 -2.34855e-15 0)
(-1.48728e-14 -1.84514e-15 0)
(-1.50925e-14 -1.32934e-15 0)
(-1.52391e-14 -8.01179e-16 0)
(-1.53125e-14 -2.67501e-16 0)
(-1.53125e-14 2.70103e-16 0)
(-1.52392e-14 8.03697e-16 0)
(-1.50927e-14 1.33189e-15 0)
(-1.4873e-14 1.84751e-15 0)
(-1.45812e-14 2.35097e-15 0)
(-1.42195e-14 2.83608e-15 0)
(-1.37907e-14 3.3028e-15 0)
(-1.32981e-14 3.74416e-15 0)
(-1.27451e-14 4.15979e-15 0)
(-1.21359e-14 4.54281e-15 0)
(-1.14753e-14 4.89232e-15 0)
(-1.07682e-14 5.20171e-15 0)
(-1.00203e-14 5.46986e-15 0)
(-9.23794e-15 5.69009e-15 0)
(-8.4281e-15 5.8608e-15 0)
(-7.59808e-15 5.97529e-15 0)
(-6.75632e-15 6.03121e-15 0)
(-5.91168e-15 6.02167e-15 0)
(-5.07419e-15 5.94301e-15 0)
(-4.25413e-15 5.78803e-15 0)
(-3.46415e-15 5.5514e-15 0)
(-2.71675e-15 5.22358e-15 0)
(-2.02463e-15 4.79719e-15 0)
(-1.40656e-15 4.26096e-15 0)
(-8.78472e-16 3.59807e-15 0)
(-4.50723e-16 2.79511e-15 0)
(-1.6573e-16 1.828e-15 0)
(-1.84168e-18 6.98861e-16 0)
(-2.27291e-18 -6.14192e-16 0)
(-1.9103e-16 -1.58654e-15 0)
(-5.16227e-16 -2.41229e-15 0)
(-9.99829e-16 -3.09296e-15 0)
(-1.5982e-15 -3.65169e-15 0)
(-2.29278e-15 -4.10405e-15 0)
(-3.06669e-15 -4.46304e-15 0)
(-3.90154e-15 -4.73845e-15 0)
(-4.78207e-15 -4.93777e-15 0)
(-5.69422e-15 -5.0677e-15 0)
(-6.62522e-15 -5.13357e-15 0)
(-7.56328e-15 -5.14051e-15 0)
(-8.49787e-15 -5.09255e-15 0)
(-9.41898e-15 -4.99429e-15 0)
(-1.03178e-14 -4.84892e-15 0)
(-1.11859e-14 -4.66078e-15 0)
(-1.20158e-14 -4.43249e-15 0)
(-1.28004e-14 -4.16847e-15 0)
(-1.35337e-14 -3.87082e-15 0)
(-1.42097e-14 -3.54414e-15 0)
(-1.48236e-14 -3.19016e-15 0)
(-1.53706e-14 -2.8138e-15 0)
(-1.5847e-14 -2.41644e-15 0)
(-1.62491e-14 -2.0034e-15 0)
(-1.65736e-14 -1.57542e-15 0)
(-1.68175e-14 -1.13655e-15 0)
(-1.698e-14 -6.85685e-16 0)
(-1.70611e-14 -2.28984e-16 0)
(-1.70611e-14 2.31539e-16 0)
(-1.69797e-14 6.8815e-16 0)
(-1.68171e-14 1.13908e-15 0)
(-1.65731e-14 1.57768e-15 0)
(-1.62486e-14 2.00579e-15 0)
(-1.58464e-14 2.41846e-15 0)
(-1.537e-14 2.81602e-15 0)
(-1.48228e-14 3.19178e-15 0)
(-1.42088e-14 3.54607e-15 0)
(-1.35328e-14 3.87198e-15 0)
(-1.27995e-14 4.1699e-15 0)
(-1.20148e-14 4.43314e-15 0)
(-1.11849e-14 4.66172e-15 0)
(-1.03169e-14 4.8489e-15 0)
(-9.41805e-15 4.99455e-15 0)
(-8.49705e-15 5.09189e-15 0)
(-7.56253e-15 5.14003e-15 0)
(-6.62464e-15 5.13212e-15 0)
(-5.69372e-15 5.0665e-15 0)
(-4.78185e-15 4.93569e-15 0)
(-3.9014e-15 4.73633e-15 0)
(-3.06674e-15 4.46036e-15 0)
(-2.29348e-15 4.10183e-15 0)
(-1.59925e-15 3.64823e-15 0)
(-9.99544e-16 3.09034e-15 0)
(-5.1702e-16 2.41022e-15 0)
(-1.92374e-16 1.58429e-15 0)
(-2.24779e-18 6.13428e-16 0)
(-2.84832e-18 -5.16079e-16 0)
(-2.20397e-16 -1.30946e-15 0)
(-5.89404e-16 -1.97553e-15 0)
(-1.13328e-15 -2.52104e-15 0)
(-1.80148e-15 -2.96718e-15 0)
(-2.57259e-15 -3.32856e-15 0)
(-3.42832e-15 -3.61551e-15 0)
(-4.34889e-15 -3.83554e-15 0)
(-5.3179e-15 -3.99531e-15 0)
(-6.32051e-15 -4.09916e-15 0)
(-7.3429e-15 -4.1521e-15 0)
(-8.37255e-15 -4.15711e-15 0)
(-9.39802e-15 -4.1187e-15 0)
(-1.04086e-14 -4.03881e-15 0)
(-1.13946e-14 -3.92196e-15 0)
(-1.23469e-14 -3.7693e-15 0)
(-1.32573e-14 -3.58566e-15 0)
(-1.41182e-14 -3.37137e-15 0)
(-1.49228e-14 -3.13179e-15 0)
(-1.56646e-14 -2.8665e-15 0)
(-1.63384e-14 -2.58151e-15 0)
(-1.6939e-14 -2.27573e-15 0)
(-1.74622e-14 -1.95589e-15 0)
(-1.79044e-14 -1.62049e-15 0)
(-1.82615e-14 -1.27714e-15 0)
(-1.85295e-14 -9.2135e-16 0)
(-1.87075e-14 -5.57985e-16 0)
(-1.87965e-14 -1.8492e-16 0)
(-1.87963e-14 1.8726e-16 0)
(-1.8707e-14 5.6035e-16 0)
(-1.85287e-14 9.23369e-16 0)
(-1.82604e-14 1.27931e-15 0)
(-1.7903e-14 1.62221e-15 0)
(-1.74605e-14 1.95792e-15 0)
(-1.6937e-14 2.27713e-15 0)
(-1.63362e-14 2.58338e-15 0)
(-1.56623e-14 2.86756e-15 0)
(-1.49202e-14 3.13333e-15 0)
(-1.41155e-14 3.37209e-15 0)
(-1.32545e-14 3.58685e-15 0)
(-1.2344e-14 3.76947e-15 0)
(-1.13917e-14 3.9227e-15 0)
(-1.04057e-14 4.03844e-15 0)
(-9.39527e-15 4.11879e-15 0)
(-8.36996e-15 4.15614e-15 0)
(-7.34045e-15 4.15152e-15 0)
(-6.31829e-15 4.09756e-15 0)
(-5.31611e-15 3.99398e-15 0)
(-4.34748e-15 3.83346e-15 0)
(-3.4273e-15 3.61358e-15 0)
(-2.57182e-15 3.32591e-15 0)
(-1.80122e-15 2.96501e-15 0)
(-1.13378e-15 2.51894e-15 0)
(-5.89798e-16 1.97278e-15 0)
(-2.20486e-16 1.30815e-15 0)
(-3.06496e-18 5.1523e-16 0)
(-4.84374e-18 -4.02975e-16 0)
(-2.56717e-16 -9.92955e-16 0)
(-6.73836e-16 -1.48473e-15 0)
(-1.27994e-15 -1.8839e-15 0)
(-2.0178e-15 -2.2101e-15 0)
(-2.86454e-15 -2.47497e-15 0)
(-3.8001e-15 -2.68554e-15 0)
(-4.80446e-15 -2.84749e-15 0)
(-5.86001e-15 -2.96507e-15 0)
(-6.95106e-15 -3.04184e-15 0)
(-8.06299e-15 -3.08077e-15 0)
(-9.18264e-15 -3.08475e-15 0)
(-1.02974e-14 -3.05608e-15 0)
(-1.13961e-14 -2.9973e-15 0)
(-1.24679e-14 -2.9104e-15 0)
(-1.35034e-14 -2.79775e-15 0)
(-1.44933e-14 -2.66113e-15 0)
(-1.54296e-14 -2.50282e-15 0)
(-1.63045e-14 -2.32447e-15 0)
(-1.71115e-14 -2.12836e-15 0)
(-1.78443e-14 -1.91601e-15 0)
(-1.84976e-14 -1.68974e-15 0)
(-1.90666e-14 -1.45113e-15 0)
(-1.95482e-14 -1.20328e-15 0)
(-1.99381e-14 -9.49157e-16 0)
(-2.02319e-14 -6.87843e-16 0)
(-2.04279e-14 -4.1673e-16 0)
(-2.05264e-14 -1.38898e-16 0)
(-2.05261e-14 1.40798e-16 0)
(-2.04273e-14 4.18534e-16 0)
(-2.02306e-14 6.8953e-16 0)
(-1.99364e-14 9.50714e-16 0)
(-1.95459e-14 1.20474e-15 0)
(-1.9064e-14 1.45252e-15 0)
(-1.84944e-14 1.69103e-15 0)
(-1.78408e-14 1.91722e-15 0)
(-1.71076e-14 2.1294e-15 0)
(-1.63003e-14 2.32548e-15 0)
(-1.54252e-14 2.50356e-15 0)
(-1.44887e-14 2.66181e-15 0)
(-1.34986e-14 2.79819e-15 0)
(-1.24631e-14 2.9107e-15 0)
(-1.13914e-14 2.99729e-15 0)
(-1.02927e-14 3.05592e-15 0)
(-9.17818e-15 3.08424e-15 0)
(-8.0588e-15 3.0801e-15 0)
(-6.94731e-15 3.0408e-15 0)
(-5.85654e-15 2.96389e-15 0)
(-4.80157e-15 2.84594e-15 0)
(-3.79786e-15 2.68394e-15 0)
(-2.86318e-15 2.47317e-15 0)
(-2.01667e-15 2.20825e-15 0)
(-1.27937e-15 1.88184e-15 0)
(-6.73855e-16 1.48347e-15 0)
(-2.57185e-16 9.91512e-16 0)
(-4.96381e-18 4.02375e-16 0)
(-1.25048e-17 -2.61936e-16 0)
(-3.09626e-16 -6.27521e-16 0)
(-7.77715e-16 -9.31517e-16 0)
(-1.44345e-15 -1.17616e-15 0)
(-2.24897e-15 -1.37623e-15 0)
(-3.16836e-15 -1.53926e-15 0)
(-4.1813e-15 -1.66921e-15 0)
(-5.26684e-15 -1.76944e-15 0)
(-6.40682e-15 -1.84224e-15 0)
(-7.58463e-15 -1.89e-15 0)
(-8.78487e-15 -1.91421e-15 0)
(-9.99322e-15 -1.91692e-15 0)
(-1.11966e-14 -1.89911e-15 0)
(-1.23825e-14 -1.86291e-15 0)
(-1.35399e-14 -1.80886e-15 0)
(-1.46579e-14 -1.73921e-15 0)
(-1.57271e-14 -1.65413e-15 0)
(-1.67383e-14 -1.55617e-15 0)
(-1.76836e-14 -1.44504e-15 0)
(-1.85553e-14 -1.32366e-15 0)
(-1.93471e-14 -1.19136e-15 0)
(-2.00525e-14 -1.05151e-15 0)
(-2.06668e-14 -9.03376e-16 0)
(-2.1186e-14 -7.51097e-16 0)
(-2.16086e-14 -5.9959e-16 0)
(-2.19308e-14 -4.44536e-16 0)
(-2.21498e-14 -2.74004e-16 0)
(-2.22592e-14 -9.23816e-17 0)
(-2.22589e-14 9.36141e-17 0)
(-2.21489e-14 2.75131e-16 0)
(-2.19293e-14 4.45739e-16 0)
(-2.16064e-14 6.00601e-16 0)
(-2.11832e-14 7.52408e-16 0)
(-2.06633e-14 9.04369e-16 0)
(-2.00484e-14 1.05276e-15 0)
(-1.93424e-14 1.19212e-15 0)
(-1.85503e-14 1.32475e-15 0)
(-1.76781e-14 1.44554e-15 0)
(-1.67325e-14 1.55697e-15 0)
(-1.57209e-14 1.65431e-15 0)
(-1.46517e-14 1.73969e-15 0)
(-1.35336e-14 1.80861e-15 0)
(-1.23762e-14 1.86306e-15 0)
(-1.11904e-14 1.89858e-15 0)
(-9.9873e-15 1.9167e-15 0)
(-8.77925e-15 1.91332e-15 0)
(-7.5794e-15 1.88943e-15 0)
(-6.40227e-15 1.84109e-15 0)
(-5.26292e-15 1.76848e-15 0)
(-4.17801e-15 1.66776e-15 0)
(-3.16581e-15 1.53806e-15 0)
(-2.24749e-15 1.37495e-15 0)
(-1.44251e-15 1.17495e-15 0)
(-7.7737e-16 9.30401e-16 0)
(-3.0992e-16 6.26649e-16 0)
(-1.25577e-17 2.61684e-16 0)
(-4.49694e-17 -9.2026e-17 0)
(-3.44492e-16 -2.21812e-16 0)
(-8.71234e-16 -3.29486e-16 0)
(-1.59933e-15 -4.12913e-16 0)
(-2.46963e-15 -4.81103e-16 0)
(-3.46052e-15 -5.37519e-16 0)
(-4.54998e-15 -5.82561e-16 0)
(-5.71653e-15 -6.17307e-16 0)
(-6.94108e-15 -6.42668e-16 0)
(-8.20599e-15 -6.59237e-16 0)
(-9.49491e-15 -6.67727e-16 0)
(-1.07927e-14 -6.68619e-16 0)
(-1.20851e-14 -6.62533e-16 0)
(-1.33591e-14 -6.49823e-16 0)
(-1.46024e-14 -6.31123e-16 0)
(-1.58037e-14 -6.06709e-16 0)
(-1.69525e-14 -5.77248e-16 0)
(-1.80393e-14 -5.42884e-16 0)
(-1.90553e-14 -5.04402e-16 0)
(-1.99926e-14 -4.61849e-16 0)
(-2.08441e-14 -4.16064e-16 0)
(-2.16038e-14 -3.66823e-16 0)
(-2.22666e-14 -3.14124e-16 0)
(-2.28228e-14 -2.48929e-16 0)
(-2.32734e-14 -1.80071e-16 0)
(-2.36194e-14 -1.18009e-16 0)
(-2.38573e-14 -5.94729e-17 0)
(-2.39747e-14 -1.54743e-17 0)
(-2.39743e-14 1.57358e-17 0)
(-2.38561e-14 5.98234e-17 0)
(-2.36175e-14 1.18358e-16 0)
(-2.32708e-14 1.80526e-16 0)
(-2.28195e-14 2.49295e-16 0)
(-2.22626e-14 3.14439e-16 0)
(-2.15992e-14 3.67028e-16 0)
(-2.08389e-14 4.16347e-16 0)
(-1.99869e-14 4.6199e-16 0)
(-1.90492e-14 5.04638e-16 0)
(-1.80329e-14 5.4292e-16 0)
(-1.69458e-14 5.77428e-16 0)
(-1.57967e-14 6.06748e-16 0)
(-1.45953e-14 6.31266e-16 0)
(-1.3352e-14 6.49712e-16 0)
(-1.20782e-14 6.62531e-16 0)
(-1.0786e-14 6.68411e-16 0)
(-9.48856e-15 6.67621e-16 0)
(-8.2001e-15 6.58915e-16 0)
(-6.93572e-15 6.42419e-16 0)
(-5.71186e-15 6.16888e-16 0)
(-4.54613e-15 5.82234e-16 0)
(-3.45748e-15 5.37122e-16 0)
(-2.46728e-15 4.80739e-16 0)
(-1.59782e-15 4.12522e-16 0)
(-8.70556e-16 3.29153e-16 0)
(-3.44348e-16 2.21726e-16 0)
(-4.50061e-17 9.20082e-17 0)
)
;

boundaryField
{
    top
    {
        type            slip;
    }
    bottom
    {
        type            slip;
    }
    rotatingWall
    {
        type            rotatingWallVelocity;
        origin          (0 0 0);
        axis            (0 1 0);
        omega           constant 1140;
        value           uniform (0 0 0);
    }
    wall
    {
        type            rotatingWallVelocity;
        origin          (0 0 0);
        axis            (0 1 0);
        omega           constant 0;
        value           uniform (0 -0 -0);
    }
    frontAndBack
    {
        type            empty;
    }
}


// ************************************************************************* //
