/*--------------------------------*- C++ -*----------------------------------*\
| =========                 |                                                 |
| \\      /  F ield         | OpenFOAM: The Open Source CFD Toolbox           |
|  \\    /   O peration     | Version:  5.0                                   |
|   \\  /    A nd           | Web:      www.OpenFOAM.org                      |
|    \\/     M anipulation  |                                                 |
\*---------------------------------------------------------------------------*/
FoamFile
{
    version     2.0;
    format      ascii;
    class       volVectorField;
    location    "288";
    object      U;
}
// * * * * * * * * * * * * * * * * * * * * * * * * * * * * * * * * * * * * * //

dimensions      [0 1 -1 0 0 0 0];

internalField   nonuniform List<vector> 
1568
(
(2.57966e-15 -2.64018e-14 0)
(6.00677e-14 -4.87064e-14 0)
(1.94468e-13 -9.00706e-14 0)
(3.82025e-13 -1.03978e-13 0)
(5.87277e-13 -1.12646e-13 0)
(8.26754e-13 -1.33801e-13 0)
(1.09623e-12 -1.43087e-13 0)
(1.37953e-12 -1.50088e-13 0)
(1.67739e-12 -1.57398e-13 0)
(1.9865e-12 -1.61442e-13 0)
(2.30091e-12 -1.63296e-13 0)
(2.6172e-12 -1.63571e-13 0)
(2.9325e-12 -1.62058e-13 0)
(3.24337e-12 -1.58902e-13 0)
(3.54671e-12 -1.54435e-13 0)
(3.83989e-12 -1.48501e-13 0)
(4.12029e-12 -1.41287e-13 0)
(4.38558e-12 -1.32972e-13 0)
(4.63361e-12 -1.23589e-13 0)
(4.86246e-12 -1.13219e-13 0)
(5.07035e-12 -1.01956e-13 0)
(5.25588e-12 -9.00166e-14 0)
(5.41781e-12 -7.70616e-14 0)
(5.55372e-12 -6.11388e-14 0)
(5.66374e-12 -4.41379e-14 0)
(5.74822e-12 -2.9073e-14 0)
(5.80637e-12 -1.45423e-14 0)
(5.83516e-12 -3.85739e-15 0)
(5.83505e-12 3.99059e-15 0)
(5.80622e-12 1.44521e-14 0)
(5.74813e-12 2.89289e-14 0)
(5.66371e-12 4.39376e-14 0)
(5.55365e-12 6.10656e-14 0)
(5.41782e-12 7.69001e-14 0)
(5.25611e-12 8.9949e-14 0)
(5.07091e-12 1.01748e-13 0)
(4.86329e-12 1.1312e-13 0)
(4.63474e-12 1.23333e-13 0)
(4.38715e-12 1.32861e-13 0)
(4.12219e-12 1.41168e-13 0)
(3.84208e-12 1.4839e-13 0)
(3.54935e-12 1.54153e-13 0)
(3.24648e-12 1.58732e-13 0)
(2.9361e-12 1.61779e-13 0)
(2.62133e-12 1.63284e-13 0)
(2.30542e-12 1.62926e-13 0)
(1.99182e-12 1.60849e-13 0)
(1.68422e-12 1.5672e-13 0)
(1.38657e-12 1.50594e-13 0)
(1.10303e-12 1.41865e-13 0)
(8.38504e-13 1.30731e-13 0)
(5.97997e-13 1.17445e-13 0)
(3.87809e-13 9.97298e-14 0)
(2.10785e-13 8.14219e-14 0)
(8.27225e-14 5.35654e-14 0)
(1.10337e-14 2.22363e-14 0)
(5.89128e-15 -7.56655e-14 0)
(6.344e-14 -1.57239e-13 0)
(1.83657e-13 -2.27364e-13 0)
(3.3355e-13 -2.82189e-13 0)
(5.38453e-13 -3.36831e-13 0)
(7.62813e-13 -3.75159e-13 0)
(1.00682e-12 -4.06511e-13 0)
(1.27263e-12 -4.31199e-13 0)
(1.55082e-12 -4.48894e-13 0)
(1.83755e-12 -4.60571e-13 0)
(2.12994e-12 -4.66374e-13 0)
(2.42508e-12 -4.67186e-13 0)
(2.7187e-12 -4.63134e-13 0)
(3.0079e-12 -4.54316e-13 0)
(3.29043e-12 -4.4109e-13 0)
(3.56333e-12 -4.24145e-13 0)
(3.82429e-12 -4.03456e-13 0)
(4.0712e-12 -3.79489e-13 0)
(4.30205e-12 -3.52408e-13 0)
(4.51496e-12 -3.2277e-13 0)
(4.70832e-12 -2.90599e-13 0)
(4.88062e-12 -2.5641e-13 0)
(5.03072e-12 -2.20383e-13 0)
(5.15754e-12 -1.83253e-13 0)
(5.26088e-12 -1.46376e-13 0)
(5.33971e-12 -1.08433e-13 0)
(5.39331e-12 -6.69878e-14 0)
(5.42001e-12 -2.26066e-14 0)
(5.42012e-12 2.27e-14 0)
(5.39342e-12 6.72568e-14 0)
(5.33975e-12 1.08719e-13 0)
(5.26083e-12 1.46515e-13 0)
(5.1577e-12 1.83148e-13 0)
(5.03114e-12 2.2011e-13 0)
(4.88122e-12 2.56045e-13 0)
(4.70896e-12 2.90191e-13 0)
(4.51585e-12 3.22408e-13 0)
(4.3033e-12 3.5193e-13 0)
(4.07262e-12 3.78932e-13 0)
(3.82617e-12 4.02859e-13 0)
(3.5657e-12 4.23589e-13 0)
(3.29309e-12 4.40522e-13 0)
(3.01101e-12 4.53708e-13 0)
(2.72218e-12 4.62331e-13 0)
(2.42912e-12 4.66487e-13 0)
(2.13494e-12 4.65643e-13 0)
(1.84277e-12 4.59597e-13 0)
(1.55613e-12 4.47741e-13 0)
(1.27871e-12 4.298e-13 0)
(1.01496e-12 4.05577e-13 0)
(7.6886e-13 3.74086e-13 0)
(5.44798e-13 3.33108e-13 0)
(3.48709e-13 2.85332e-13 0)
(1.8906e-13 2.2549e-13 0)
(7.53629e-14 1.51221e-13 0)
(3.47224e-15 6.38883e-14 0)
(-1.69724e-15 -1.03664e-13 0)
(5.48091e-14 -2.39479e-13 0)
(1.55637e-13 -3.66867e-13 0)
(3.09438e-13 -4.61085e-13 0)
(4.80673e-13 -5.39328e-13 0)
(6.88367e-13 -6.06572e-13 0)
(9.18148e-13 -6.56224e-13 0)
(1.16174e-12 -6.95823e-13 0)
(1.41835e-12 -7.24896e-13 0)
(1.68519e-12 -7.43588e-13 0)
(1.95643e-12 -7.53047e-13 0)
(2.22897e-12 -7.54116e-13 0)
(2.50103e-12 -7.47278e-13 0)
(2.76935e-12 -7.32907e-13 0)
(3.03083e-12 -7.11877e-13 0)
(3.28354e-12 -6.84393e-13 0)
(3.52529e-12 -6.51083e-13 0)
(3.7539e-12 -6.12414e-13 0)
(3.96751e-12 -5.68883e-13 0)
(4.16457e-12 -5.20888e-13 0)
(4.34358e-12 -4.68987e-13 0)
(4.50317e-12 -4.13593e-13 0)
(4.64216e-12 -3.5521e-13 0)
(4.75986e-12 -2.94536e-13 0)
(4.85517e-12 -2.32334e-13 0)
(4.92695e-12 -1.68434e-13 0)
(4.97495e-12 -1.021e-13 0)
(4.99912e-12 -3.41649e-14 0)
(4.99904e-12 3.43887e-14 0)
(4.97487e-12 1.02316e-13 0)
(4.927e-12 1.68824e-13 0)
(4.85536e-12 2.32716e-13 0)
(4.76007e-12 2.95055e-13 0)
(4.64242e-12 3.55545e-13 0)
(4.50355e-12 4.13929e-13 0)
(4.34423e-12 4.69016e-13 0)
(4.16539e-12 5.20927e-13 0)
(3.9685e-12 5.68599e-13 0)
(3.75524e-12 6.12007e-13 0)
(3.52686e-12 6.50437e-13 0)
(3.28537e-12 6.83579e-13 0)
(3.0331e-12 7.108e-13 0)
(2.77193e-12 7.31827e-13 0)
(2.50413e-12 7.4593e-13 0)
(2.2326e-12 7.52756e-13 0)
(1.95997e-12 7.51578e-13 0)
(1.68922e-12 7.41846e-13 0)
(1.42363e-12 7.22909e-13 0)
(1.16697e-12 6.9422e-13 0)
(9.22691e-13 6.54161e-13 0)
(6.9433e-13 6.02661e-13 0)
(4.89526e-13 5.38743e-13 0)
(3.11256e-13 4.57994e-13 0)
(1.6232e-13 3.60546e-13 0)
(6.19566e-14 2.40828e-13 0)
(1.00598e-15 9.81811e-14 0)
(-3.0719e-15 -1.24104e-13 0)
(5.62317e-14 -3.24563e-13 0)
(1.40589e-13 -4.78029e-13 0)
(2.68848e-13 -6.1792e-13 0)
(4.33326e-13 -7.25602e-13 0)
(6.20981e-13 -8.12398e-13 0)
(8.29134e-13 -8.82625e-13 0)
(1.05251e-12 -9.37191e-13 0)
(1.28904e-12 -9.75922e-13 0)
(1.53351e-12 -1.00109e-12 0)
(1.78242e-12 -1.01448e-12 0)
(2.0338e-12 -1.01586e-12 0)
(2.28416e-12 -1.00638e-12 0)
(2.53053e-12 -9.8721e-13 0)
(2.77119e-12 -9.58748e-13 0)
(3.00376e-12 -9.21602e-13 0)
(3.22598e-12 -8.76754e-13 0)
(3.43619e-12 -8.24597e-13 0)
(3.63275e-12 -7.65948e-13 0)
(3.81399e-12 -7.01294e-13 0)
(3.97856e-12 -6.31434e-13 0)
(4.12527e-12 -5.56856e-13 0)
(4.25312e-12 -4.78408e-13 0)
(4.36115e-12 -3.96542e-13 0)
(4.4484e-12 -3.12362e-13 0)
(4.51393e-12 -2.2554e-13 0)
(4.55745e-12 -1.36422e-13 0)
(4.5792e-12 -4.54585e-14 0)
(4.57925e-12 4.58116e-14 0)
(4.55763e-12 1.36847e-13 0)
(4.51405e-12 2.25978e-13 0)
(4.44847e-12 3.12819e-13 0)
(4.36132e-12 3.96919e-13 0)
(4.25341e-12 4.78722e-13 0)
(4.12558e-12 5.57006e-13 0)
(3.97886e-12 6.31484e-13 0)
(3.81446e-12 7.01017e-13 0)
(3.63338e-12 7.65594e-13 0)
(3.43698e-12 8.23991e-13 0)
(3.22704e-12 8.75923e-13 0)
(3.00513e-12 9.20592e-13 0)
(2.77284e-12 9.57585e-13 0)
(2.53244e-12 9.85799e-13 0)
(2.28624e-12 1.00507e-12 0)
(2.0364e-12 1.0142e-12 0)
(1.78553e-12 1.01269e-12 0)
(1.53652e-12 9.99606e-13 0)
(1.2926e-12 9.73985e-13 0)
(1.05629e-12 9.34629e-13 0)
(8.32404e-13 8.8097e-13 0)
(6.25676e-13 8.10741e-13 0)
(4.3651e-13 7.22167e-13 0)
(2.72998e-13 6.13119e-13 0)
(1.44334e-13 4.80624e-13 0)
(5.3904e-14 3.16606e-13 0)
(1.19512e-15 1.25973e-13 0)
(3.58554e-15 -1.49296e-13 0)
(4.36057e-14 -3.82918e-13 0)
(1.24732e-13 -5.89292e-13 0)
(2.40774e-13 -7.52544e-13 0)
(3.85853e-13 -8.89769e-13 0)
(5.54753e-13 -1.00011e-12 0)
(7.42788e-13 -1.08831e-12 0)
(9.45488e-13 -1.15575e-12 0)
(1.16046e-12 -1.2044e-12 0)
(1.38298e-12 -1.23645e-12 0)
(1.6098e-12 -1.25274e-12 0)
(1.83865e-12 -1.25457e-12 0)
(2.0666e-12 -1.24323e-12 0)
(2.29143e-12 -1.21945e-12 0)
(2.51089e-12 -1.18403e-12 0)
(2.72278e-12 -1.13828e-12 0)
(2.92544e-12 -1.08266e-12 0)
(3.11712e-12 -1.01819e-12 0)
(3.29617e-12 -9.45571e-13 0)
(3.46132e-12 -8.65811e-13 0)
(3.61131e-12 -7.79432e-13 0)
(3.74499e-12 -6.87437e-13 0)
(3.86138e-12 -5.90453e-13 0)
(3.95961e-12 -4.89486e-13 0)
(4.03886e-12 -3.84972e-13 0)
(4.09846e-12 -2.77661e-13 0)
(4.13813e-12 -1.67621e-13 0)
(4.15796e-12 -5.58948e-14 0)
(4.15794e-12 5.65141e-14 0)
(4.13808e-12 1.68154e-13 0)
(4.09848e-12 2.78048e-13 0)
(4.03894e-12 3.853e-13 0)
(3.95964e-12 4.89652e-13 0)
(3.86135e-12 5.90478e-13 0)
(3.745e-12 6.87213e-13 0)
(3.61138e-12 7.79085e-13 0)
(3.4615e-12 8.65313e-13 0)
(3.29651e-12 9.4488e-13 0)
(3.11755e-12 1.01733e-12 0)
(2.92603e-12 1.08165e-12 0)
(2.72356e-12 1.13708e-12 0)
(2.51186e-12 1.18269e-12 0)
(2.29279e-12 1.21798e-12 0)
(2.06819e-12 1.24165e-12 0)
(1.84034e-12 1.25303e-12 0)
(1.61186e-12 1.25104e-12 0)
(1.38499e-12 1.23467e-12 0)
(1.16258e-12 1.20268e-12 0)
(9.48635e-13 1.15396e-12 0)
(7.45575e-13 1.08658e-12 0)
(5.55929e-13 9.98483e-13 0)
(3.87988e-13 8.88291e-13 0)
(2.44524e-13 7.52336e-13 0)
(1.24025e-13 5.85356e-13 0)
(4.53572e-14 3.83866e-13 0)
(3.89797e-16 1.49753e-13 0)
(-2.48022e-16 -1.7132e-13 0)
(3.94316e-14 -4.41945e-13 0)
(1.08614e-13 -6.8011e-13 0)
(2.12314e-13 -8.76539e-13 0)
(3.40346e-13 -1.03862e-12 0)
(4.91055e-13 -1.16975e-12 0)
(6.58853e-13 -1.27465e-12 0)
(8.40748e-13 -1.35462e-12 0)
(1.03365e-12 -1.41234e-12 0)
(1.23341e-12 -1.45051e-12 0)
(1.4375e-12 -1.47008e-12 0)
(1.64364e-12 -1.47252e-12 0)
(1.84914e-12 -1.45914e-12 0)
(2.05175e-12 -1.43115e-12 0)
(2.24947e-12 -1.38979e-12 0)
(2.44052e-12 -1.33594e-12 0)
(2.62321e-12 -1.27062e-12 0)
(2.79595e-12 -1.19493e-12 0)
(2.95733e-12 -1.10976e-12 0)
(3.10614e-12 -1.01597e-12 0)
(3.24127e-12 -9.14601e-13 0)
(3.36163e-12 -8.06535e-13 0)
(3.46637e-12 -6.92673e-13 0)
(3.55478e-12 -5.73892e-13 0)
(3.62607e-12 -4.51034e-13 0)
(3.67971e-12 -3.24798e-13 0)
(3.71555e-12 -1.95911e-13 0)
(3.73344e-12 -6.52905e-14 0)
(3.7334e-12 6.58772e-14 0)
(3.71545e-12 1.96524e-13 0)
(3.67959e-12 3.25391e-13 0)
(3.62588e-12 4.51494e-13 0)
(3.55459e-12 5.74201e-13 0)
(3.46619e-12 6.92847e-13 0)
(3.36144e-12 8.06566e-13 0)
(3.2411e-12 9.14448e-13 0)
(3.106e-12 1.01563e-12 0)
(2.95723e-12 1.10915e-12 0)
(2.79593e-12 1.19409e-12 0)
(2.62333e-12 1.26958e-12 0)
(2.44081e-12 1.33467e-12 0)
(2.24994e-12 1.38837e-12 0)
(2.05234e-12 1.42962e-12 0)
(1.84989e-12 1.45739e-12 0)
(1.64467e-12 1.47067e-12 0)
(1.43872e-12 1.46823e-12 0)
(1.23455e-12 1.44869e-12 0)
(1.03514e-12 1.41074e-12 0)
(8.42241e-13 1.35276e-12 0)
(6.59781e-13 1.27264e-12 0)
(4.93261e-13 1.16857e-12 0)
(3.41952e-13 1.0375e-12 0)
(2.10859e-13 8.75477e-13 0)
(1.10512e-13 6.79375e-13 0)
(4.13426e-14 4.43287e-13 0)
(6.02456e-16 1.70387e-13 0)
(-4.40226e-16 -1.87599e-13 0)
(3.52113e-14 -4.94729e-13 0)
(9.48623e-14 -7.60886e-13 0)
(1.84758e-13 -9.84873e-13 0)
(2.97251e-13 -1.16937e-12 0)
(4.28945e-13 -1.31972e-12 0)
(5.7671e-13 -1.43948e-12 0)
(7.37779e-13 -1.5311e-12 0)
(9.08215e-13 -1.59769e-12 0)
(1.08497e-12 -1.64158e-12 0)
(1.26609e-12 -1.66401e-12 0)
(1.44909e-12 -1.66693e-12 0)
(1.63148e-12 -1.65197e-12 0)
(1.81137e-12 -1.62045e-12 0)
(1.98707e-12 -1.5736e-12 0)
(2.15687e-12 -1.51259e-12 0)
(2.31916e-12 -1.43869e-12 0)
(2.47261e-12 -1.35294e-12 0)
(2.61603e-12 -1.25645e-12 0)
(2.74826e-12 -1.15025e-12 0)
(2.86823e-12 -1.03543e-12 0)
(2.97513e-12 -9.12996e-13 0)
(3.06815e-12 -7.83947e-13 0)
(3.14656e-12 -6.49292e-13 0)
(3.20981e-12 -5.10057e-13 0)
(3.25746e-12 -3.67034e-13 0)
(3.28927e-12 -2.21231e-13 0)
(3.30517e-12 -7.36939e-14 0)
(3.30517e-12 7.44359e-14 0)
(3.28921e-12 2.21941e-13 0)
(3.25732e-12 3.67681e-13 0)
(3.2096e-12 5.10614e-13 0)
(3.14628e-12 6.49743e-13 0)
(3.06779e-12 7.84199e-13 0)
(2.97472e-12 9.13056e-13 0)
(2.86778e-12 1.03525e-12 0)
(2.74776e-12 1.14983e-12 0)
(2.61556e-12 1.25583e-12 0)
(2.47219e-12 1.35212e-12 0)
(2.31879e-12 1.43767e-12 0)
(2.15659e-12 1.5114e-12 0)
(1.98695e-12 1.57221e-12 0)
(1.81141e-12 1.61892e-12 0)
(1.6316e-12 1.65041e-12 0)
(1.44933e-12 1.66531e-12 0)
(1.26666e-12 1.66227e-12 0)
(1.08554e-12 1.63984e-12 0)
(9.08429e-13 1.59625e-12 0)
(7.38469e-13 1.52962e-12 0)
(5.77961e-13 1.4382e-12 0)
(4.28682e-13 1.31878e-12 0)
(2.97099e-13 1.16843e-12 0)
(1.8648e-13 9.84698e-13 0)
(9.41053e-14 7.61653e-13 0)
(3.35316e-14 4.93861e-13 0)
(6.09598e-16 1.88632e-13 0)
(7.14864e-16 -2.02802e-13 0)
(2.99134e-14 -5.38098e-13 0)
(8.1263e-14 -8.31325e-13 0)
(1.58054e-13 -1.07822e-12 0)
(2.54863e-13 -1.28306e-12 0)
(3.68771e-13 -1.45015e-12 0)
(4.968e-13 -1.58303e-12 0)
(6.36222e-13 -1.68535e-12 0)
(7.83965e-13 -1.75995e-12 0)
(9.37773e-13 -1.80878e-12 0)
(1.09558e-12 -1.834e-12 0)
(1.25486e-12 -1.83766e-12 0)
(1.41373e-12 -1.8214e-12 0)
(1.57061e-12 -1.78673e-12 0)
(1.72384e-12 -1.73505e-12 0)
(1.87187e-12 -1.66781e-12 0)
(2.01341e-12 -1.58629e-12 0)
(2.14728e-12 -1.49167e-12 0)
(2.27235e-12 -1.38518e-12 0)
(2.38763e-12 -1.26805e-12 0)
(2.49226e-12 -1.14139e-12 0)
(2.58546e-12 -1.00629e-12 0)
(2.66652e-12 -8.63969e-13 0)
(2.73483e-12 -7.15457e-13 0)
(2.78996e-12 -5.61827e-13 0)
(2.83152e-12 -4.04152e-13 0)
(2.85929e-12 -2.43505e-13 0)
(2.87316e-12 -8.10215e-14 0)
(2.87309e-12 8.2049e-14 0)
(2.85911e-12 2.44442e-13 0)
(2.83127e-12 4.04971e-13 0)
(2.7896e-12 5.62481e-13 0)
(2.73436e-12 7.15926e-13 0)
(2.66595e-12 8.64227e-13 0)
(2.58482e-12 1.00633e-12 0)
(2.49156e-12 1.14118e-12 0)
(2.38691e-12 1.26762e-12 0)
(2.27163e-12 1.38455e-12 0)
(2.14657e-12 1.49081e-12 0)
(2.01274e-12 1.58523e-12 0)
(1.87124e-12 1.6666e-12 0)
(1.72328e-12 1.73369e-12 0)
(1.57019e-12 1.78522e-12 0)
(1.4134e-12 1.81981e-12 0)
(1.25454e-12 1.83605e-12 0)
(1.09535e-12 1.83239e-12 0)
(9.3773e-13 1.80712e-12 0)
(7.84082e-13 1.75845e-12 0)
(6.36108e-13 1.68429e-12 0)
(4.9642e-13 1.58199e-12 0)
(3.69438e-13 1.44917e-12 0)
(2.55414e-13 1.28295e-12 0)
(1.56703e-13 1.07815e-12 0)
(8.12804e-14 8.31397e-13 0)
(3.03728e-14 5.38623e-13 0)
(2.23853e-16 2.03894e-13 0)
(1.70262e-16 -2.16462e-13 0)
(2.51185e-14 -5.75604e-13 0)
(6.79352e-14 -8.91661e-13 0)
(1.32416e-13 -1.15836e-12 0)
(2.14067e-13 -1.38022e-12 0)
(3.10166e-13 -1.56172e-12 0)
(4.18181e-13 -1.7067e-12 0)
(5.35965e-13 -1.81849e-12 0)
(6.61277e-13 -1.89982e-12 0)
(7.91827e-13 -1.9531e-12 0)
(9.25691e-13 -1.98094e-12 0)
(1.06105e-12 -1.98529e-12 0)
(1.19617e-12 -1.96791e-12 0)
(1.32959e-12 -1.93054e-12 0)
(1.45993e-12 -1.87482e-12 0)
(1.58588e-12 -1.80217e-12 0)
(1.70634e-12 -1.71404e-12 0)
(1.82025e-12 -1.61176e-12 0)
(1.92664e-12 -1.49668e-12 0)
(2.02471e-12 -1.37002e-12 0)
(2.11374e-12 -1.23309e-12 0)
(2.19298e-12 -1.08708e-12 0)
(2.2619e-12 -9.33215e-13 0)
(2.32003e-12 -7.72666e-13 0)
(2.36691e-12 -6.06623e-13 0)
(2.40226e-12 -4.36272e-13 0)
(2.4259e-12 -2.62799e-13 0)
(2.43771e-12 -8.74279e-14 0)
(2.43763e-12 8.85635e-14 0)
(2.42567e-12 2.63929e-13 0)
(2.4019e-12 4.37331e-13 0)
(2.36642e-12 6.07547e-13 0)
(2.31943e-12 7.73422e-13 0)
(2.26119e-12 9.33766e-13 0)
(2.19217e-12 1.0874e-12 0)
(2.11285e-12 1.23317e-12 0)
(2.02378e-12 1.36987e-12 0)
(1.92565e-12 1.49623e-12 0)
(1.81923e-12 1.61105e-12 0)
(1.70533e-12 1.71307e-12 0)
(1.58491e-12 1.80098e-12 0)
(1.459e-12 1.87342e-12 0)
(1.32874e-12 1.92899e-12 0)
(1.19536e-12 1.96621e-12 0)
(1.06031e-12 1.98353e-12 0)
(9.25107e-13 1.97923e-12 0)
(7.91267e-13 1.95145e-12 0)
(6.60714e-13 1.89816e-12 0)
(5.35639e-13 1.81709e-12 0)
(4.17997e-13 1.70577e-12 0)
(3.09366e-13 1.56112e-12 0)
(2.13511e-13 1.3794e-12 0)
(1.33354e-13 1.15809e-12 0)
(6.7499e-14 8.9197e-13 0)
(2.40222e-14 5.75201e-13 0)
(3.62679e-16 2.16962e-13 0)
(-1.17555e-16 -2.27292e-13 0)
(2.03957e-14 -6.06372e-13 0)
(5.50319e-14 -9.41044e-13 0)
(1.0766e-13 -1.2242e-12 0)
(1.74202e-13 -1.46072e-12 0)
(2.52438e-13 -1.65455e-12 0)
(3.40573e-13 -1.80971e-12 0)
(4.37059e-13 -1.9293e-12 0)
(5.39827e-13 -2.0163e-12 0)
(6.46851e-13 -2.07366e-12 0)
(7.56674e-13 -2.10378e-12 0)
(8.67808e-13 -2.10863e-12 0)
(9.78818e-13 -2.09039e-12 0)
(1.08845e-12 -2.05087e-12 0)
(1.19558e-12 -1.99175e-12 0)
(1.29912e-12 -1.9146e-12 0)
(1.39814e-12 -1.82096e-12 0)
(1.49177e-12 -1.7123e-12 0)
(1.57927e-12 -1.59e-12 0)
(1.6599e-12 -1.45541e-12 0)
(1.73304e-12 -1.30987e-12 0)
(1.79819e-12 -1.15471e-12 0)
(1.85485e-12 -9.91168e-13 0)
(1.90259e-12 -8.20571e-13 0)
(1.94111e-12 -6.44164e-13 0)
(1.97015e-12 -4.63199e-13 0)
(1.98957e-12 -2.78946e-13 0)
(1.99927e-12 -9.27277e-14 0)
(1.99922e-12 9.41281e-14 0)
(1.98938e-12 2.80292e-13 0)
(1.96979e-12 4.64438e-13 0)
(1.94057e-12 6.45286e-13 0)
(1.9019e-12 8.21525e-13 0)
(1.85401e-12 9.91918e-13 0)
(1.79724e-12 1.15521e-12 0)
(1.73199e-12 1.31011e-12 0)
(1.65874e-12 1.45536e-12 0)
(1.57804e-12 1.58967e-12 0)
(1.49052e-12 1.71169e-12 0)
(1.39686e-12 1.8201e-12 0)
(1.29784e-12 1.9135e-12 0)
(1.19431e-12 1.99042e-12 0)
(1.08724e-12 2.04937e-12 0)
(9.77654e-13 2.08876e-12 0)
(8.66728e-13 2.10694e-12 0)
(7.55672e-13 2.10203e-12 0)
(6.45848e-13 2.07201e-12 0)
(5.39071e-13 2.0148e-12 0)
(4.36475e-13 1.92793e-12 0)
(3.39776e-13 1.80851e-12 0)
(2.52063e-13 1.65382e-12 0)
(1.74117e-13 1.46067e-12 0)
(1.06822e-13 1.22403e-12 0)
(5.48719e-14 9.40588e-13 0)
(2.0389e-14 6.06632e-13 0)
(1.9796e-16 2.27576e-13 0)
(6.33101e-18 -2.35824e-13 0)
(1.58626e-14 -6.30876e-13 0)
(4.26543e-14 -9.80242e-13 0)
(8.32641e-14 -1.27681e-12 0)
(1.34843e-13 -1.525e-12 0)
(1.95662e-13 -1.7287e-12 0)
(2.64163e-13 -1.8918e-12 0)
(3.39391e-13 -2.01769e-12 0)
(4.19399e-13 -2.1095e-12 0)
(5.02649e-13 -2.17014e-12 0)
(5.88374e-13 -2.2021e-12 0)
(6.75106e-13 -2.20751e-12 0)
(7.6169e-13 -2.18857e-12 0)
(8.47257e-13 -2.14735e-12 0)
(9.3092e-13 -2.08551e-12 0)
(1.01178e-12 -2.00477e-12 0)
(1.08909e-12 -1.90671e-12 0)
(1.16221e-12 -1.7929e-12 0)
(1.23051e-12 -1.66478e-12 0)
(1.29348e-12 -1.52384e-12 0)
(1.3506e-12 -1.3714e-12 0)
(1.40145e-12 -1.20889e-12 0)
(1.44566e-12 -1.03763e-12 0)
(1.48292e-12 -8.58974e-13 0)
(1.513e-12 -6.74222e-13 0)
(1.53569e-12 -4.84748e-13 0)
(1.55086e-12 -2.91861e-13 0)
(1.55841e-12 -9.69551e-14 0)
(1.55831e-12 9.86257e-14 0)
(1.55057e-12 2.93467e-13 0)
(1.53524e-12 4.8623e-13 0)
(1.51241e-12 6.75537e-13 0)
(1.48217e-12 8.60074e-13 0)
(1.44474e-12 1.0385e-12 0)
(1.40038e-12 1.2095e-12 0)
(1.3494e-12 1.37176e-12 0)
(1.29219e-12 1.52389e-12 0)
(1.22915e-12 1.66456e-12 0)
(1.16078e-12 1.79238e-12 0)
(1.08763e-12 1.90592e-12 0)
(1.01028e-12 2.0037e-12 0)
(9.29425e-13 2.08423e-12 0)
(8.45814e-13 2.14588e-12 0)
(7.60265e-13 2.18697e-12 0)
(6.73697e-13 2.2058e-12 0)
(5.87146e-13 2.20035e-12 0)
(5.01535e-13 2.16849e-12 0)
(4.18213e-13 2.10796e-12 0)
(3.38407e-13 2.01625e-12 0)
(2.6365e-13 1.89072e-12 0)
(1.951e-13 1.72779e-12 0)
(1.34096e-13 1.52412e-12 0)
(8.33298e-14 1.27662e-12 0)
(4.26257e-14 9.80538e-13 0)
(1.5069e-14 6.30359e-13 0)
(3.02491e-16 2.36196e-13 0)
(-7.74591e-17 -2.42278e-13 0)
(1.13466e-14 -6.49251e-13 0)
(3.03727e-14 -1.00976e-12 0)
(5.93133e-14 -1.31637e-12 0)
(9.62585e-14 -1.57314e-12 0)
(1.39733e-13 -1.78423e-12 0)
(1.88653e-13 -1.95341e-12 0)
(2.42429e-13 -2.08417e-12 0)
(2.99681e-13 -2.17971e-12 0)
(3.59256e-13 -2.24282e-12 0)
(4.2073e-13 -2.27616e-12 0)
(4.82698e-13 -2.28201e-12 0)
(5.44846e-13 -2.2626e-12 0)
(6.06114e-13 -2.22008e-12 0)
(6.66071e-13 -2.1562e-12 0)
(7.24011e-13 -2.07272e-12 0)
(7.79414e-13 -1.97134e-12 0)
(8.31808e-13 -1.85364e-12 0)
(8.80745e-13 -1.72117e-12 0)
(9.25846e-13 -1.57538e-12 0)
(9.66762e-13 -1.41777e-12 0)
(1.00318e-12 -1.24969e-12 0)
(1.03486e-12 -1.07259e-12 0)
(1.06157e-12 -8.87838e-13 0)
(1.0831e-12 -6.96836e-13 0)
(1.09933e-12 -5.00948e-13 0)
(1.11016e-12 -3.01587e-13 0)
(1.11555e-12 -1.00123e-13 0)
(1.11547e-12 1.02006e-13 0)
(1.1099e-12 3.03399e-13 0)
(1.09885e-12 5.02668e-13 0)
(1.08242e-12 6.98391e-13 0)
(1.06072e-12 8.89195e-13 0)
(1.03387e-12 1.07371e-12 0)
(1.00207e-12 1.25053e-12 0)
(9.65504e-13 1.41831e-12 0)
(9.24456e-13 1.57564e-12 0)
(8.79266e-13 1.7211e-12 0)
(8.30248e-13 1.85326e-12 0)
(7.77795e-13 1.97064e-12 0)
(7.22355e-13 2.07172e-12 0)
(6.64412e-13 2.15495e-12 0)
(6.04478e-13 2.21862e-12 0)
(5.43215e-13 2.26095e-12 0)
(4.81119e-13 2.28024e-12 0)
(4.19311e-13 2.27436e-12 0)
(3.57862e-13 2.24098e-12 0)
(2.98436e-13 2.17802e-12 0)
(2.41548e-13 2.0827e-12 0)
(1.87607e-13 1.95197e-12 0)
(1.38813e-13 1.7831e-12 0)
(9.6277e-14 1.57255e-12 0)
(5.92482e-14 1.31561e-12 0)
(2.9805e-14 1.00904e-12 0)
(1.09953e-14 6.49164e-13 0)
(-1.42497e-17 2.42317e-13 0)
(-1.39006e-16 -2.46527e-13 0)
(6.94438e-15 -6.61395e-13 0)
(1.83501e-14 -1.02939e-12 0)
(3.57273e-14 -1.34255e-12 0)
(5.80882e-14 -1.6052e-12 0)
(8.42658e-14 -1.82126e-12 0)
(1.13627e-13 -1.9946e-12 0)
(1.46032e-13 -2.12865e-12 0)
(1.8048e-13 -2.2266e-12 0)
(2.16278e-13 -2.29134e-12 0)
(2.53956e-13 -2.32535e-12 0)
(2.90125e-13 -2.33128e-12 0)
(3.28286e-13 -2.31204e-12 0)
(3.65047e-13 -2.2687e-12 0)
(4.01119e-13 -2.20345e-12 0)
(4.35971e-13 -2.11814e-12 0)
(4.69275e-13 -2.01454e-12 0)
(5.00781e-13 -1.89425e-12 0)
(5.3023e-13 -1.75887e-12 0)
(5.5735e-13 -1.60987e-12 0)
(5.81955e-13 -1.44876e-12 0)
(6.03864e-13 -1.27698e-12 0)
(6.22889e-13 -1.09598e-12 0)
(6.3892e-13 -9.07169e-13 0)
(6.51853e-13 -7.11983e-13 0)
(6.61604e-13 -5.11785e-13 0)
(6.68112e-13 -3.08056e-13 0)
(6.71314e-13 -1.0219e-13 0)
(6.71186e-13 1.04341e-13 0)
(6.67785e-13 3.10123e-13 0)
(6.61117e-13 5.13717e-13 0)
(6.51197e-13 7.13737e-13 0)
(6.38094e-13 9.08732e-13 0)
(6.21882e-13 1.0973e-12 0)
(6.0268e-13 1.27803e-12 0)
(5.80644e-13 1.44948e-12 0)
(5.55919e-13 1.61029e-12 0)
(5.28679e-13 1.75895e-12 0)
(4.99149e-13 1.894e-12 0)
(4.67571e-13 2.01395e-12 0)
(4.3421e-13 2.11725e-12 0)
(3.99349e-13 2.20226e-12 0)
(3.63298e-13 2.26728e-12 0)
(3.26538e-13 2.31041e-12 0)
(2.88426e-13 2.3295e-12 0)
(2.52345e-13 2.3235e-12 0)
(2.14858e-13 2.28946e-12 0)
(1.79165e-13 2.22477e-12 0)
(1.44722e-13 2.1269e-12 0)
(1.12822e-13 1.99314e-12 0)
(8.39275e-14 1.82008e-12 0)
(5.71484e-14 1.60388e-12 0)
(3.52398e-14 1.34182e-12 0)
(1.87851e-14 1.02912e-12 0)
(6.43104e-15 6.60731e-13 0)
(3.17058e-16 2.46588e-13 0)
(-8.57879e-17 -2.4867e-13 0)
(2.47746e-15 -6.67521e-13 0)
(6.41912e-15 -1.03922e-12 0)
(1.23396e-14 -1.35575e-12 0)
(2.01218e-14 -1.62133e-12 0)
(2.90735e-14 -1.83989e-12 0)
(3.89081e-14 -2.01525e-12 0)
(4.99686e-14 -2.15088e-12 0)
(6.16088e-14 -2.25004e-12 0)
(7.33248e-14 -2.31565e-12 0)
(8.60749e-14 -2.35041e-12 0)
(9.85439e-14 -2.35707e-12 0)
(1.123e-13 -2.33699e-12 0)
(1.23971e-13 -2.29295e-12 0)
(1.36001e-13 -2.22697e-12 0)
(1.47668e-13 -2.14083e-12 0)
(1.58805e-13 -2.03614e-12 0)
(1.69344e-13 -1.91457e-12 0)
(1.79197e-13 -1.7777e-12 0)
(1.88276e-13 -1.6271e-12 0)
(1.96495e-13 -1.46423e-12 0)
(2.03795e-13 -1.29061e-12 0)
(2.10149e-13 -1.10764e-12 0)
(2.15501e-13 -9.16795e-13 0)
(2.19818e-13 -7.19475e-13 0)
(2.23049e-13 -5.1715e-13 0)
(2.25164e-13 -3.11231e-13 0)
(2.26171e-13 -1.03205e-13 0)
(2.26061e-13 1.05537e-13 0)
(2.2484e-13 3.13534e-13 0)
(2.22527e-13 5.1933e-13 0)
(2.19129e-13 7.21473e-13 0)
(2.14655e-13 9.1856e-13 0)
(2.0916e-13 1.10914e-12 0)
(2.0265e-13 1.29182e-12 0)
(1.95195e-13 1.46515e-12 0)
(1.86848e-13 1.62767e-12 0)
(1.77647e-13 1.77792e-12 0)
(1.67706e-13 1.91443e-12 0)
(1.57087e-13 2.03565e-12 0)
(1.45874e-13 2.14001e-12 0)
(1.34194e-13 2.22586e-12 0)
(1.22183e-13 2.29155e-12 0)
(1.10496e-13 2.33537e-12 0)
(9.67977e-14 2.3553e-12 0)
(8.44457e-14 2.34849e-12 0)
(7.17638e-14 2.31369e-12 0)
(6.01752e-14 2.2481e-12 0)
(4.90272e-14 2.14901e-12 0)
(3.79202e-14 2.01344e-12 0)
(2.7746e-14 1.83836e-12 0)
(2.00492e-14 1.62025e-12 0)
(1.28278e-14 1.35472e-12 0)
(5.53088e-15 1.03825e-12 0)
(1.81016e-15 6.67284e-13 0)
(-4.41813e-17 2.48539e-13 0)
(-1.11133e-16 -2.48798e-13 0)
(-1.75954e-15 -6.67569e-13 0)
(-5.39752e-15 -1.03943e-12 0)
(-1.1031e-14 -1.35601e-12 0)
(-1.77522e-14 -1.62156e-12 0)
(-2.59942e-14 -1.84012e-12 0)
(-3.56259e-14 -2.01543e-12 0)
(-4.59027e-14 -2.15104e-12 0)
(-5.69407e-14 -2.25018e-12 0)
(-6.83993e-14 -2.31578e-12 0)
(-8.06949e-14 -2.35052e-12 0)
(-9.27661e-14 -2.35716e-12 0)
(-1.06254e-13 -2.33706e-12 0)
(-1.17665e-13 -2.29301e-12 0)
(-1.29444e-13 -2.22702e-12 0)
(-1.40917e-13 -2.14086e-12 0)
(-1.51902e-13 -2.03616e-12 0)
(-1.6231e-13 -1.91457e-12 0)
(-1.72062e-13 -1.77769e-12 0)
(-1.8107e-13 -1.62707e-12 0)
(-1.89264e-13 -1.46419e-12 0)
(-1.96552e-13 -1.29051e-12 0)
(-2.02896e-13 -1.10752e-12 0)
(-2.08266e-13 -9.16658e-13 0)
(-2.12615e-13 -7.19341e-13 0)
(-2.15919e-13 -5.1704e-13 0)
(-2.18173e-13 -3.1115e-13 0)
(-2.19364e-13 -1.03111e-13 0)
(-2.19458e-13 1.05621e-13 0)
(-2.18466e-13 3.136e-13 0)
(-2.16406e-13 5.19401e-13 0)
(-2.13269e-13 7.21567e-13 0)
(-2.09075e-13 9.18669e-13 0)
(-2.03862e-13 1.10928e-12 0)
(-1.97646e-13 1.29194e-12 0)
(-1.90496e-13 1.46528e-12 0)
(-1.82456e-13 1.62779e-12 0)
(-1.73562e-13 1.77806e-12 0)
(-1.63908e-13 1.91456e-12 0)
(-1.53576e-13 2.03576e-12 0)
(-1.42657e-13 2.14011e-12 0)
(-1.3123e-13 2.22596e-12 0)
(-1.19439e-13 2.29163e-12 0)
(-1.08017e-13 2.33544e-12 0)
(-9.452e-14 2.35535e-12 0)
(-8.23118e-14 2.34854e-12 0)
(-6.98657e-14 2.31371e-12 0)
(-5.83267e-14 2.24805e-12 0)
(-4.73565e-14 2.14896e-12 0)
(-3.64833e-14 2.01356e-12 0)
(-2.60961e-14 1.83835e-12 0)
(-1.87511e-14 1.61983e-12 0)
(-1.19965e-14 1.35484e-12 0)
(-4.7499e-15 1.03871e-12 0)
(-2.11501e-15 6.66954e-13 0)
(2.3932e-16 2.48571e-13 0)
(-2.79961e-16 -2.4676e-13 0)
(-6.12216e-15 -6.61767e-13 0)
(-1.74039e-14 -1.02993e-12 0)
(-3.44026e-14 -1.34319e-12 0)
(-5.57149e-14 -1.60588e-12 0)
(-8.12175e-14 -1.82192e-12 0)
(-1.10395e-13 -1.99516e-12 0)
(-1.42082e-13 -2.12915e-12 0)
(-1.75974e-13 -2.22702e-12 0)
(-2.11511e-13 -2.2917e-12 0)
(-2.48751e-13 -2.32566e-12 0)
(-2.84532e-13 -2.33154e-12 0)
(-3.22457e-13 -2.31225e-12 0)
(-3.58968e-13 -2.26886e-12 0)
(-3.94792e-13 -2.20357e-12 0)
(-4.29458e-13 -2.11823e-12 0)
(-4.62609e-13 -2.01458e-12 0)
(-4.93988e-13 -1.89426e-12 0)
(-5.23334e-13 -1.75884e-12 0)
(-5.50387e-13 -1.60979e-12 0)
(-5.74925e-13 -1.44864e-12 0)
(-5.96806e-13 -1.27682e-12 0)
(-6.15872e-13 -1.09578e-12 0)
(-6.31941e-13 -9.06919e-13 0)
(-6.44938e-13 -7.11702e-13 0)
(-6.54782e-13 -5.11498e-13 0)
(-6.61386e-13 -3.07789e-13 0)
(-6.64744e-13 -1.01924e-13 0)
(-6.64842e-13 1.04623e-13 0)
(-6.61646e-13 3.10449e-13 0)
(-6.55179e-13 5.14074e-13 0)
(-6.45499e-13 7.14124e-13 0)
(-6.32655e-13 9.09107e-13 0)
(-6.16743e-13 1.0977e-12 0)
(-5.97846e-13 1.27843e-12 0)
(-5.76094e-13 1.4499e-12 0)
(-5.51656e-13 1.61068e-12 0)
(-5.24714e-13 1.75935e-12 0)
(-4.95483e-13 1.89437e-12 0)
(-4.6418e-13 2.01432e-12 0)
(-4.31086e-13 2.11757e-12 0)
(-3.96479e-13 2.20257e-12 0)
(-3.60658e-13 2.26753e-12 0)
(-3.24145e-13 2.31063e-12 0)
(-2.8621e-13 2.32967e-12 0)
(-2.50268e-13 2.32362e-12 0)
(-2.13077e-13 2.28948e-12 0)
(-1.77417e-13 2.22482e-12 0)
(-1.42923e-13 2.12691e-12 0)
(-1.11375e-13 1.99294e-12 0)
(-8.2849e-14 1.81996e-12 0)
(-5.57591e-14 1.60429e-12 0)
(-3.35877e-14 1.34156e-12 0)
(-1.85324e-14 1.02877e-12 0)
(-7.2194e-15 6.61244e-13 0)
(-1.81732e-17 2.46462e-13 0)
(-1.02609e-16 -2.42646e-13 0)
(-1.05332e-14 -6.49784e-13 0)
(-2.92584e-14 -1.01069e-12 0)
(-5.80512e-14 -1.31733e-12 0)
(-9.40115e-14 -1.5742e-12 0)
(-1.36787e-13 -1.78525e-12 0)
(-1.85593e-13 -1.95437e-12 0)
(-2.38705e-13 -2.08506e-12 0)
(-2.95429e-13 -2.18044e-12 0)
(-3.54828e-13 -2.24343e-12 0)
(-4.15918e-13 -2.27672e-12 0)
(-4.77512e-13 -2.28247e-12 0)
(-5.39434e-13 -2.26298e-12 0)
(-6.00475e-13 -2.2204e-12 0)
(-6.60221e-13 -2.15644e-12 0)
(-7.17981e-13 -2.07291e-12 0)
(-7.73233e-13 -1.97145e-12 0)
(-8.25506e-13 -1.85372e-12 0)
(-8.74344e-13 -1.72116e-12 0)
(-9.19379e-13 -1.57534e-12 0)
(-9.60262e-13 -1.41762e-12 0)
(-9.96667e-13 -1.24954e-12 0)
(-1.02832e-12 -1.07234e-12 0)
(-1.05504e-12 -8.87577e-13 0)
(-1.07664e-12 -6.96496e-13 0)
(-1.09297e-12 -5.00595e-13 0)
(-1.10394e-12 -3.01122e-13 0)
(-1.10945e-12 -9.96568e-14 0)
(-1.1095e-12 1.02571e-13 0)
(-1.10411e-12 3.03976e-13 0)
(-1.0933e-12 5.03325e-13 0)
(-1.07714e-12 6.99039e-13 0)
(-1.05569e-12 8.89924e-13 0)
(-1.02908e-12 1.0744e-12 0)
(-9.97528e-13 1.25131e-12 0)
(-9.61244e-13 1.41904e-12 0)
(-9.20488e-13 1.5764e-12 0)
(-8.7557e-13 1.7218e-12 0)
(-8.2681e-13 1.85398e-12 0)
(-7.74621e-13 1.97128e-12 0)
(-7.19447e-13 2.07237e-12 0)
(-6.61731e-13 2.15548e-12 0)
(-6.02011e-13 2.21913e-12 0)
(-5.40981e-13 2.26136e-12 0)
(-4.79074e-13 2.28059e-12 0)
(-4.1742e-13 2.2746e-12 0)
(-3.56126e-13 2.2412e-12 0)
(-2.9669e-13 2.17803e-12 0)
(-2.40211e-13 2.08267e-12 0)
(-1.86392e-13 1.95215e-12 0)
(-1.36659e-13 1.78299e-12 0)
(-9.52651e-14 1.57202e-12 0)
(-5.93575e-14 1.31581e-12 0)
(-2.84533e-14 1.00961e-12 0)
(-1.09295e-14 6.48945e-13 0)
(2.83923e-16 2.42347e-13 0)
(-3.32938e-16 -2.36364e-13 0)
(-1.50455e-14 -6.31723e-13 0)
(-4.16294e-14 -9.81553e-13 0)
(-8.19476e-14 -1.27823e-12 0)
(-1.32739e-13 -1.52634e-12 0)
(-1.92974e-13 -1.72996e-12 0)
(-2.61462e-13 -1.89295e-12 0)
(-3.36026e-13 -2.01875e-12 0)
(-4.15557e-13 -2.11049e-12 0)
(-4.98761e-13 -2.17094e-12 0)
(-5.84129e-13 -2.20279e-12 0)
(-6.70508e-13 -2.20809e-12 0)
(-7.5694e-13 -2.18908e-12 0)
(-8.42307e-13 -2.14773e-12 0)
(-9.25763e-13 -2.08584e-12 0)
(-1.00645e-12 -2.00496e-12 0)
(-1.08365e-12 -1.90688e-12 0)
(-1.15664e-12 -1.79293e-12 0)
(-1.22486e-12 -1.66479e-12 0)
(-1.28773e-12 -1.5237e-12 0)
(-1.34481e-12 -1.37124e-12 0)
(-1.39563e-12 -1.20857e-12 0)
(-1.43986e-12 -1.03727e-12 0)
(-1.47717e-12 -8.58489e-13 0)
(-1.50728e-12 -6.73734e-13 0)
(-1.53001e-12 -4.84151e-13 0)
(-1.54526e-12 -2.91281e-13 0)
(-1.55293e-12 -9.62667e-14 0)
(-1.553e-12 9.92964e-14 0)
(-1.54544e-12 2.94255e-13 0)
(-1.53028e-12 4.87022e-13 0)
(-1.50763e-12 6.76453e-13 0)
(-1.47761e-12 8.61013e-13 0)
(-1.44043e-12 1.03954e-12 0)
(-1.39632e-12 1.21052e-12 0)
(-1.3456e-12 1.37282e-12 0)
(-1.28862e-12 1.5249e-12 0)
(-1.22584e-12 1.66558e-12 0)
(-1.15771e-12 1.7933e-12 0)
(-1.08479e-12 1.9068e-12 0)
(-1.00768e-12 2.00448e-12 0)
(-9.27041e-13 2.08494e-12 0)
(-8.436e-13 2.14646e-12 0)
(-7.58295e-13 2.18746e-12 0)
(-6.71867e-13 2.20617e-12 0)
(-5.85378e-13 2.20062e-12 0)
(-5.0013e-13 2.16857e-12 0)
(-4.16862e-13 2.10804e-12 0)
(-3.36588e-13 2.01629e-12 0)
(-2.62429e-13 1.89027e-12 0)
(-1.94916e-13 1.72764e-12 0)
(-1.32619e-13 1.52445e-12 0)
(-8.08657e-14 1.27622e-12 0)
(-4.31648e-14 9.79903e-13 0)
(-1.62408e-14 6.31137e-13 0)
(-2.63283e-16 2.35904e-13 0)
(-1.38356e-16 -2.27874e-13 0)
(-1.96976e-14 -6.07454e-13 0)
(-5.39279e-14 -9.42383e-13 0)
(-1.06382e-13 -1.22577e-12 0)
(-1.72168e-13 -1.46227e-12 0)
(-2.50001e-13 -1.65601e-12 0)
(-3.38282e-13 -1.81084e-12 0)
(-4.34353e-13 -1.93025e-12 0)
(-5.36646e-13 -2.0172e-12 0)
(-6.43574e-13 -2.07442e-12 0)
(-7.53189e-13 -2.10435e-12 0)
(-8.64088e-13 -2.10912e-12 0)
(-9.74921e-13 -2.09077e-12 0)
(-1.08439e-12 -2.05113e-12 0)
(-1.19134e-12 -1.99192e-12 0)
(-1.29476e-12 -1.91466e-12 0)
(-1.39365e-12 -1.82096e-12 0)
(-1.48719e-12 -1.71216e-12 0)
(-1.57458e-12 -1.58981e-12 0)
(-1.65515e-12 -1.4551e-12 0)
(-1.72825e-12 -1.30955e-12 0)
(-1.79336e-12 -1.15422e-12 0)
(-1.84999e-12 -9.90714e-13 0)
(-1.89777e-12 -8.1994e-13 0)
(-1.93633e-12 -6.43542e-13 0)
(-1.96547e-12 -4.62398e-13 0)
(-1.98497e-12 -2.78219e-13 0)
(-1.99474e-12 -9.18251e-14 0)
(-1.99475e-12 9.49591e-14 0)
(-1.98501e-12 2.81322e-13 0)
(-1.96558e-12 4.65386e-13 0)
(-1.93653e-12 6.46413e-13 0)
(-1.89804e-12 8.22533e-13 0)
(-1.85036e-12 9.93096e-13 0)
(-1.7938e-12 1.15623e-12 0)
(-1.72877e-12 1.3113e-12 0)
(-1.65575e-12 1.45637e-12 0)
(-1.57528e-12 1.59078e-12 0)
(-1.48796e-12 1.71258e-12 0)
(-1.39449e-12 1.82106e-12 0)
(-1.29568e-12 1.9142e-12 0)
(-1.19232e-12 1.99117e-12 0)
(-1.08541e-12 2.04986e-12 0)
(-9.75971e-13 2.08924e-12 0)
(-8.65199e-13 2.10714e-12 0)
(-7.54318e-13 2.1022e-12 0)
(-6.44507e-13 2.072e-12 0)
(-5.37552e-13 2.01473e-12 0)
(-4.35861e-13 1.92742e-12 0)
(-3.3896e-13 1.80846e-12 0)
(-2.49364e-13 1.65362e-12 0)
(-1.73681e-13 1.45948e-12 0)
(-1.08321e-13 1.22378e-12 0)
(-5.2894e-14 9.41163e-13 0)
(-1.97558e-14 6.06237e-13 0)
(1.28581e-16 2.27414e-13 0)
(-3.0908e-16 -2.17202e-13 0)
(-2.44278e-14 -5.76647e-13 0)
(-6.68923e-14 -8.93179e-13 0)
(-1.31428e-13 -1.15977e-12 0)
(-2.12468e-13 -1.38181e-12 0)
(-3.08063e-13 -1.56342e-12 0)
(-4.16283e-13 -1.70815e-12 0)
(-5.33928e-13 -1.81971e-12 0)
(-6.58976e-13 -1.90081e-12 0)
(-7.89493e-13 -1.95413e-12 0)
(-9.23186e-13 -1.98176e-12 0)
(-1.05835e-12 -1.98603e-12 0)
(-1.19337e-12 -1.96843e-12 0)
(-1.32668e-12 -1.93111e-12 0)
(-1.45687e-12 -1.8751e-12 0)
(-1.58271e-12 -1.80254e-12 0)
(-1.70304e-12 -1.7141e-12 0)
(-1.81687e-12 -1.61198e-12 0)
(-1.9232e-12 -1.49652e-12 0)
(-2.02124e-12 -1.37008e-12 0)
(-2.11017e-12 -1.23273e-12 0)
(-2.18942e-12 -1.08697e-12 0)
(-2.25832e-12 -9.32651e-13 0)
(-2.31644e-12 -7.72381e-13 0)
(-2.36333e-12 -6.05862e-13 0)
(-2.39872e-12 -4.35799e-13 0)
(-2.42238e-12 -2.61767e-13 0)
(-2.43425e-12 -8.67073e-14 0)
(-2.43424e-12 8.98561e-14 0)
(-2.42239e-12 2.64835e-13 0)
(-2.39871e-12 4.38802e-13 0)
(-2.36335e-12 6.08657e-13 0)
(-2.31648e-12 7.75077e-13 0)
(-2.25841e-12 9.35008e-13 0)
(-2.18953e-12 1.08916e-12 0)
(-2.11036e-12 1.23443e-12 0)
(-2.02148e-12 1.37154e-12 0)
(-1.92353e-12 1.49743e-12 0)
(-1.81725e-12 1.61262e-12 0)
(-1.70351e-12 1.71411e-12 0)
(-1.58324e-12 1.80232e-12 0)
(-1.45744e-12 1.87424e-12 0)
(-1.32732e-12 1.93005e-12 0)
(-1.19412e-12 1.9668e-12 0)
(-1.05915e-12 1.98429e-12 0)
(-9.23842e-13 1.97957e-12 0)
(-7.9036e-13 1.95184e-12 0)
(-6.60083e-13 1.8981e-12 0)
(-5.34018e-13 1.81734e-12 0)
(-4.16709e-13 1.70546e-12 0)
(-3.10616e-13 1.56039e-12 0)
(-2.12466e-13 1.37985e-12 0)
(-1.29655e-13 1.15775e-12 0)
(-6.895e-14 8.90986e-13 0)
(-2.59793e-14 5.76144e-13 0)
(-2.97539e-16 2.16496e-13 0)
(-2.49379e-16 -2.04063e-13 0)
(-2.9583e-14 -5.39522e-13 0)
(-8.01722e-14 -8.33106e-13 0)
(-1.57228e-13 -1.08e-12 0)
(-2.54075e-13 -1.28456e-12 0)
(-3.67584e-13 -1.45158e-12 0)
(-4.95741e-13 -1.58464e-12 0)
(-6.35015e-13 -1.68686e-12 0)
(-7.82753e-13 -1.76121e-12 0)
(-9.36636e-13 -1.80985e-12 0)
(-1.09423e-12 -1.83511e-12 0)
(-1.25338e-12 -1.83859e-12 0)
(-1.4123e-12 -1.82225e-12 0)
(-1.56903e-12 -1.78737e-12 0)
(-1.72215e-12 -1.7357e-12 0)
(-1.87009e-12 -1.66826e-12 0)
(-2.01162e-12 -1.58668e-12 0)
(-2.14534e-12 -1.49186e-12 0)
(-2.27038e-12 -1.38539e-12 0)
(-2.38556e-12 -1.26801e-12 0)
(-2.49019e-12 -1.14134e-12 0)
(-2.5833e-12 -1.00605e-12 0)
(-2.66434e-12 -8.63674e-13 0)
(-2.73262e-12 -7.14958e-13 0)
(-2.78777e-12 -5.61275e-13 0)
(-2.82928e-12 -4.03411e-13 0)
(-2.85708e-12 -2.42696e-13 0)
(-2.87093e-12 -8.00561e-14 0)
(-2.87091e-12 8.31006e-14 0)
(-2.85693e-12 2.45706e-13 0)
(-2.8291e-12 4.06399e-13 0)
(-2.7875e-12 5.64125e-13 0)
(-2.73237e-12 7.17719e-13 0)
(-2.66406e-12 8.6614e-13 0)
(-2.58308e-12 1.00832e-12 0)
(-2.48999e-12 1.14313e-12 0)
(-2.3854e-12 1.26958e-12 0)
(-2.27024e-12 1.38636e-12 0)
(-2.14529e-12 1.49254e-12 0)
(-2.01159e-12 1.58675e-12 0)
(-1.87015e-12 1.66802e-12 0)
(-1.72229e-12 1.73486e-12 0)
(-1.5692e-12 1.7863e-12 0)
(-1.41252e-12 1.82067e-12 0)
(-1.25367e-12 1.83683e-12 0)
(-1.0947e-12 1.83287e-12 0)
(-9.37083e-13 1.80756e-12 0)
(-7.82953e-13 1.75873e-12 0)
(-6.35973e-13 1.68422e-12 0)
(-4.96829e-13 1.58161e-12 0)
(-3.66287e-13 1.44958e-12 0)
(-2.55003e-13 1.28182e-12 0)
(-1.60232e-13 1.07746e-12 0)
(-7.89275e-14 8.31709e-13 0)
(-2.91893e-14 5.38404e-13 0)
(4.53011e-17 2.03507e-13 0)
(-1.36513e-16 -1.88695e-13 0)
(-3.47415e-14 -4.9547e-13 0)
(-9.41614e-14 -7.62575e-13 0)
(-1.8432e-13 -9.86103e-13 0)
(-2.96719e-13 -1.17053e-12 0)
(-4.28782e-13 -1.32061e-12 0)
(-5.7705e-13 -1.44019e-12 0)
(-7.37797e-13 -1.53182e-12 0)
(-9.08063e-13 -1.59847e-12 0)
(-1.08522e-12 -1.64192e-12 0)
(-1.26631e-12 -1.66449e-12 0)
(-1.4491e-12 -1.6672e-12 0)
(-1.63147e-12 -1.65241e-12 0)
(-1.8114e-12 -1.62045e-12 0)
(-1.98701e-12 -1.57386e-12 0)
(-2.1567e-12 -1.51236e-12 0)
(-2.31892e-12 -1.43885e-12 0)
(-2.47238e-12 -1.35242e-12 0)
(-2.61571e-12 -1.25648e-12 0)
(-2.74787e-12 -1.14949e-12 0)
(-2.86781e-12 -1.03537e-12 0)
(-2.97464e-12 -9.11978e-13 0)
(-3.06761e-12 -7.83804e-13 0)
(-3.14598e-12 -6.48101e-13 0)
(-3.20919e-12 -5.09798e-13 0)
(-3.25681e-12 -3.65609e-13 0)
(-3.28858e-12 -2.20868e-13 0)
(-3.30443e-12 -7.20155e-14 0)
(-3.30434e-12 7.49388e-14 0)
(-3.28829e-12 2.2383e-13 0)
(-3.25636e-12 3.68291e-13 0)
(-3.20862e-12 5.12562e-13 0)
(-3.14537e-12 6.5034e-13 0)
(-3.06697e-12 7.86186e-13 0)
(-2.97401e-12 9.1363e-13 0)
(-2.86712e-12 1.03729e-12 0)
(-2.74723e-12 1.15045e-12 0)
(-2.61513e-12 1.25772e-12 0)
(-2.47181e-12 1.35264e-12 0)
(-2.31839e-12 1.43941e-12 0)
(-2.15623e-12 1.51177e-12 0)
(-1.98656e-12 1.57371e-12 0)
(-1.81099e-12 1.61916e-12 0)
(-1.63119e-12 1.65153e-12 0)
(-1.44899e-12 1.66524e-12 0)
(-1.26609e-12 1.663e-12 0)
(-1.08512e-12 1.63957e-12 0)
(-9.08542e-13 1.59648e-12 0)
(-7.3773e-13 1.52902e-12 0)
(-5.76434e-13 1.43838e-12 0)
(-4.30968e-13 1.31779e-12 0)
(-2.97546e-13 1.16793e-12 0)
(-1.81905e-13 9.8466e-13 0)
(-9.59694e-14 7.60713e-13 0)
(-3.64318e-14 4.94208e-13 0)
(-5.99793e-17 1.88275e-13 0)
(-2.23114e-16 -1.71004e-13 0)
(-4.02551e-14 -4.43851e-13 0)
(-1.08908e-13 -6.80966e-13 0)
(-2.12489e-13 -8.77372e-13 0)
(-3.41238e-13 -1.03943e-12 0)
(-4.91795e-13 -1.17075e-12 0)
(-6.60262e-13 -1.27498e-12 0)
(-8.42459e-13 -1.35523e-12 0)
(-1.03506e-12 -1.41314e-12 0)
(-1.23512e-12 -1.45127e-12 0)
(-1.43936e-12 -1.47048e-12 0)
(-1.6455e-12 -1.47314e-12 0)
(-1.85089e-12 -1.45941e-12 0)
(-2.05354e-12 -1.43179e-12 0)
(-2.25117e-12 -1.38986e-12 0)
(-2.4423e-12 -1.33646e-12 0)
(-2.62483e-12 -1.27056e-12 0)
(-2.7976e-12 -1.19542e-12 0)
(-2.95886e-12 -1.10942e-12 0)
(-3.10774e-12 -1.0164e-12 0)
(-3.24268e-12 -9.14068e-13 0)
(-3.36311e-12 -8.06843e-13 0)
(-3.46771e-12 -6.91892e-13 0)
(-3.55611e-12 -5.74005e-13 0)
(-3.62724e-12 -4.4998e-13 0)
(-3.68088e-12 -3.24704e-13 0)
(-3.71651e-12 -1.94554e-13 0)
(-3.73438e-12 -6.49763e-14 0)
(-3.73419e-12 6.75249e-14 0)
(-3.71621e-12 1.96983e-13 0)
(-3.68027e-12 3.27175e-13 0)
(-3.62654e-12 4.52193e-13 0)
(-3.55513e-12 5.76268e-13 0)
(-3.46671e-12 6.9369e-13 0)
(-3.36185e-12 8.08647e-13 0)
(-3.24149e-12 9.15269e-13 0)
(-3.10644e-12 1.01763e-12 0)
(-2.95754e-12 1.11012e-12 0)
(-2.79622e-12 1.19611e-12 0)
(-2.62354e-12 1.27053e-12 0)
(-2.441e-12 1.33655e-12 0)
(-2.24996e-12 1.38924e-12 0)
(-2.05244e-12 1.43132e-12 0)
(-1.84989e-12 1.45823e-12 0)
(-1.64463e-12 1.47212e-12 0)
(-1.43861e-12 1.46886e-12 0)
(-1.23467e-12 1.44966e-12 0)
(-1.03455e-12 1.41109e-12 0)
(-8.42328e-13 1.35351e-12 0)
(-6.60773e-13 1.27256e-12 0)
(-4.91029e-13 1.16832e-12 0)
(-3.40898e-13 1.0384e-12 0)
(-2.15273e-13 8.74815e-13 0)
(-1.08427e-13 6.79392e-13 0)
(-3.92199e-14 4.43297e-13 0)
(-2.92496e-16 1.70522e-13 0)
(-8.50683e-16 -1.50148e-13 0)
(-4.60707e-14 -3.84743e-13 0)
(-1.25043e-13 -5.8724e-13 0)
(-2.42693e-13 -7.53381e-13 0)
(-3.88213e-13 -8.90247e-13 0)
(-5.57073e-13 -1.00083e-12 0)
(-7.45866e-13 -1.08866e-12 0)
(-9.49233e-13 -1.15623e-12 0)
(-1.16384e-12 -1.20505e-12 0)
(-1.38633e-12 -1.23708e-12 0)
(-1.61348e-12 -1.25328e-12 0)
(-1.84224e-12 -1.25533e-12 0)
(-2.07039e-12 -1.24361e-12 0)
(-2.29513e-12 -1.22001e-12 0)
(-2.51463e-12 -1.18435e-12 0)
(-2.72644e-12 -1.13884e-12 0)
(-2.92917e-12 -1.08273e-12 0)
(-3.12065e-12 -1.01873e-12 0)
(-3.29983e-12 -9.45493e-13 0)
(-3.46479e-12 -8.66259e-13 0)
(-3.61481e-12 -7.79073e-13 0)
(-3.74827e-12 -6.87775e-13 0)
(-3.86463e-12 -5.89799e-13 0)
(-3.96269e-12 -4.89684e-13 0)
(-4.04191e-12 -3.84047e-13 0)
(-4.1013e-12 -2.77685e-13 0)
(-4.14092e-12 -1.66327e-13 0)
(-4.1605e-12 -5.57393e-14 0)
(-4.16039e-12 5.805e-14 0)
(-4.14029e-12 1.68492e-13 0)
(-4.10039e-12 2.7998e-13 0)
(-4.04062e-12 3.85875e-13 0)
(-3.96133e-12 4.91762e-13 0)
(-3.86306e-12 5.91222e-13 0)
(-3.74664e-12 6.89634e-13 0)
(-3.61292e-12 7.79949e-13 0)
(-3.46273e-12 8.67761e-13 0)
(-3.29774e-12 9.45749e-13 0)
(-3.11865e-12 1.01963e-12 0)
(-2.92703e-12 1.08245e-12 0)
(-2.72434e-12 1.13933e-12 0)
(-2.51253e-12 1.18345e-12 0)
(-2.2931e-12 1.21992e-12 0)
(-2.06859e-12 1.24225e-12 0)
(-1.84062e-12 1.25474e-12 0)
(-1.61207e-12 1.25143e-12 0)
(-1.38508e-12 1.2361e-12 0)
(-1.16307e-12 1.203e-12 0)
(-9.48443e-13 1.15466e-12 0)
(-7.45168e-13 1.08644e-12 0)
(-5.57405e-13 9.99749e-13 0)
(-3.89073e-13 8.87473e-13 0)
(-2.41127e-13 7.52024e-13 0)
(-1.25576e-13 5.8661e-13 0)
(-4.75229e-14 3.83355e-13 0)
(-8.19144e-16 1.49827e-13 0)
(-2.72396e-16 -1.26211e-13 0)
(-5.36618e-14 -3.17818e-13 0)
(-1.42635e-13 -4.80771e-13 0)
(-2.74836e-13 -6.14313e-13 0)
(-4.37555e-13 -7.23082e-13 0)
(-6.2509e-13 -8.11478e-13 0)
(-8.33856e-13 -8.8175e-13 0)
(-1.05813e-12 -9.35346e-13 0)
(-1.29428e-12 -9.74761e-13 0)
(-1.53886e-12 -1.00004e-12 0)
(-1.78824e-12 -1.01342e-12 0)
(-2.03939e-12 -1.01442e-12 0)
(-2.28968e-12 -1.00567e-12 0)
(-2.53629e-12 -9.85742e-13 0)
(-2.77698e-12 -9.57982e-13 0)
(-3.00942e-12 -9.20026e-13 0)
(-3.23175e-12 -8.76127e-13 0)
(-3.4419e-12 -8.22827e-13 0)
(-3.63839e-12 -7.65457e-13 0)
(-3.8195e-12 -6.99367e-13 0)
(-3.98403e-12 -6.31109e-13 0)
(-4.1306e-12 -5.54846e-13 0)
(-4.25843e-12 -4.78296e-13 0)
(-4.36628e-12 -3.94551e-13 0)
(-4.45341e-12 -3.12427e-13 0)
(-4.51866e-12 -2.23495e-13 0)
(-4.56206e-12 -1.36664e-13 0)
(-4.58358e-12 -4.33913e-14 0)
(-4.58338e-12 4.53377e-14 0)
(-4.56134e-12 1.38633e-13 0)
(-4.51768e-12 2.24837e-13 0)
(-4.45197e-12 3.13992e-13 0)
(-4.36451e-12 3.9528e-13 0)
(-4.25622e-12 4.79556e-13 0)
(-4.12824e-12 5.55057e-13 0)
(-3.98136e-12 6.3223e-13 0)
(-3.81682e-12 6.99227e-13 0)
(-3.63553e-12 7.66344e-13 0)
(-3.43881e-12 8.22525e-13 0)
(-3.22857e-12 8.76958e-13 0)
(-3.00641e-12 9.19395e-13 0)
(-2.77402e-12 9.58646e-13 0)
(-2.53337e-12 9.84826e-13 0)
(-2.28699e-12 1.0059e-12 0)
(-2.03694e-12 1.01319e-12 0)
(-1.78594e-12 1.01331e-12 0)
(-1.53687e-12 9.98571e-13 0)
(-1.29285e-12 9.74202e-13 0)
(-1.05691e-12 9.3391e-13 0)
(-8.32909e-13 8.8099e-13 0)
(-6.24236e-13 8.09811e-13 0)
(-4.37198e-13 7.22393e-13 0)
(-2.75567e-13 6.13712e-13 0)
(-1.42706e-13 4.78885e-13 0)
(-5.30759e-14 3.17898e-13 0)
(-4.20106e-16 1.25705e-13 0)
(-1.8705e-15 -9.82327e-14 0)
(-6.2075e-14 -2.41056e-13 0)
(-1.63366e-13 -3.60861e-13 0)
(-3.10593e-13 -4.58956e-13 0)
(-4.89958e-13 -5.38356e-13 0)
(-6.96256e-13 -6.03267e-13 0)
(-9.24129e-13 -6.54779e-13 0)
(-1.16899e-12 -6.94447e-13 0)
(-1.4263e-12 -7.23277e-13 0)
(-1.69245e-12 -7.42217e-13 0)
(-1.96359e-12 -7.51771e-13 0)
(-2.23685e-12 -7.52972e-13 0)
(-2.50878e-12 -7.46004e-13 0)
(-2.77702e-12 -7.31865e-13 0)
(-3.03853e-12 -7.10621e-13 0)
(-3.29144e-12 -6.8332e-13 0)
(-3.53296e-12 -6.49869e-13 0)
(-3.76169e-12 -6.11374e-13 0)
(-3.97514e-12 -5.6766e-13 0)
(-4.17233e-12 -5.1993e-13 0)
(-4.35109e-12 -4.67841e-13 0)
(-4.51073e-12 -4.12733e-13 0)
(-4.64945e-12 -3.54222e-13 0)
(-4.76711e-12 -2.93831e-13 0)
(-4.86212e-12 -2.31488e-13 0)
(-4.93386e-12 -1.67788e-13 0)
(-4.98149e-12 -1.01274e-13 0)
(-5.00549e-12 -3.35615e-14 0)
(-5.00519e-12 3.497e-14 0)
(-4.981e-12 1.02558e-13 0)
(-4.93263e-12 1.68949e-13 0)
(-4.86051e-12 2.32478e-13 0)
(-4.76489e-12 2.94706e-13 0)
(-4.64698e-12 3.54986e-13 0)
(-4.5076e-12 4.13376e-13 0)
(-4.34771e-12 4.68397e-13 0)
(-4.1685e-12 5.20316e-13 0)
(-3.97108e-12 5.68099e-13 0)
(-3.75752e-12 6.11531e-13 0)
(-3.52884e-12 6.50089e-13 0)
(-3.28716e-12 6.83358e-13 0)
(-3.03439e-12 7.10643e-13 0)
(-2.77313e-12 7.31602e-13 0)
(-2.50506e-12 7.45755e-13 0)
(-2.23344e-12 7.52449e-13 0)
(-1.96045e-12 7.513e-13 0)
(-1.68985e-12 7.41421e-13 0)
(-1.4239e-12 7.22616e-13 0)
(-1.16705e-12 6.9351e-13 0)
(-9.22582e-13 6.54005e-13 0)
(-6.95726e-13 6.02373e-13 0)
(-4.89275e-13 5.37508e-13 0)
(-3.10098e-13 4.57813e-13 0)
(-1.635e-13 3.60872e-13 0)
(-6.25419e-14 2.40377e-13 0)
(-2.10606e-15 9.80324e-14 0)
(-2.71324e-15 -6.33233e-14 0)
(-7.57234e-14 -1.51427e-13 0)
(-1.88665e-13 -2.26001e-13 0)
(-3.50658e-13 -2.85368e-13 0)
(-5.46405e-13 -3.34627e-13 0)
(-7.70386e-13 -3.74827e-13 0)
(-1.01732e-12 -4.06793e-13 0)
(-1.28181e-12 -4.31523e-13 0)
(-1.55966e-12 -4.49337e-13 0)
(-1.84686e-12 -4.61293e-13 0)
(-2.13965e-12 -4.6718e-13 0)
(-2.43438e-12 -4.68147e-13 0)
(-2.72806e-12 -4.63607e-13 0)
(-3.01743e-12 -4.55137e-13 0)
(-3.29996e-12 -4.41631e-13 0)
(-3.57282e-12 -4.25062e-13 0)
(-3.83388e-12 -4.03784e-13 0)
(-4.08069e-12 -3.80429e-13 0)
(-4.31155e-12 -3.52628e-13 0)
(-4.5243e-12 -3.23706e-13 0)
(-4.71762e-12 -2.90595e-13 0)
(-4.88978e-12 -2.57314e-13 0)
(-5.0398e-12 -2.2016e-13 0)
(-5.16645e-12 -1.84021e-13 0)
(-5.26957e-12 -1.45864e-13 0)
(-5.34809e-12 -1.09128e-13 0)
(-5.40146e-12 -6.62213e-14 0)
(-5.42791e-12 -2.30778e-14 0)
(-5.42764e-12 2.37937e-14 0)
(-5.40045e-12 6.69342e-14 0)
(-5.34667e-12 1.10294e-13 0)
(-5.26755e-12 1.47008e-13 0)
(-5.16384e-12 1.85889e-13 0)
(-5.03646e-12 2.21541e-13 0)
(-4.88606e-12 2.59171e-13 0)
(-4.71346e-12 2.91557e-13 0)
(-4.51985e-12 3.2522e-13 0)
(-4.30692e-12 3.53048e-13 0)
(-4.07572e-12 3.81366e-13 0)
(-3.82864e-12 4.03512e-13 0)
(-3.56779e-12 4.25308e-13 0)
(-3.2951e-12 4.40618e-13 0)
(-3.01262e-12 4.54976e-13 0)
(-2.72351e-12 4.62387e-13 0)
(-2.43013e-12 4.67686e-13 0)
(-2.13573e-12 4.65726e-13 0)
(-1.84332e-12 4.60629e-13 0)
(-1.55682e-12 4.47872e-13 0)
(-1.27936e-12 4.30594e-13 0)
(-1.01524e-12 4.05146e-13 0)
(-7.6875e-13 3.73704e-13 0)
(-5.45684e-13 3.33565e-13 0)
(-3.50194e-13 2.84593e-13 0)
(-1.88257e-13 2.253e-13 0)
(-7.56393e-14 1.51138e-13 0)
(-2.75323e-15 6.33134e-14 0)
(-1.06984e-14 -2.22184e-14 0)
(-8.32525e-14 -5.36459e-14 0)
(-2.10445e-13 -7.92147e-14 0)
(-3.87012e-13 -1.00553e-13 0)
(-5.98873e-13 -1.1693e-13 0)
(-8.39856e-13 -1.30664e-13 0)
(-1.10508e-12 -1.41687e-13 0)
(-1.38933e-12 -1.50249e-13 0)
(-1.68789e-12 -1.56553e-13 0)
(-1.9964e-12 -1.60587e-13 0)
(-2.31078e-12 -1.62667e-13 0)
(-2.6274e-12 -1.62916e-13 0)
(-2.94279e-12 -1.61498e-13 0)
(-3.25374e-12 -1.5837e-13 0)
(-3.5572e-12 -1.53833e-13 0)
(-3.85044e-12 -1.47853e-13 0)
(-4.1309e-12 -1.40751e-13 0)
(-4.39624e-12 -1.32289e-13 0)
(-4.64426e-12 -1.23002e-13 0)
(-4.8731e-12 -1.12521e-13 0)
(-5.08096e-12 -1.01452e-13 0)
(-5.26642e-12 -8.9273e-14 0)
(-5.42811e-12 -7.65851e-14 0)
(-5.56394e-12 -6.04362e-14 0)
(-5.67379e-12 -4.3804e-14 0)
(-5.75817e-12 -2.84426e-14 0)
(-5.81612e-12 -1.43507e-14 0)
(-5.84452e-12 -3.457e-15 0)
(-5.8442e-12 3.85935e-15 0)
(-5.81524e-12 1.4794e-14 0)
(-5.75659e-12 2.88173e-14 0)
(-5.67151e-12 4.4269e-14 0)
(-5.561e-12 6.07376e-14 0)
(-5.42447e-12 7.68171e-14 0)
(-5.26213e-12 8.93556e-14 0)
(-5.07609e-12 1.01651e-13 0)
(-4.86773e-12 1.12541e-13 0)
(-4.63845e-12 1.23165e-13 0)
(-4.39027e-12 1.32117e-13 0)
(-4.12494e-12 1.40809e-13 0)
(-3.84443e-12 1.47775e-13 0)
(-3.55119e-12 1.53981e-13 0)
(-3.24799e-12 1.58101e-13 0)
(-2.93742e-12 1.61429e-13 0)
(-2.62243e-12 1.62621e-13 0)
(-2.30623e-12 1.62581e-13 0)
(-1.99241e-12 1.60147e-13 0)
(-1.68447e-12 1.56381e-13 0)
(-1.38645e-12 1.49962e-13 0)
(-1.10289e-12 1.41455e-13 0)
(-8.38421e-13 1.30275e-13 0)
(-5.97951e-13 1.16655e-13 0)
(-3.86583e-13 1.00246e-13 0)
(-2.10694e-13 7.88944e-14 0)
(-8.36463e-14 5.39169e-14 0)
(-1.08125e-14 2.23137e-14 0)
)
;

boundaryField
{
    top
    {
        type            slip;
    }
    bottom
    {
        type            slip;
    }
    rotatingWall
    {
        type            rotatingWallVelocity;
        origin          (0 0 0);
        axis            (0 1 0);
        omega           constant 1140;
        value           uniform (0 0 0);
    }
    wall
    {
        type            rotatingWallVelocity;
        origin          (0 0 0);
        axis            (0 1 0);
        omega           constant 0;
        value           uniform (0 -0 -0);
    }
    frontAndBack
    {
        type            empty;
    }
}


// ************************************************************************* //
