/*--------------------------------*- C++ -*----------------------------------*\
| =========                 |                                                 |
| \\      /  F ield         | OpenFOAM: The Open Source CFD Toolbox           |
|  \\    /   O peration     | Version:  5.0                                   |
|   \\  /    A nd           | Web:      www.OpenFOAM.org                      |
|    \\/     M anipulation  |                                                 |
\*---------------------------------------------------------------------------*/
FoamFile
{
    version     2.0;
    format      ascii;
    class       volVectorField;
    location    "21";
    object      U;
}
// * * * * * * * * * * * * * * * * * * * * * * * * * * * * * * * * * * * * * //

dimensions      [0 1 -1 0 0 0 0];

internalField   nonuniform List<vector> 
1568
(
(-9.29393e-08 -6.75204e-08 0)
(-1.07998e-08 1.53408e-07 0)
(4.78585e-07 -6.71756e-08 0)
(1.04816e-06 -2.94705e-07 0)
(1.49895e-06 -3.84502e-07 0)
(1.96741e-06 -4.05271e-07 0)
(2.51051e-06 -3.95145e-07 0)
(3.08673e-06 -3.64709e-07 0)
(3.65329e-06 -3.18554e-07 0)
(4.18224e-06 -2.61685e-07 0)
(4.65531e-06 -1.948e-07 0)
(5.04702e-06 -1.22438e-07 0)
(5.3388e-06 -7.63985e-08 0)
(5.52811e-06 -5.85986e-08 0)
(5.63801e-06 -4.97691e-08 0)
(5.69053e-06 -4.76761e-08 0)
(5.6985e-06 -4.24103e-08 0)
(5.68397e-06 -3.39366e-08 0)
(5.65617e-06 -2.67857e-08 0)
(5.61912e-06 -2.16204e-08 0)
(5.57805e-06 -1.75462e-08 0)
(5.53599e-06 -1.45262e-08 0)
(5.49454e-06 -1.08936e-08 0)
(5.45351e-06 -7.3012e-09 0)
(5.41076e-06 -2.80782e-09 0)
(5.36386e-06 2.27941e-09 0)
(5.3098e-06 9.52255e-09 0)
(5.24775e-06 1.83394e-08 0)
(5.18037e-06 2.98342e-08 0)
(5.11034e-06 3.98711e-08 0)
(5.03352e-06 4.83293e-08 0)
(4.94549e-06 5.56724e-08 0)
(4.8471e-06 6.44319e-08 0)
(4.73888e-06 7.31425e-08 0)
(4.62022e-06 8.32579e-08 0)
(4.49105e-06 9.30237e-08 0)
(4.35097e-06 1.03268e-07 0)
(4.19926e-06 1.12545e-07 0)
(4.03594e-06 1.22895e-07 0)
(3.8608e-06 1.36584e-07 0)
(3.67225e-06 1.536e-07 0)
(3.46849e-06 1.67816e-07 0)
(3.24879e-06 1.80738e-07 0)
(3.01324e-06 1.92295e-07 0)
(2.76296e-06 2.03366e-07 0)
(2.4994e-06 2.13381e-07 0)
(2.22442e-06 2.22458e-07 0)
(1.93866e-06 2.28662e-07 0)
(1.64268e-06 2.29856e-07 0)
(1.34178e-06 2.24693e-07 0)
(1.05145e-06 2.19376e-07 0)
(7.83063e-07 2.20389e-07 0)
(5.40666e-07 2.19234e-07 0)
(3.07696e-07 1.99812e-07 0)
(1.22331e-07 1.31819e-07 0)
(1.69129e-08 3.48485e-08 0)
(2.28407e-07 -2.89696e-07 0)
(-2.23198e-08 -7.32334e-07 0)
(3.67253e-07 -9.11809e-07 0)
(6.69724e-07 -7.01796e-07 0)
(1.16001e-06 -6.64295e-07 0)
(1.65807e-06 -7.35832e-07 0)
(2.14587e-06 -7.90273e-07 0)
(2.61774e-06 -8.01809e-07 0)
(3.05623e-06 -7.7128e-07 0)
(3.44691e-06 -7.07346e-07 0)
(3.78227e-06 -6.14846e-07 0)
(4.0581e-06 -4.9675e-07 0)
(4.27681e-06 -3.60605e-07 0)
(4.44341e-06 -2.2608e-07 0)
(4.56347e-06 -1.19104e-07 0)
(4.64261e-06 -3.68828e-08 0)
(4.68796e-06 1.76583e-08 0)
(4.70718e-06 4.74293e-08 0)
(4.70313e-06 6.50656e-08 0)
(4.68258e-06 7.52935e-08 0)
(4.65395e-06 7.93735e-08 0)
(4.61998e-06 7.95747e-08 0)
(4.58171e-06 7.81366e-08 0)
(4.54047e-06 7.85705e-08 0)
(4.49605e-06 8.16921e-08 0)
(4.44809e-06 8.84206e-08 0)
(4.39686e-06 9.6929e-08 0)
(4.34126e-06 1.0397e-07 0)
(4.28025e-06 1.06697e-07 0)
(4.21335e-06 1.11788e-07 0)
(4.14064e-06 1.22196e-07 0)
(4.06236e-06 1.35997e-07 0)
(3.9783e-06 1.48457e-07 0)
(3.88742e-06 1.61833e-07 0)
(3.78875e-06 1.74694e-07 0)
(3.68159e-06 1.88113e-07 0)
(3.56556e-06 2.01893e-07 0)
(3.44048e-06 2.16961e-07 0)
(3.30537e-06 2.31407e-07 0)
(3.15984e-06 2.46414e-07 0)
(3.00302e-06 2.63162e-07 0)
(2.83378e-06 2.82332e-07 0)
(2.65177e-06 3.02881e-07 0)
(2.45756e-06 3.23591e-07 0)
(2.25118e-06 3.42402e-07 0)
(2.03361e-06 3.5941e-07 0)
(1.80659e-06 3.74205e-07 0)
(1.57249e-06 3.8776e-07 0)
(1.33403e-06 3.98031e-07 0)
(1.09464e-06 3.97924e-07 0)
(8.58188e-07 3.8088e-07 0)
(6.33926e-07 3.48247e-07 0)
(4.24105e-07 3.03614e-07 0)
(2.32646e-07 2.5977e-07 0)
(1.44906e-07 1.89964e-07 0)
(-4.44696e-08 1.03267e-07 0)
(1.87018e-07 -4.48701e-07 0)
(1.69203e-08 -6.81712e-07 0)
(2.02297e-07 -1.07365e-06 0)
(4.81427e-07 -1.19635e-06 0)
(8.60567e-07 -1.2628e-06 0)
(1.24207e-06 -1.29818e-06 0)
(1.61441e-06 -1.29142e-06 0)
(1.9742e-06 -1.23784e-06 0)
(2.30824e-06 -1.13895e-06 0)
(2.60768e-06 -1.00326e-06 0)
(2.86928e-06 -8.40991e-07 0)
(3.09335e-06 -6.6596e-07 0)
(3.28099e-06 -4.95078e-07 0)
(3.43258e-06 -3.41867e-07 0)
(3.54899e-06 -2.14897e-07 0)
(3.63222e-06 -1.15037e-07 0)
(3.68537e-06 -4.01509e-08 0)
(3.71295e-06 1.40276e-08 0)
(3.71786e-06 5.20572e-08 0)
(3.70582e-06 7.60767e-08 0)
(3.68212e-06 8.9961e-08 0)
(3.65024e-06 9.7934e-08 0)
(3.61217e-06 1.03481e-07 0)
(3.5696e-06 1.08734e-07 0)
(3.52364e-06 1.16053e-07 0)
(3.47535e-06 1.2539e-07 0)
(3.4252e-06 1.3717e-07 0)
(3.3731e-06 1.49668e-07 0)
(3.31818e-06 1.62923e-07 0)
(3.25975e-06 1.76763e-07 0)
(3.19771e-06 1.93227e-07 0)
(3.13242e-06 2.11344e-07 0)
(3.06395e-06 2.31237e-07 0)
(2.99167e-06 2.51813e-07 0)
(2.91446e-06 2.73735e-07 0)
(2.83137e-06 2.96145e-07 0)
(2.74171e-06 3.20063e-07 0)
(2.64488e-06 3.44706e-07 0)
(2.54046e-06 3.7092e-07 0)
(2.42746e-06 3.98676e-07 0)
(2.3052e-06 4.28994e-07 0)
(2.17336e-06 4.60713e-07 0)
(2.03194e-06 4.93578e-07 0)
(1.88094e-06 5.26056e-07 0)
(1.72076e-06 5.57422e-07 0)
(1.55199e-06 5.86121e-07 0)
(1.37605e-06 6.10903e-07 0)
(1.194e-06 6.29398e-07 0)
(1.00713e-06 6.3879e-07 0)
(8.19612e-07 6.35288e-07 0)
(6.38308e-07 6.17839e-07 0)
(4.66749e-07 5.85775e-07 0)
(3.12506e-07 5.32706e-07 0)
(1.63513e-07 4.45793e-07 0)
(9.68789e-08 3.12262e-07 0)
(-4.96429e-08 1.47607e-07 0)
(7.0715e-08 -4.74123e-07 0)
(-2.05063e-08 -8.57233e-07 0)
(1.60635e-07 -1.27177e-06 0)
(3.57694e-07 -1.47267e-06 0)
(6.16696e-07 -1.58474e-06 0)
(8.73183e-07 -1.63568e-06 0)
(1.13177e-06 -1.62402e-06 0)
(1.38781e-06 -1.55315e-06 0)
(1.62894e-06 -1.43024e-06 0)
(1.8478e-06 -1.26481e-06 0)
(2.0428e-06 -1.07044e-06 0)
(2.2148e-06 -8.62711e-07 0)
(2.36317e-06 -6.59051e-07 0)
(2.48655e-06 -4.73008e-07 0)
(2.58434e-06 -3.13505e-07 0)
(2.65639e-06 -1.83323e-07 0)
(2.70371e-06 -8.20052e-08 0)
(2.72871e-06 -5.71501e-09 0)
(2.73446e-06 4.95038e-08 0)
(2.72451e-06 8.76624e-08 0)
(2.7024e-06 1.1281e-07 0)
(2.67107e-06 1.2971e-07 0)
(2.63293e-06 1.41591e-07 0)
(2.58995e-06 1.51747e-07 0)
(2.5441e-06 1.61807e-07 0)
(2.49695e-06 1.73392e-07 0)
(2.4494e-06 1.86393e-07 0)
(2.40166e-06 2.01034e-07 0)
(2.35353e-06 2.16571e-07 0)
(2.3046e-06 2.34007e-07 0)
(2.25446e-06 2.53515e-07 0)
(2.20319e-06 2.75668e-07 0)
(2.15108e-06 2.99453e-07 0)
(2.09758e-06 3.24909e-07 0)
(2.04156e-06 3.51185e-07 0)
(1.98223e-06 3.78911e-07 0)
(1.91898e-06 4.07761e-07 0)
(1.85107e-06 4.3864e-07 0)
(1.77782e-06 4.71188e-07 0)
(1.69875e-06 5.06148e-07 0)
(1.61322e-06 5.43409e-07 0)
(1.52072e-06 5.83072e-07 0)
(1.4213e-06 6.23833e-07 0)
(1.31511e-06 6.64864e-07 0)
(1.20211e-06 7.04195e-07 0)
(1.0829e-06 7.40323e-07 0)
(9.58249e-07 7.70884e-07 0)
(8.28493e-07 7.93372e-07 0)
(6.94111e-07 8.04392e-07 0)
(5.59951e-07 8.00754e-07 0)
(4.31119e-07 7.79054e-07 0)
(3.14829e-07 7.35562e-07 0)
(2.07517e-07 6.61647e-07 0)
(1.08227e-07 5.45572e-07 0)
(6.62859e-08 3.78873e-07 0)
(-3.42055e-08 1.80878e-07 0)
(2.10095e-08 -4.30655e-07 0)
(-1.32872e-08 -9.04797e-07 0)
(1.08462e-07 -1.35607e-06 0)
(2.33614e-07 -1.62368e-06 0)
(3.83045e-07 -1.78994e-06 0)
(5.38503e-07 -1.86453e-06 0)
(6.97852e-07 -1.85614e-06 0)
(8.62481e-07 -1.7765e-06 0)
(1.01859e-06 -1.63798e-06 0)
(1.16273e-06 -1.45396e-06 0)
(1.29335e-06 -1.23965e-06 0)
(1.41069e-06 -1.01217e-06 0)
(1.51388e-06 -7.88114e-07 0)
(1.60145e-06 -5.80665e-07 0)
(1.67176e-06 -3.98496e-07 0)
(1.72366e-06 -2.45966e-07 0)
(1.75701e-06 -1.23237e-07 0)
(1.7728e-06 -2.80449e-08 0)
(1.77283e-06 4.33981e-08 0)
(1.75958e-06 9.49189e-08 0)
(1.73552e-06 1.31177e-07 0)
(1.70303e-06 1.5639e-07 0)
(1.66431e-06 1.74656e-07 0)
(1.62146e-06 1.88968e-07 0)
(1.57664e-06 2.02032e-07 0)
(1.53172e-06 2.15077e-07 0)
(1.48778e-06 2.29157e-07 0)
(1.44539e-06 2.44307e-07 0)
(1.4047e-06 2.60938e-07 0)
(1.3656e-06 2.79105e-07 0)
(1.32781e-06 2.99525e-07 0)
(1.29115e-06 3.2223e-07 0)
(1.25559e-06 3.47311e-07 0)
(1.22072e-06 3.74189e-07 0)
(1.18586e-06 4.03054e-07 0)
(1.15037e-06 4.33901e-07 0)
(1.11366e-06 4.67215e-07 0)
(1.07491e-06 5.02997e-07 0)
(1.03345e-06 5.41751e-07 0)
(9.88768e-07 5.83341e-07 0)
(9.40353e-07 6.27873e-07 0)
(8.87766e-07 6.74664e-07 0)
(8.30825e-07 7.23037e-07 0)
(7.69266e-07 7.71193e-07 0)
(7.03049e-07 8.17412e-07 0)
(6.32636e-07 8.59422e-07 0)
(5.58559e-07 8.94985e-07 0)
(4.80734e-07 9.20748e-07 0)
(3.97927e-07 9.32781e-07 0)
(3.16868e-07 9.28762e-07 0)
(2.40679e-07 9.04841e-07 0)
(1.73283e-07 8.53582e-07 0)
(1.14995e-07 7.64976e-07 0)
(5.48475e-08 6.27589e-07 0)
(3.12619e-08 4.28729e-07 0)
(-2.63588e-08 2.01379e-07 0)
(-4.54546e-09 -3.97272e-07 0)
(-4.61782e-09 -9.36377e-07 0)
(4.94765e-08 -1.3925e-06 0)
(1.03056e-07 -1.69882e-06 0)
(1.63133e-07 -1.89354e-06 0)
(2.36164e-07 -1.98317e-06 0)
(3.10237e-07 -1.97912e-06 0)
(3.9383e-07 -1.89746e-06 0)
(4.71912e-07 -1.75264e-06 0)
(5.45874e-07 -1.56074e-06 0)
(6.14207e-07 -1.33797e-06 0)
(6.76904e-07 -1.1012e-06 0)
(7.33073e-07 -8.66158e-07 0)
(7.81099e-07 -6.45599e-07 0)
(8.1909e-07 -4.48549e-07 0)
(8.45393e-07 -2.7991e-07 0)
(8.59178e-07 -1.41126e-07 0)
(8.60521e-07 -3.08891e-08 0)
(8.5026e-07 5.36984e-08 0)
(8.2978e-07 1.16479e-07 0)
(8.00827e-07 1.61582e-07 0)
(7.6527e-07 1.93404e-07 0)
(7.25061e-07 2.15869e-07 0)
(6.82193e-07 2.32554e-07 0)
(6.38693e-07 2.46095e-07 0)
(5.96362e-07 2.58413e-07 0)
(5.56484e-07 2.70516e-07 0)
(5.19772e-07 2.8327e-07 0)
(4.86656e-07 2.97019e-07 0)
(4.57283e-07 3.12352e-07 0)
(4.31517e-07 3.29517e-07 0)
(4.09204e-07 3.49025e-07 0)
(3.90276e-07 3.70966e-07 0)
(3.74403e-07 3.9568e-07 0)
(3.61021e-07 4.2324e-07 0)
(3.49557e-07 4.54055e-07 0)
(3.39356e-07 4.88178e-07 0)
(3.29708e-07 5.25908e-07 0)
(3.1992e-07 5.67302e-07 0)
(3.09451e-07 6.12435e-07 0)
(2.97749e-07 6.60849e-07 0)
(2.84313e-07 7.11951e-07 0)
(2.68732e-07 7.64477e-07 0)
(2.50648e-07 8.16864e-07 0)
(2.29947e-07 8.67052e-07 0)
(2.07107e-07 9.12878e-07 0)
(1.82351e-07 9.51736e-07 0)
(1.56033e-07 9.80891e-07 0)
(1.23665e-07 9.9649e-07 0)
(9.1537e-08 9.92724e-07 0)
(6.4997e-08 9.65067e-07 0)
(4.8359e-08 9.07892e-07 0)
(2.92564e-08 8.11843e-07 0)
(7.37448e-09 6.62166e-07 0)
(7.41755e-09 4.50627e-07 0)
(-2.21922e-08 2.0651e-07 0)
(-1.69643e-08 -3.7994e-07 0)
(-1.26993e-08 -9.40887e-07 0)
(-1.20242e-08 -1.39898e-06 0)
(-1.87661e-08 -1.71823e-06 0)
(-3.03751e-08 -1.9221e-06 0)
(-3.55994e-08 -2.01703e-06 0)
(-2.9838e-08 -2.01624e-06 0)
(-2.2351e-08 -1.93594e-06 0)
(-1.35331e-08 -1.79102e-06 0)
(-4.66854e-09 -1.59863e-06 0)
(4.52579e-09 -1.37494e-06 0)
(1.41851e-08 -1.13625e-06 0)
(2.35656e-08 -8.97525e-07 0)
(3.11364e-08 -6.71091e-07 0)
(3.49156e-08 -4.65947e-07 0)
(3.30157e-08 -2.87572e-07 0)
(2.41561e-08 -1.38189e-07 0)
(7.80446e-09 -1.74758e-08 0)
(-1.59368e-08 7.67013e-08 0)
(-4.63896e-08 1.47602e-07 0)
(-8.24327e-08 1.99139e-07 0)
(-1.22581e-07 2.35384e-07 0)
(-1.652e-07 2.60338e-07 0)
(-2.08568e-07 2.77512e-07 0)
(-2.50922e-07 2.8982e-07 0)
(-2.90617e-07 2.99368e-07 0)
(-3.26365e-07 3.07664e-07 0)
(-3.57263e-07 3.15764e-07 0)
(-3.82715e-07 3.24563e-07 0)
(-4.02457e-07 3.34668e-07 0)
(-4.16504e-07 3.4665e-07 0)
(-4.24866e-07 3.60963e-07 0)
(-4.27528e-07 3.78096e-07 0)
(-4.24768e-07 3.98412e-07 0)
(-4.17132e-07 4.22363e-07 0)
(-4.05229e-07 4.50211e-07 0)
(-3.89709e-07 4.82234e-07 0)
(-3.71243e-07 5.18571e-07 0)
(-3.50474e-07 5.59347e-07 0)
(-3.28033e-07 6.04391e-07 0)
(-3.04519e-07 6.53271e-07 0)
(-2.80512e-07 7.05147e-07 0)
(-2.5652e-07 7.58816e-07 0)
(-2.33048e-07 8.12602e-07 0)
(-2.10289e-07 8.64522e-07 0)
(-1.8804e-07 9.12225e-07 0)
(-1.66376e-07 9.52967e-07 0)
(-1.47606e-07 9.83813e-07 0)
(-1.2974e-07 1.00073e-06 0)
(-1.11465e-07 9.97333e-07 0)
(-8.76617e-08 9.68263e-07 0)
(-6.40088e-08 9.09111e-07 0)
(-4.2695e-08 8.09809e-07 0)
(-3.2935e-08 6.60366e-07 0)
(-1.38427e-08 4.46066e-07 0)
(-2.09824e-08 1.98843e-07 0)
(-2.49324e-08 -3.65193e-07 0)
(-2.33364e-08 -9.19139e-07 0)
(-6.89957e-08 -1.36667e-06 0)
(-1.26088e-07 -1.68344e-06 0)
(-1.98602e-07 -1.88531e-06 0)
(-2.69461e-07 -1.98097e-06 0)
(-3.2319e-07 -1.98306e-06 0)
(-3.82713e-07 -1.90585e-06 0)
(-4.37127e-07 -1.76517e-06 0)
(-4.87892e-07 -1.57721e-06 0)
(-5.33571e-07 -1.35792e-06 0)
(-5.73857e-07 -1.12281e-06 0)
(-6.09308e-07 -8.8603e-07 0)
(-6.413e-07 -6.59477e-07 0)
(-6.71741e-07 -4.52131e-07 0)
(-7.02566e-07 -2.6975e-07 0)
(-7.35273e-07 -1.15168e-07 0)
(-7.70836e-07 1.12383e-08 0)
(-8.0964e-07 1.10893e-07 0)
(-8.51518e-07 1.86539e-07 0)
(-8.95814e-07 2.41646e-07 0)
(-9.41464e-07 2.80057e-07 0)
(-9.8715e-07 3.05501e-07 0)
(-1.03146e-06 3.21507e-07 0)
(-1.07289e-06 3.31013e-07 0)
(-1.11003e-06 3.36393e-07 0)
(-1.14164e-06 3.39397e-07 0)
(-1.16674e-06 3.41473e-07 0)
(-1.18465e-06 3.43724e-07 0)
(-1.19503e-06 3.47054e-07 0)
(-1.19777e-06 3.52153e-07 0)
(-1.19281e-06 3.59721e-07 0)
(-1.18007e-06 3.70328e-07 0)
(-1.15976e-06 3.84496e-07 0)
(-1.1324e-06 4.02663e-07 0)
(-1.09863e-06 4.25288e-07 0)
(-1.05904e-06 4.52674e-07 0)
(-1.01428e-06 4.8508e-07 0)
(-9.65004e-07 5.22526e-07 0)
(-9.11871e-07 5.64854e-07 0)
(-8.55529e-07 6.11555e-07 0)
(-7.96614e-07 6.61817e-07 0)
(-7.35739e-07 7.14368e-07 0)
(-6.73456e-07 7.67562e-07 0)
(-6.1007e-07 8.19369e-07 0)
(-5.45545e-07 8.67367e-07 0)
(-4.80315e-07 9.08647e-07 0)
(-4.16529e-07 9.39475e-07 0)
(-3.54255e-07 9.55262e-07 0)
(-2.94337e-07 9.52496e-07 0)
(-2.27512e-07 9.25795e-07 0)
(-1.61908e-07 8.67891e-07 0)
(-1.06828e-07 7.72179e-07 0)
(-6.76737e-08 6.27266e-07 0)
(-2.60766e-08 4.24826e-07 0)
(-2.17656e-08 1.82028e-07 0)
(-3.00264e-08 -3.44218e-07 0)
(-3.82703e-08 -8.66483e-07 0)
(-1.17634e-07 -1.29478e-06 0)
(-2.15371e-07 -1.59905e-06 0)
(-3.37455e-07 -1.79307e-06 0)
(-4.58812e-07 -1.88682e-06 0)
(-5.74115e-07 -1.89029e-06 0)
(-6.88495e-07 -1.81676e-06 0)
(-7.98644e-07 -1.68252e-06 0)
(-9.0235e-07 -1.50229e-06 0)
(-9.97547e-07 -1.29125e-06 0)
(-1.0834e-06 -1.06399e-06 0)
(-1.16026e-06 -8.33837e-07 0)
(-1.22938e-06 -6.1214e-07 0)
(-1.29243e-06 -4.0766e-07 0)
(-1.35126e-06 -2.26316e-07 0)
(-1.40747e-06 -7.13484e-08 0)
(-1.46226e-06 5.62801e-08 0)
(-1.51636e-06 1.5745e-07 0)
(-1.56997e-06 2.3436e-07 0)
(-1.62281e-06 2.90036e-07 0)
(-1.67421e-06 3.2796e-07 0)
(-1.72317e-06 3.51705e-07 0)
(-1.76854e-06 3.64648e-07 0)
(-1.80917e-06 3.69766e-07 0)
(-1.84383e-06 3.69479e-07 0)
(-1.87138e-06 3.65783e-07 0)
(-1.89084e-06 3.60335e-07 0)
(-1.90152e-06 3.54558e-07 0)
(-1.90304e-06 3.49547e-07 0)
(-1.89524e-06 3.46164e-07 0)
(-1.87792e-06 3.45199e-07 0)
(-1.85104e-06 3.47428e-07 0)
(-1.81479e-06 3.53458e-07 0)
(-1.76961e-06 3.63888e-07 0)
(-1.71604e-06 3.79251e-07 0)
(-1.65469e-06 4.00002e-07 0)
(-1.58619e-06 4.26385e-07 0)
(-1.51121e-06 4.58469e-07 0)
(-1.4304e-06 4.96052e-07 0)
(-1.34445e-06 5.38655e-07 0)
(-1.25404e-06 5.85429e-07 0)
(-1.15989e-06 6.3513e-07 0)
(-1.06263e-06 6.8608e-07 0)
(-9.6267e-07 7.36215e-07 0)
(-8.60186e-07 7.83057e-07 0)
(-7.55951e-07 8.2364e-07 0)
(-6.52404e-07 8.54439e-07 0)
(-5.51471e-07 8.71595e-07 0)
(-4.51357e-07 8.70283e-07 0)
(-3.47735e-07 8.45553e-07 0)
(-2.47451e-07 7.92461e-07 0)
(-1.60512e-07 7.03121e-07 0)
(-9.72415e-08 5.71857e-07 0)
(-3.42317e-08 3.85282e-07 0)
(-2.35705e-08 1.60703e-07 0)
(-3.31857e-08 -3.16209e-07 0)
(-5.20475e-08 -7.91103e-07 0)
(-1.55922e-07 -1.18901e-06 0)
(-2.86555e-07 -1.47296e-06 0)
(-4.48919e-07 -1.65412e-06 0)
(-6.14316e-07 -1.74153e-06 0)
(-7.77564e-07 -1.74501e-06 0)
(-9.39547e-07 -1.67645e-06 0)
(-1.09719e-06 -1.54998e-06 0)
(-1.24662e-06 -1.37968e-06 0)
(-1.38499e-06 -1.17969e-06 0)
(-1.51102e-06 -9.6357e-07 0)
(-1.62476e-06 -7.43837e-07 0)
(-1.72722e-06 -5.31118e-07 0)
(-1.81987e-06 -3.33823e-07 0)
(-1.90439e-06 -1.57859e-07 0)
(-1.98239e-06 -6.74709e-09 0)
(-2.05518e-06 1.18126e-07 0)
(-2.12368e-06 2.17131e-07 0)
(-2.18838e-06 2.91965e-07 0)
(-2.24933e-06 3.45221e-07 0)
(-2.30611e-06 3.80014e-07 0)
(-2.35803e-06 3.99732e-07 0)
(-2.40429e-06 4.07647e-07 0)
(-2.44401e-06 4.06674e-07 0)
(-2.47622e-06 3.99201e-07 0)
(-2.49987e-06 3.87242e-07 0)
(-2.51397e-06 3.72733e-07 0)
(-2.51785e-06 3.57417e-07 0)
(-2.51123e-06 3.4262e-07 0)
(-2.49392e-06 3.29189e-07 0)
(-2.46564e-06 3.18028e-07 0)
(-2.42629e-06 3.10051e-07 0)
(-2.37604e-06 3.06149e-07 0)
(-2.31526e-06 3.07073e-07 0)
(-2.24444e-06 3.13482e-07 0)
(-2.16417e-06 3.25855e-07 0)
(-2.07509e-06 3.44505e-07 0)
(-1.97785e-06 3.69498e-07 0)
(-1.87311e-06 4.00664e-07 0)
(-1.76156e-06 4.37503e-07 0)
(-1.64394e-06 4.79188e-07 0)
(-1.52104e-06 5.24475e-07 0)
(-1.39359e-06 5.71715e-07 0)
(-1.26212e-06 6.18861e-07 0)
(-1.127e-06 6.6346e-07 0)
(-9.8927e-07 7.02654e-07 0)
(-8.5178e-07 7.33136e-07 0)
(-7.1718e-07 7.51199e-07 0)
(-5.83583e-07 7.52579e-07 0)
(-4.48231e-07 7.32879e-07 0)
(-3.18016e-07 6.8707e-07 0)
(-2.05272e-07 6.10091e-07 0)
(-1.20778e-07 4.9371e-07 0)
(-3.99064e-08 3.31619e-07 0)
(-2.46344e-08 1.36816e-07 0)
(-3.45081e-08 -2.80201e-07 0)
(-6.44779e-08 -7.00383e-07 0)
(-1.84176e-07 -1.05686e-06 0)
(-3.40537e-07 -1.31321e-06 0)
(-5.34332e-07 -1.47671e-06 0)
(-7.34968e-07 -1.55502e-06 0)
(-9.36031e-07 -1.55693e-06 0)
(-1.13666e-06 -1.4929e-06 0)
(-1.33298e-06 -1.37506e-06 0)
(-1.52012e-06 -1.21622e-06 0)
(-1.69447e-06 -1.02934e-06 0)
(-1.8543e-06 -8.26942e-07 0)
(-1.99935e-06 -6.20566e-07 0)
(-2.13028e-06 -4.20113e-07 0)
(-2.24835e-06 -2.33548e-07 0)
(-2.35507e-06 -6.66603e-08 0)
(-2.45199e-06 7.69348e-08 0)
(-2.54046e-06 1.95515e-07 0)
(-2.62153e-06 2.89056e-07 0)
(-2.69588e-06 3.58766e-07 0)
(-2.76377e-06 4.06844e-07 0)
(-2.82503e-06 4.3605e-07 0)
(-2.8792e-06 4.49547e-07 0)
(-2.92578e-06 4.50551e-07 0)
(-2.96429e-06 4.41923e-07 0)
(-2.99407e-06 4.25819e-07 0)
(-3.01404e-06 4.04142e-07 0)
(-3.02308e-06 3.79103e-07 0)
(-3.02065e-06 3.52961e-07 0)
(-3.00676e-06 3.27193e-07 0)
(-2.98124e-06 3.02471e-07 0)
(-2.94365e-06 2.79671e-07 0)
(-2.89377e-06 2.60061e-07 0)
(-2.83173e-06 2.44789e-07 0)
(-2.75792e-06 2.34805e-07 0)
(-2.67281e-06 2.30832e-07 0)
(-2.57697e-06 2.334e-07 0)
(-2.47101e-06 2.42841e-07 0)
(-2.35556e-06 2.59273e-07 0)
(-2.23126e-06 2.8253e-07 0)
(-2.09882e-06 3.12152e-07 0)
(-1.95901e-06 3.47322e-07 0)
(-1.81266e-06 3.86849e-07 0)
(-1.66059e-06 4.29133e-07 0)
(-1.50345e-06 4.72202e-07 0)
(-1.34174e-06 5.13725e-07 0)
(-1.17676e-06 5.51033e-07 0)
(-1.0117e-06 5.81085e-07 0)
(-8.49659e-07 6.00505e-07 0)
(-6.89086e-07 6.05607e-07 0)
(-5.28042e-07 5.92469e-07 0)
(-3.73743e-07 5.57373e-07 0)
(-2.40247e-07 4.94867e-07 0)
(-1.38356e-07 4.00874e-07 0)
(-4.58049e-08 2.66162e-07 0)
(-2.42479e-08 1.11229e-07 0)
(-3.49901e-08 -2.37221e-07 0)
(-7.23536e-08 -5.98254e-07 0)
(-2.03985e-07 -9.05268e-07 0)
(-3.78585e-07 -1.12785e-06 0)
(-5.95195e-07 -1.26967e-06 0)
(-8.21984e-07 -1.33644e-06 0)
(-1.05129e-06 -1.33532e-06 0)
(-1.28115e-06 -1.27512e-06 0)
(-1.50694e-06 -1.16618e-06 0)
(-1.7231e-06 -1.01974e-06 0)
(-1.92552e-06 -8.47416e-07 0)
(-2.11198e-06 -6.60613e-07 0)
(-2.28184e-06 -4.69796e-07 0)
(-2.43547e-06 -2.84152e-07 0)
(-2.57389e-06 -1.11133e-07 0)
(-2.6984e-06 4.37028e-08 0)
(-2.81046e-06 1.76702e-07 0)
(-2.9114e-06 2.85986e-07 0)
(-3.00236e-06 3.7118e-07 0)
(-3.08416e-06 4.33149e-07 0)
(-3.15723e-06 4.73623e-07 0)
(-3.22159e-06 4.95063e-07 0)
(-3.2769e-06 5.00338e-07 0)
(-3.32293e-06 4.9277e-07 0)
(-3.35972e-06 4.75208e-07 0)
(-3.38702e-06 4.49413e-07 0)
(-3.40356e-06 4.16717e-07 0)
(-3.40785e-06 3.79764e-07 0)
(-3.39957e-06 3.41805e-07 0)
(-3.37937e-06 3.04454e-07 0)
(-3.34717e-06 2.67584e-07 0)
(-3.30211e-06 2.32106e-07 0)
(-3.2438e-06 1.9979e-07 0)
(-3.17246e-06 1.72141e-07 0)
(-3.08852e-06 1.50203e-07 0)
(-2.99245e-06 1.34766e-07 0)
(-2.8848e-06 1.26406e-07 0)
(-2.76612e-06 1.25503e-07 0)
(-2.637e-06 1.32194e-07 0)
(-2.49805e-06 1.46366e-07 0)
(-2.34997e-06 1.6759e-07 0)
(-2.19354e-06 1.95103e-07 0)
(-2.02964e-06 2.27777e-07 0)
(-1.85915e-06 2.6411e-07 0)
(-1.68278e-06 3.02253e-07 0)
(-1.50116e-06 3.40059e-07 0)
(-1.31576e-06 3.75084e-07 0)
(-1.13007e-06 4.04637e-07 0)
(-9.47488e-07 4.25773e-07 0)
(-7.66896e-07 4.35358e-07 0)
(-5.863e-07 4.30388e-07 0)
(-4.14563e-07 4.07584e-07 0)
(-2.64966e-07 3.64085e-07 0)
(-1.51244e-07 2.93788e-07 0)
(-5.35119e-08 1.95152e-07 0)
(-2.35678e-08 8.21485e-08 0)
(-3.48323e-08 -1.90715e-07 0)
(-7.72024e-08 -4.88415e-07 0)
(-2.15914e-07 -7.4079e-07 0)
(-4.02098e-07 -9.2508e-07 0)
(-6.33214e-07 -1.04211e-06 0)
(-8.7706e-07 -1.09525e-06 0)
(-1.12508e-06 -1.08973e-06 0)
(-1.37461e-06 -1.03256e-06 0)
(-1.62049e-06 -9.32324e-07 0)
(-1.8567e-06 -7.98706e-07 0)
(-2.07871e-06 -6.4187e-07 0)
(-2.28395e-06 -4.71904e-07 0)
(-2.47147e-06 -2.98263e-07 0)
(-2.64134e-06 -1.29318e-07 0)
(-2.79429e-06 2.80202e-08 0)
(-2.93145e-06 1.68502e-07 0)
(-3.05414e-06 2.88539e-07 0)
(-3.16364e-06 3.86154e-07 0)
(-3.26111e-06 4.60729e-07 0)
(-3.34754e-06 5.12794e-07 0)
(-3.42352e-06 5.43737e-07 0)
(-3.4892e-06 5.55591e-07 0)
(-3.54428e-06 5.5089e-07 0)
(-3.58854e-06 5.33166e-07 0)
(-3.62277e-06 5.05448e-07 0)
(-3.64755e-06 4.69191e-07 0)
(-3.66115e-06 4.25092e-07 0)
(-3.66086e-06 3.76015e-07 0)
(-3.64694e-06 3.2549e-07 0)
(-3.62153e-06 2.75994e-07 0)
(-3.58434e-06 2.26421e-07 0)
(-3.53374e-06 1.77493e-07 0)
(-3.46923e-06 1.31796e-07 0)
(-3.39129e-06 9.11688e-08 0)
(-3.30043e-06 5.6675e-08 0)
(-3.19707e-06 2.90939e-08 0)
(-3.08169e-06 9.10083e-09 0)
(-2.95478e-06 -2.90527e-09 0)
(-2.8169e-06 -6.72138e-09 0)
(-2.66861e-06 -2.43141e-09 0)
(-2.51056e-06 9.59085e-09 0)
(-2.34353e-06 2.8635e-08 0)
(-2.16842e-06 5.36683e-08 0)
(-1.98615e-06 8.33156e-08 0)
(-1.79745e-06 1.15909e-07 0)
(-1.60302e-06 1.49514e-07 0)
(-1.40449e-06 1.81975e-07 0)
(-1.20549e-06 2.10965e-07 0)
(-1.00974e-06 2.34037e-07 0)
(-8.16103e-07 2.48751e-07 0)
(-6.23409e-07 2.52795e-07 0)
(-4.39365e-07 2.44331e-07 0)
(-2.81493e-07 2.20548e-07 0)
(-1.59129e-07 1.79886e-07 0)
(-5.72441e-08 1.18841e-07 0)
(-2.21697e-08 5.00209e-08 0)
(-3.47086e-08 -1.42993e-07 0)
(-7.83136e-08 -3.74766e-07 0)
(-2.20872e-07 -5.69648e-07 0)
(-4.12004e-07 -7.12808e-07 0)
(-6.49855e-07 -8.02915e-07 0)
(-9.0194e-07 -8.40833e-07 0)
(-1.15932e-06 -8.29756e-07 0)
(-1.41899e-06 -7.74839e-07 0)
(-1.67554e-06 -6.82942e-07 0)
(-1.92266e-06 -5.62146e-07 0)
(-2.15555e-06 -4.21151e-07 0)
(-2.37137e-06 -2.68747e-07 0)
(-2.56891e-06 -1.1332e-07 0)
(-2.74801e-06 3.76379e-08 0)
(-2.90915e-06 1.77804e-07 0)
(-3.05324e-06 3.02279e-07 0)
(-3.18146e-06 4.07639e-07 0)
(-3.29505e-06 4.9186e-07 0)
(-3.39519e-06 5.54145e-07 0)
(-3.48293e-06 5.94756e-07 0)
(-3.55906e-06 6.14795e-07 0)
(-3.62402e-06 6.15924e-07 0)
(-3.67752e-06 6.00341e-07 0)
(-3.71894e-06 5.72501e-07 0)
(-3.74951e-06 5.36352e-07 0)
(-3.77057e-06 4.90382e-07 0)
(-3.78054e-06 4.30984e-07 0)
(-3.77644e-06 3.63494e-07 0)
(-3.75881e-06 3.00858e-07 0)
(-3.72963e-06 2.42523e-07 0)
(-3.68837e-06 1.80697e-07 0)
(-3.63382e-06 1.17908e-07 0)
(-3.56545e-06 5.86991e-08 0)
(-3.48383e-06 5.0262e-09 0)
(-3.38951e-06 -4.21679e-08 0)
(-3.28276e-06 -8.20499e-08 0)
(-3.16396e-06 -1.13955e-07 0)
(-3.03357e-06 -1.37371e-07 0)
(-2.89207e-06 -1.52063e-07 0)
(-2.73998e-06 -1.58048e-07 0)
(-2.57792e-06 -1.55652e-07 0)
(-2.40662e-06 -1.45509e-07 0)
(-2.22696e-06 -1.2856e-07 0)
(-2.03982e-06 -1.06021e-07 0)
(-1.84597e-06 -7.93751e-08 0)
(-1.64613e-06 -5.03047e-08 0)
(-1.442e-06 -2.06403e-08 0)
(-1.23734e-06 7.69348e-09 0)
(-1.03591e-06 3.28035e-08 0)
(-8.36875e-07 5.2932e-08 0)
(-6.38302e-07 6.67423e-08 0)
(-4.5033e-07 7.30458e-08 0)
(-2.86848e-07 7.15377e-08 0)
(-1.63097e-07 5.97893e-08 0)
(-5.87745e-08 4.05848e-08 0)
(-2.29902e-08 1.67398e-08 0)
(-3.50737e-08 -9.55118e-08 0)
(-7.69182e-08 -2.60539e-07 0)
(-2.19275e-07 -3.97125e-07 0)
(-4.09284e-07 -4.98242e-07 0)
(-6.4648e-07 -5.60463e-07 0)
(-8.98335e-07 -5.82263e-07 0)
(-1.15603e-06 -5.64815e-07 0)
(-1.41654e-06 -5.11481e-07 0)
(-1.67447e-06 -4.27429e-07 0)
(-1.9234e-06 -3.19151e-07 0)
(-2.15838e-06 -1.93919e-07 0)
(-2.37645e-06 -5.92473e-08 0)
(-2.57617e-06 7.75587e-08 0)
(-2.75719e-06 2.09857e-07 0)
(-2.9198e-06 3.31983e-07 0)
(-3.06474e-06 4.39438e-07 0)
(-3.19302e-06 5.28996e-07 0)
(-3.30584e-06 5.98642e-07 0)
(-3.40438e-06 6.47483e-07 0)
(-3.48969e-06 6.75581e-07 0)
(-3.56262e-06 6.8375e-07 0)
(-3.6238e-06 6.73068e-07 0)
(-3.67347e-06 6.43815e-07 0)
(-3.71223e-06 6.01554e-07 0)
(-3.74031e-06 5.54973e-07 0)
(-3.75633e-06 5.00787e-07 0)
(-3.7602e-06 4.32677e-07 0)
(-3.75311e-06 3.5578e-07 0)
(-3.73435e-06 2.80777e-07 0)
(-3.70191e-06 2.09321e-07 0)
(-3.65645e-06 1.34984e-07 0)
(-3.5994e-06 5.73026e-08 0)
(-3.53007e-06 -1.62139e-08 0)
(-3.44822e-06 -8.28154e-08 0)
(-3.35414e-06 -1.42453e-07 0)
(-3.24804e-06 -1.94437e-07 0)
(-3.13028e-06 -2.38071e-07 0)
(-3.00125e-06 -2.72802e-07 0)
(-2.86141e-06 -2.98329e-07 0)
(-2.71121e-06 -3.14609e-07 0)
(-2.55121e-06 -3.21882e-07 0)
(-2.38208e-06 -3.20709e-07 0)
(-2.20464e-06 -3.11932e-07 0)
(-2.01972e-06 -2.96625e-07 0)
(-1.82804e-06 -2.76072e-07 0)
(-1.63033e-06 -2.51695e-07 0)
(-1.42827e-06 -2.24987e-07 0)
(-1.22561e-06 -1.97414e-07 0)
(-1.02618e-06 -1.70314e-07 0)
(-8.28788e-07 -1.44691e-07 0)
(-6.32398e-07 -1.21141e-07 0)
(-4.44573e-07 -9.94544e-08 0)
(-2.85165e-07 -7.98562e-08 0)
(-1.61964e-07 -6.06147e-08 0)
(-5.56677e-08 -4.07245e-08 0)
(-2.22901e-08 -1.56833e-08 0)
(-3.62217e-08 -4.93334e-08 0)
(-7.18576e-08 -1.48218e-07 0)
(-2.12016e-07 -2.27908e-07 0)
(-3.94793e-07 -2.87987e-07 0)
(-6.24339e-07 -3.22619e-07 0)
(-8.67946e-07 -3.28175e-07 0)
(-1.11732e-06 -3.03979e-07 0)
(-1.36977e-06 -2.51723e-07 0)
(-1.62006e-06 -1.74957e-07 0)
(-1.86188e-06 -7.86709e-08 0)
(-2.09031e-06 3.12441e-08 0)
(-2.30231e-06 1.48492e-07 0)
(-2.49637e-06 2.6682e-07 0)
(-2.67196e-06 3.80416e-07 0)
(-2.82923e-06 4.8426e-07 0)
(-2.96876e-06 5.74295e-07 0)
(-3.0915e-06 6.47522e-07 0)
(-3.19855e-06 7.02003e-07 0)
(-3.29107e-06 7.36811e-07 0)
(-3.37012e-06 7.51891e-07 0)
(-3.43661e-06 7.47903e-07 0)
(-3.49135e-06 7.26055e-07 0)
(-3.53535e-06 6.88225e-07 0)
(-3.56946e-06 6.38346e-07 0)
(-3.59264e-06 5.78727e-07 0)
(-3.60327e-06 5.08535e-07 0)
(-3.60228e-06 4.27989e-07 0)
(-3.59164e-06 3.40905e-07 0)
(-3.57071e-06 2.52767e-07 0)
(-3.5372e-06 1.65745e-07 0)
(-3.49086e-06 7.92015e-08 0)
(-3.43332e-06 -7.27153e-09 0)
(-3.36515e-06 -9.09774e-08 0)
(-3.28592e-06 -1.69144e-07 0)
(-3.19548e-06 -2.40422e-07 0)
(-3.09395e-06 -3.03844e-07 0)
(-2.98161e-06 -3.58607e-07 0)
(-2.85881e-06 -4.04133e-07 0)
(-2.72589e-06 -4.40048e-07 0)
(-2.58325e-06 -4.66235e-07 0)
(-2.43134e-06 -4.82871e-07 0)
(-2.2708e-06 -4.90414e-07 0)
(-2.10233e-06 -4.89597e-07 0)
(-1.92668e-06 -4.81384e-07 0)
(-1.74449e-06 -4.66851e-07 0)
(-1.55639e-06 -4.47147e-07 0)
(-1.36398e-06 -4.2342e-07 0)
(-1.17097e-06 -3.96703e-07 0)
(-9.80964e-07 -3.67765e-07 0)
(-7.92932e-07 -3.36956e-07 0)
(-6.04459e-07 -3.03908e-07 0)
(-4.26222e-07 -2.67829e-07 0)
(-2.71613e-07 -2.26673e-07 0)
(-1.55861e-07 -1.79256e-07 0)
(-5.63914e-08 -1.19313e-07 0)
(-2.20332e-08 -4.72968e-08 0)
(-3.70732e-08 -6.24714e-09 0)
(-6.56883e-08 -4.06641e-08 0)
(-1.99105e-07 -6.69454e-08 0)
(-3.69407e-07 -8.85642e-08 0)
(-5.84649e-07 -9.69216e-08 0)
(-8.12464e-07 -8.67846e-08 0)
(-1.04543e-06 -5.5909e-08 0)
(-1.28137e-06 -4.43418e-09 0)
(-1.51546e-06 6.5571e-08 0)
(-1.74166e-06 1.50521e-07 0)
(-1.95519e-06 2.45812e-07 0)
(-2.15308e-06 3.46297e-07 0)
(-2.33378e-06 4.46711e-07 0)
(-2.49672e-06 5.4206e-07 0)
(-2.64192e-06 6.27935e-07 0)
(-2.76987e-06 7.00732e-07 0)
(-2.88143e-06 7.57736e-07 0)
(-2.97768e-06 7.97122e-07 0)
(-3.05974e-06 8.17991e-07 0)
(-3.12874e-06 8.20193e-07 0)
(-3.18571e-06 8.04259e-07 0)
(-3.23164e-06 7.71293e-07 0)
(-3.2675e-06 7.23031e-07 0)
(-3.29368e-06 6.62226e-07 0)
(-3.30952e-06 5.91213e-07 0)
(-3.31449e-06 5.1043e-07 0)
(-3.30945e-06 4.20523e-07 0)
(-3.2955e-06 3.24407e-07 0)
(-3.27229e-06 2.26032e-07 0)
(-3.23856e-06 1.27529e-07 0)
(-3.19387e-06 2.92623e-08 0)
(-3.13896e-06 -6.80286e-08 0)
(-3.07451e-06 -1.62075e-07 0)
(-3.00053e-06 -2.50691e-07 0)
(-2.91695e-06 -3.32399e-07 0)
(-2.82378e-06 -4.06108e-07 0)
(-2.72116e-06 -4.70946e-07 0)
(-2.60931e-06 -5.26284e-07 0)
(-2.48847e-06 -5.71689e-07 0)
(-2.35892e-06 -6.07004e-07 0)
(-2.22103e-06 -6.32322e-07 0)
(-2.07531e-06 -6.48006e-07 0)
(-1.92238e-06 -6.54675e-07 0)
(-1.76286e-06 -6.53174e-07 0)
(-1.59724e-06 -6.44391e-07 0)
(-1.426e-06 -6.29191e-07 0)
(-1.25063e-06 -6.08391e-07 0)
(-1.07462e-06 -5.82626e-07 0)
(-9.01466e-07 -5.52148e-07 0)
(-7.29415e-07 -5.16622e-07 0)
(-5.57041e-07 -4.74992e-07 0)
(-3.91134e-07 -4.25245e-07 0)
(-2.52117e-07 -3.6507e-07 0)
(-1.44512e-07 -2.89334e-07 0)
(-5.11448e-08 -1.93271e-07 0)
(-1.94616e-08 -7.73754e-08 0)
(-3.81804e-08 3.30014e-08 0)
(-5.7954e-08 5.90831e-08 0)
(-1.81228e-07 8.08227e-08 0)
(-3.33646e-07 9.39731e-08 0)
(-5.28329e-07 1.09696e-07 0)
(-7.3351e-07 1.34296e-07 0)
(-9.42661e-07 1.71353e-07 0)
(-1.15433e-06 2.22093e-07 0)
(-1.36426e-06 2.8578e-07 0)
(-1.56687e-06 3.601e-07 0)
(-1.75765e-06 4.4163e-07 0)
(-1.93379e-06 5.26283e-07 0)
(-2.09383e-06 6.09714e-07 0)
(-2.23717e-06 6.87688e-07 0)
(-2.36381e-06 7.56377e-07 0)
(-2.47418e-06 8.12654e-07 0)
(-2.56904e-06 8.54115e-07 0)
(-2.64952e-06 8.79093e-07 0)
(-2.7167e-06 8.86737e-07 0)
(-2.77176e-06 8.76848e-07 0)
(-2.81583e-06 8.49867e-07 0)
(-2.84994e-06 8.06813e-07 0)
(-2.87497e-06 7.49204e-07 0)
(-2.89132e-06 6.79126e-07 0)
(-2.89887e-06 5.98363e-07 0)
(-2.89758e-06 5.07997e-07 0)
(-2.88808e-06 4.0936e-07 0)
(-2.87099e-06 3.04902e-07 0)
(-2.84617e-06 1.97523e-07 0)
(-2.81296e-06 8.93594e-08 0)
(-2.77113e-06 -1.83691e-08 0)
(-2.72101e-06 -1.24446e-07 0)
(-2.66303e-06 -2.27073e-07 0)
(-2.59734e-06 -3.24342e-07 0)
(-2.52396e-06 -4.14763e-07 0)
(-2.44287e-06 -4.97124e-07 0)
(-2.3541e-06 -5.70535e-07 0)
(-2.25777e-06 -6.34273e-07 0)
(-2.15396e-06 -6.87902e-07 0)
(-2.04283e-06 -7.31183e-07 0)
(-1.9246e-06 -7.64161e-07 0)
(-1.79967e-06 -7.87074e-07 0)
(-1.66853e-06 -8.00465e-07 0)
(-1.53164e-06 -8.05049e-07 0)
(-1.38929e-06 -8.01565e-07 0)
(-1.24179e-06 -7.9056e-07 0)
(-1.09042e-06 -7.72582e-07 0)
(-9.3845e-07 -7.47892e-07 0)
(-7.88929e-07 -7.16287e-07 0)
(-6.40107e-07 -6.76793e-07 0)
(-4.88675e-07 -6.27599e-07 0)
(-3.44994e-07 -5.66155e-07 0)
(-2.20375e-07 -4.88189e-07 0)
(-1.28901e-07 -3.89031e-07 0)
(-4.76176e-08 -2.58926e-07 0)
(-1.92218e-08 -1.05214e-07 0)
(-3.90284e-08 6.92225e-08 0)
(-5.02312e-08 1.49031e-07 0)
(-1.5752e-07 2.11396e-07 0)
(-2.87694e-07 2.54516e-07 0)
(-4.56396e-07 2.91236e-07 0)
(-6.32844e-07 3.28392e-07 0)
(-8.11527e-07 3.7064e-07 0)
(-9.91907e-07 4.20386e-07 0)
(-1.17047e-06 4.78061e-07 0)
(-1.34222e-06 5.42474e-07 0)
(-1.50305e-06 6.11238e-07 0)
(-1.6504e-06 6.81229e-07 0)
(-1.78297e-06 7.48941e-07 0)
(-1.90023e-06 8.10801e-07 0)
(-2.00219e-06 8.63508e-07 0)
(-2.08939e-06 9.04477e-07 0)
(-2.16218e-06 9.31562e-07 0)
(-2.22218e-06 9.43269e-07 0)
(-2.27017e-06 9.38896e-07 0)
(-2.30748e-06 9.18165e-07 0)
(-2.33527e-06 8.81474e-07 0)
(-2.35465e-06 8.29688e-07 0)
(-2.3665e-06 7.64076e-07 0)
(-2.37136e-06 6.86259e-07 0)
(-2.36945e-06 5.97778e-07 0)
(-2.36102e-06 4.99997e-07 0)
(-2.34654e-06 3.94483e-07 0)
(-2.32643e-06 2.83408e-07 0)
(-2.30066e-06 1.69158e-07 0)
(-2.26897e-06 5.38098e-08 0)
(-2.23127e-06 -6.104e-08 0)
(-2.18774e-06 -1.73894e-07 0)
(-2.13862e-06 -2.83084e-07 0)
(-2.08405e-06 -3.86908e-07 0)
(-2.02406e-06 -4.83931e-07 0)
(-1.95861e-06 -5.7294e-07 0)
(-1.88765e-06 -6.53025e-07 0)
(-1.81112e-06 -7.23427e-07 0)
(-1.729e-06 -7.8368e-07 0)
(-1.64127e-06 -8.3348e-07 0)
(-1.548e-06 -8.72813e-07 0)
(-1.44941e-06 -9.01797e-07 0)
(-1.34583e-06 -9.20877e-07 0)
(-1.23758e-06 -9.30714e-07 0)
(-1.12471e-06 -9.31909e-07 0)
(-1.0073e-06 -9.24673e-07 0)
(-8.86354e-07 -9.09343e-07 0)
(-7.64849e-07 -8.85934e-07 0)
(-6.45472e-07 -8.53755e-07 0)
(-5.25469e-07 -8.11275e-07 0)
(-4.02652e-07 -7.56156e-07 0)
(-2.82344e-07 -6.84979e-07 0)
(-1.84025e-07 -5.93355e-07 0)
(-1.08743e-07 -4.73527e-07 0)
(-3.67777e-08 -3.16984e-07 0)
(-1.74377e-08 -1.28668e-07 0)
(-4.06828e-08 1.02041e-07 0)
(-3.89793e-08 2.2398e-07 0)
(-1.27419e-07 3.20563e-07 0)
(-2.32163e-07 3.88843e-07 0)
(-3.70119e-07 4.42596e-07 0)
(-5.12503e-07 4.89609e-07 0)
(-6.5488e-07 5.35581e-07 0)
(-7.97769e-07 5.83786e-07 0)
(-9.38569e-07 6.35634e-07 0)
(-1.07299e-06 6.90838e-07 0)
(-1.19744e-06 7.47931e-07 0)
(-1.30969e-06 8.04591e-07 0)
(-1.40866e-06 8.58074e-07 0)
(-1.49393e-06 9.05355e-07 0)
(-1.56546e-06 9.43668e-07 0)
(-1.62477e-06 9.70361e-07 0)
(-1.67014e-06 9.84813e-07 0)
(-1.70554e-06 9.85258e-07 0)
(-1.73022e-06 9.70515e-07 0)
(-1.74612e-06 9.40612e-07 0)
(-1.75444e-06 8.95972e-07 0)
(-1.75637e-06 8.37274e-07 0)
(-1.75285e-06 7.65583e-07 0)
(-1.74457e-06 6.82161e-07 0)
(-1.732e-06 5.88403e-07 0)
(-1.71553e-06 4.85675e-07 0)
(-1.6956e-06 3.7563e-07 0)
(-1.67252e-06 2.60221e-07 0)
(-1.64637e-06 1.41616e-07 0)
(-1.6171e-06 2.18264e-08 0)
(-1.58474e-06 -9.73887e-08 0)
(-1.54944e-06 -2.1443e-07 0)
(-1.51131e-06 -3.27665e-07 0)
(-1.47044e-06 -4.35557e-07 0)
(-1.42683e-06 -5.36703e-07 0)
(-1.38036e-06 -6.30012e-07 0)
(-1.33086e-06 -7.14514e-07 0)
(-1.27813e-06 -7.89528e-07 0)
(-1.22197e-06 -8.54471e-07 0)
(-1.16221e-06 -9.09068e-07 0)
(-1.09871e-06 -9.53168e-07 0)
(-1.03153e-06 -9.86862e-07 0)
(-9.60671e-07 -1.0103e-06 0)
(-8.86368e-07 -1.02418e-06 0)
(-8.08496e-07 -1.02925e-06 0)
(-7.26959e-07 -1.02537e-06 0)
(-6.422e-07 -1.01259e-06 0)
(-5.56972e-07 -9.90777e-07 0)
(-4.73279e-07 -9.5876e-07 0)
(-3.88267e-07 -9.14684e-07 0)
(-2.97595e-07 -8.55638e-07 0)
(-2.10576e-07 -7.77827e-07 0)
(-1.35261e-07 -6.75494e-07 0)
(-8.39107e-08 -5.41471e-07 0)
(-3.09335e-08 -3.63796e-07 0)
(-1.85365e-08 -1.48234e-07 0)
(-4.1417e-08 1.28854e-07 0)
(-2.4555e-08 2.80785e-07 0)
(-9.26006e-08 4.05175e-07 0)
(-1.68878e-07 4.93071e-07 0)
(-2.71744e-07 5.59118e-07 0)
(-3.75056e-07 6.12848e-07 0)
(-4.7586e-07 6.60712e-07 0)
(-5.759e-07 7.06636e-07 0)
(-6.73464e-07 7.5271e-07 0)
(-7.65038e-07 7.994e-07 0)
(-8.47607e-07 8.45938e-07 0)
(-9.19356e-07 8.90689e-07 0)
(-9.79456e-07 9.31532e-07 0)
(-1.02746e-06 9.65874e-07 0)
(-1.06303e-06 9.92054e-07 0)
(-1.08877e-06 1.00823e-06 0)
(-1.10493e-06 1.01133e-06 0)
(-1.11099e-06 1.00126e-06 0)
(-1.10844e-06 9.77914e-07 0)
(-1.09962e-06 9.40944e-07 0)
(-1.08554e-06 8.90544e-07 0)
(-1.0675e-06 8.27172e-07 0)
(-1.04656e-06 7.51779e-07 0)
(-1.02356e-06 6.65283e-07 0)
(-9.99142e-07 5.69002e-07 0)
(-9.73811e-07 4.64106e-07 0)
(-9.47973e-07 3.52317e-07 0)
(-9.21935e-07 2.35307e-07 0)
(-8.95819e-07 1.15277e-07 0)
(-8.69734e-07 -5.97553e-09 0)
(-8.43852e-07 -1.26472e-07 0)
(-8.18288e-07 -2.44755e-07 0)
(-7.93078e-07 -3.5907e-07 0)
(-7.68214e-07 -4.682e-07 0)
(-7.43662e-07 -5.70616e-07 0)
(-7.19191e-07 -6.65533e-07 0)
(-6.94471e-07 -7.51802e-07 0)
(-6.69118e-07 -8.29017e-07 0)
(-6.42736e-07 -8.96312e-07 0)
(-6.14967e-07 -9.53625e-07 0)
(-5.85526e-07 -1.00051e-06 0)
(-5.54392e-07 -1.03733e-06 0)
(-5.21273e-07 -1.06397e-06 0)
(-4.85364e-07 -1.08117e-06 0)
(-4.46596e-07 -1.08919e-06 0)
(-4.061e-07 -1.08773e-06 0)
(-3.62304e-07 -1.07692e-06 0)
(-3.18499e-07 -1.05678e-06 0)
(-2.75701e-07 -1.02568e-06 0)
(-2.29887e-07 -9.81549e-07 0)
(-1.77966e-07 -9.20932e-07 0)
(-1.23498e-07 -8.39977e-07 0)
(-8.36926e-08 -7.32468e-07 0)
(-5.49078e-08 -5.8902e-07 0)
(-1.7794e-08 -3.96312e-07 0)
(-1.68498e-08 -1.64364e-07 0)
(-4.06194e-08 1.47127e-07 0)
(-7.96626e-09 3.19778e-07 0)
(-5.49785e-08 4.62996e-07 0)
(-9.92236e-08 5.63105e-07 0)
(-1.62958e-07 6.36133e-07 0)
(-2.22879e-07 6.93307e-07 0)
(-2.77822e-07 7.41211e-07 0)
(-3.30641e-07 7.84087e-07 0)
(-3.80517e-07 8.24444e-07 0)
(-4.24744e-07 8.63342e-07 0)
(-4.60979e-07 9.00537e-07 0)
(-4.87923e-07 9.35038e-07 0)
(-5.05128e-07 9.65209e-07 0)
(-5.1162e-07 9.88414e-07 0)
(-5.09813e-07 1.00391e-06 0)
(-4.96489e-07 1.01047e-06 0)
(-4.75791e-07 1.0052e-06 0)
(-4.49047e-07 9.87749e-07 0)
(-4.17492e-07 9.58247e-07 0)
(-3.81258e-07 9.16518e-07 0)
(-3.423e-07 8.62725e-07 0)
(-3.02062e-07 7.97252e-07 0)
(-2.61837e-07 7.20823e-07 0)
(-2.22618e-07 6.34137e-07 0)
(-1.85217e-07 5.38319e-07 0)
(-1.50204e-07 4.3439e-07 0)
(-1.1803e-07 3.23952e-07 0)
(-8.89597e-08 2.0853e-07 0)
(-6.31948e-08 9.02606e-08 0)
(-4.09478e-08 -2.91573e-08 0)
(-2.25018e-08 -1.47677e-07 0)
(-7.97834e-09 -2.63892e-07 0)
(2.61768e-09 -3.76143e-07 0)
(9.42122e-09 -4.83237e-07 0)
(1.2566e-08 -5.83886e-07 0)
(1.24155e-08 -6.7721e-07 0)
(9.47344e-09 -7.62429e-07 0)
(4.37203e-09 -8.38904e-07 0)
(-2.25816e-09 -9.06104e-07 0)
(-9.86145e-09 -9.63576e-07 0)
(-1.7941e-08 -1.0112e-06 0)
(-2.61232e-08 -1.04905e-06 0)
(-3.41926e-08 -1.07743e-06 0)
(-4.09397e-08 -1.09634e-06 0)
(-4.69424e-08 -1.10573e-06 0)
(-5.13812e-08 -1.10602e-06 0)
(-5.29498e-08 -1.09737e-06 0)
(-5.42369e-08 -1.07883e-06 0)
(-5.59062e-08 -1.04941e-06 0)
(-5.38534e-08 -1.00648e-06 0)
(-4.28888e-08 -9.46946e-07 0)
(-3.07712e-08 -8.66402e-07 0)
(-2.14334e-08 -7.58965e-07 0)
(-2.16261e-08 -6.11953e-07 0)
(-7.91672e-09 -4.13575e-07 0)
(-1.52705e-08 -1.74908e-07 0)
(-3.80268e-08 1.56195e-07 0)
(8.4111e-09 3.38017e-07 0)
(-1.35724e-08 4.88546e-07 0)
(-2.37496e-08 5.9309e-07 0)
(-4.52301e-08 6.68161e-07 0)
(-5.81528e-08 7.25836e-07 0)
(-6.39658e-08 7.72283e-07 0)
(-6.64136e-08 8.117e-07 0)
(-6.53439e-08 8.46631e-07 0)
(-5.88123e-08 8.78747e-07 0)
(-4.51602e-08 9.0795e-07 0)
(-2.39733e-08 9.33862e-07 0)
(6.48041e-09 9.54661e-07 0)
(4.51914e-08 9.69631e-07 0)
(9.00369e-08 9.76654e-07 0)
(1.42165e-07 9.74842e-07 0)
(1.99753e-07 9.63642e-07 0)
(2.62348e-07 9.42363e-07 0)
(3.2732e-07 9.09161e-07 0)
(3.93847e-07 8.65575e-07 0)
(4.6017e-07 8.10721e-07 0)
(5.24692e-07 7.46424e-07 0)
(5.85936e-07 6.71553e-07 0)
(6.42795e-07 5.88379e-07 0)
(6.94305e-07 4.95841e-07 0)
(7.39799e-07 3.96866e-07 0)
(7.7879e-07 2.90646e-07 0)
(8.11018e-07 1.80938e-07 0)
(8.36215e-07 6.72627e-08 0)
(8.54079e-07 -4.61926e-08 0)
(8.64257e-07 -1.60054e-07 0)
(8.6654e-07 -2.70273e-07 0)
(8.61106e-07 -3.77863e-07 0)
(8.48126e-07 -4.79004e-07 0)
(8.27942e-07 -5.75151e-07 0)
(8.00955e-07 -6.6302e-07 0)
(7.67948e-07 -7.44573e-07 0)
(7.29777e-07 -8.16815e-07 0)
(6.87411e-07 -8.81597e-07 0)
(6.41624e-07 -9.36086e-07 0)
(5.93065e-07 -9.82517e-07 0)
(5.42366e-07 -1.01877e-06 0)
(4.90097e-07 -1.04704e-06 0)
(4.3704e-07 -1.06524e-06 0)
(3.83778e-07 -1.07524e-06 0)
(3.32503e-07 -1.07637e-06 0)
(2.82094e-07 -1.06959e-06 0)
(2.32266e-07 -1.0525e-06 0)
(1.82586e-07 -1.0252e-06 0)
(1.38208e-07 -9.84258e-07 0)
(1.03017e-07 -9.27438e-07 0)
(7.4903e-08 -8.50435e-07 0)
(4.31637e-08 -7.46707e-07 0)
(1.52783e-08 -6.05891e-07 0)
(9.34738e-09 -4.09951e-07 0)
(-1.07562e-08 -1.7727e-07 0)
(-3.5899e-08 1.53806e-07 0)
(2.72669e-08 3.30901e-07 0)
(3.09554e-08 4.76515e-07 0)
(5.78948e-08 5.7715e-07 0)
(8.13367e-08 6.4987e-07 0)
(1.17653e-07 7.05392e-07 0)
(1.62857e-07 7.49265e-07 0)
(2.12542e-07 7.84819e-07 0)
(2.66535e-07 8.15134e-07 0)
(3.26009e-07 8.41249e-07 0)
(3.91997e-07 8.64243e-07 0)
(4.64548e-07 8.82768e-07 0)
(5.44256e-07 8.96807e-07 0)
(6.29317e-07 9.05115e-07 0)
(7.19764e-07 9.07161e-07 0)
(8.14414e-07 9.00262e-07 0)
(9.12274e-07 8.85662e-07 0)
(1.01206e-06 8.60794e-07 0)
(1.11222e-06 8.27643e-07 0)
(1.21096e-06 7.83827e-07 0)
(1.30663e-06 7.32512e-07 0)
(1.39712e-06 6.71117e-07 0)
(1.48102e-06 6.03059e-07 0)
(1.55678e-06 5.25231e-07 0)
(1.62356e-06 4.41805e-07 0)
(1.6803e-06 3.49674e-07 0)
(1.72671e-06 2.53928e-07 0)
(1.76224e-06 1.51725e-07 0)
(1.78668e-06 4.90241e-08 0)
(1.79954e-06 -5.70436e-08 0)
(1.80055e-06 -1.60179e-07 0)
(1.78958e-06 -2.63496e-07 0)
(1.76693e-06 -3.60466e-07 0)
(1.73294e-06 -4.54686e-07 0)
(1.68789e-06 -5.40088e-07 0)
(1.63238e-06 -6.21385e-07 0)
(1.56733e-06 -6.93248e-07 0)
(1.49414e-06 -7.60417e-07 0)
(1.41396e-06 -8.17122e-07 0)
(1.3278e-06 -8.67856e-07 0)
(1.23633e-06 -9.08035e-07 0)
(1.1408e-06 -9.42416e-07 0)
(1.04194e-06 -9.66602e-07 0)
(9.4086e-07 -9.84661e-07 0)
(8.38573e-07 -9.92887e-07 0)
(7.37001e-07 -9.9524e-07 0)
(6.36267e-07 -9.87931e-07 0)
(5.36193e-07 -9.73378e-07 0)
(4.36902e-07 -9.47212e-07 0)
(3.43876e-07 -9.09615e-07 0)
(2.62068e-07 -8.56192e-07 0)
(1.86467e-07 -7.85544e-07 0)
(1.16996e-07 -6.92426e-07 0)
(5.54636e-08 -5.62812e-07 0)
(2.42146e-08 -3.84439e-07 0)
(-7.34312e-09 -1.70188e-07 0)
(-3.56116e-08 1.40572e-07 0)
(5.00682e-08 2.99358e-07 0)
(7.91116e-08 4.2702e-07 0)
(1.45708e-07 5.14837e-07 0)
(2.16206e-07 5.7963e-07 0)
(3.02773e-07 6.29506e-07 0)
(3.99386e-07 6.68152e-07 0)
(5.01788e-07 6.98879e-07 0)
(6.09187e-07 7.23843e-07 0)
(7.22454e-07 7.44826e-07 0)
(8.41524e-07 7.61906e-07 0)
(9.6637e-07 7.75304e-07 0)
(1.09616e-06 7.8397e-07 0)
(1.23036e-06 7.87972e-07 0)
(1.36763e-06 7.85473e-07 0)
(1.50711e-06 7.76689e-07 0)
(1.64698e-06 7.60198e-07 0)
(1.78633e-06 7.36748e-07 0)
(1.92302e-06 7.04845e-07 0)
(2.05581e-06 6.66131e-07 0)
(2.18217e-06 6.1958e-07 0)
(2.30042e-06 5.67448e-07 0)
(2.40817e-06 5.07722e-07 0)
(2.50444e-06 4.42469e-07 0)
(2.58749e-06 3.69735e-07 0)
(2.65673e-06 2.92341e-07 0)
(2.71109e-06 2.08638e-07 0)
(2.75037e-06 1.22236e-07 0)
(2.77365e-06 3.19499e-08 0)
(2.78081e-06 -5.78293e-08 0)
(2.77148e-06 -1.48419e-07 0)
(2.74626e-06 -2.35408e-07 0)
(2.7055e-06 -3.20396e-07 0)
(2.64964e-06 -3.98992e-07 0)
(2.57877e-06 -4.73415e-07 0)
(2.49339e-06 -5.40226e-07 0)
(2.39494e-06 -6.02783e-07 0)
(2.28521e-06 -6.57874e-07 0)
(2.16596e-06 -7.07452e-07 0)
(2.03761e-06 -7.48454e-07 0)
(1.90151e-06 -7.83665e-07 0)
(1.75897e-06 -8.10772e-07 0)
(1.61196e-06 -8.3237e-07 0)
(1.46116e-06 -8.4604e-07 0)
(1.30854e-06 -8.54165e-07 0)
(1.15545e-06 -8.54868e-07 0)
(1.0036e-06 -8.49818e-07 0)
(8.52381e-07 -8.364e-07 0)
(7.03415e-07 -8.14469e-07 0)
(5.61248e-07 -7.80649e-07 0)
(4.30531e-07 -7.34761e-07 0)
(3.08443e-07 -6.74574e-07 0)
(1.94348e-07 -5.94387e-07 0)
(9.92348e-08 -4.87507e-07 0)
(4.54686e-08 -3.3647e-07 0)
(-5.23475e-09 -1.5297e-07 0)
(-4.01256e-08 1.20319e-07 0)
(7.14616e-08 2.49598e-07 0)
(1.2852e-07 3.52254e-07 0)
(2.37957e-07 4.19421e-07 0)
(3.56523e-07 4.71227e-07 0)
(4.92548e-07 5.11364e-07 0)
(6.39994e-07 5.41639e-07 0)
(7.94517e-07 5.64784e-07 0)
(9.55379e-07 5.83095e-07 0)
(1.12225e-06 5.98072e-07 0)
(1.2949e-06 6.09828e-07 0)
(1.47218e-06 6.18513e-07 0)
(1.6535e-06 6.23343e-07 0)
(1.83745e-06 6.24332e-07 0)
(2.02316e-06 6.20241e-07 0)
(2.20858e-06 6.1128e-07 0)
(2.39249e-06 5.96392e-07 0)
(2.57262e-06 5.76227e-07 0)
(2.74766e-06 5.49589e-07 0)
(2.9153e-06 5.1774e-07 0)
(3.07414e-06 4.8033e-07 0)
(3.22119e-06 4.39324e-07 0)
(3.35471e-06 3.92753e-07 0)
(3.47256e-06 3.41889e-07 0)
(3.57373e-06 2.85041e-07 0)
(3.65643e-06 2.24381e-07 0)
(3.72011e-06 1.58457e-07 0)
(3.76359e-06 8.99911e-08 0)
(3.78635e-06 1.8652e-08 0)
(3.78763e-06 -5.15976e-08 0)
(3.76763e-06 -1.2191e-07 0)
(3.72685e-06 -1.89221e-07 0)
(3.66638e-06 -2.54912e-07 0)
(3.58674e-06 -3.15786e-07 0)
(3.48834e-06 -3.73484e-07 0)
(3.37179e-06 -4.25273e-07 0)
(3.2385e-06 -4.74189e-07 0)
(3.09123e-06 -5.17967e-07 0)
(2.93119e-06 -5.57707e-07 0)
(2.75957e-06 -5.90476e-07 0)
(2.57742e-06 -6.1868e-07 0)
(2.38717e-06 -6.40199e-07 0)
(2.19046e-06 -6.57312e-07 0)
(1.98938e-06 -6.67954e-07 0)
(1.7851e-06 -6.74405e-07 0)
(1.5804e-06 -6.75022e-07 0)
(1.37645e-06 -6.71623e-07 0)
(1.17462e-06 -6.61706e-07 0)
(9.75585e-07 -6.45004e-07 0)
(7.84588e-07 -6.18487e-07 0)
(6.05115e-07 -5.82953e-07 0)
(4.36481e-07 -5.36865e-07 0)
(2.80077e-07 -4.75923e-07 0)
(1.45662e-07 -3.90445e-07 0)
(6.65371e-08 -2.7364e-07 0)
(-1.27601e-08 -1.28523e-07 0)
(-2.69332e-08 8.488e-08 0)
(1.04409e-07 1.3945e-07 0)
(1.86791e-07 2.11655e-07 0)
(3.3472e-07 2.56935e-07 0)
(4.99834e-07 2.98867e-07 0)
(6.82615e-07 3.29165e-07 0)
(8.78219e-07 3.48409e-07 0)
(1.08362e-06 3.61357e-07 0)
(1.29712e-06 3.72158e-07 0)
(1.51754e-06 3.81104e-07 0)
(1.74344e-06 3.88756e-07 0)
(1.97366e-06 3.94013e-07 0)
(2.20679e-06 3.97222e-07 0)
(2.44167e-06 3.97004e-07 0)
(2.6764e-06 3.94337e-07 0)
(2.90932e-06 3.87612e-07 0)
(3.13812e-06 3.78406e-07 0)
(3.3608e-06 3.64531e-07 0)
(3.57475e-06 3.47906e-07 0)
(3.77837e-06 3.25443e-07 0)
(3.96973e-06 3.03342e-07 0)
(4.14678e-06 2.78969e-07 0)
(4.30684e-06 2.52983e-07 0)
(4.44829e-06 2.20969e-07 0)
(4.56907e-06 1.87208e-07 0)
(4.66749e-06 1.47288e-07 0)
(4.7419e-06 1.05412e-07 0)
(4.79173e-06 5.64126e-08 0)
(4.81485e-06 8.09644e-09 0)
(4.81061e-06 -3.97446e-08 0)
(4.77856e-06 -8.26584e-08 0)
(4.72082e-06 -1.28033e-07 0)
(4.63864e-06 -1.69013e-07 0)
(4.53291e-06 -2.09501e-07 0)
(4.40471e-06 -2.43097e-07 0)
(4.25502e-06 -2.74788e-07 0)
(4.08598e-06 -3.01345e-07 0)
(3.89974e-06 -3.30309e-07 0)
(3.69794e-06 -3.53014e-07 0)
(3.48156e-06 -3.73767e-07 0)
(3.25272e-06 -3.88638e-07 0)
(3.01389e-06 -4.03291e-07 0)
(2.76782e-06 -4.12263e-07 0)
(2.516e-06 -4.19388e-07 0)
(2.26071e-06 -4.20803e-07 0)
(2.00412e-06 -4.20997e-07 0)
(1.74897e-06 -4.18033e-07 0)
(1.4965e-06 -4.15755e-07 0)
(1.24865e-06 -4.08322e-07 0)
(1.00917e-06 -3.92617e-07 0)
(7.82157e-07 -3.62086e-07 0)
(5.70001e-07 -3.22523e-07 0)
(3.75821e-07 -2.80697e-07 0)
(2.08639e-07 -2.37079e-07 0)
(1.031e-07 -1.72307e-07 0)
(-7.67056e-09 -9.10719e-08 0)
(1.40387e-08 3.06642e-08 0)
(9.71834e-08 9.94989e-08 0)
(2.4229e-07 1.3023e-07 0)
(4.16081e-07 1.39977e-07 0)
(6.16828e-07 1.50051e-07 0)
(8.46288e-07 1.60582e-07 0)
(1.09378e-06 1.6873e-07 0)
(1.35138e-06 1.73856e-07 0)
(1.61596e-06 1.77061e-07 0)
(1.88666e-06 1.79252e-07 0)
(2.16284e-06 1.80905e-07 0)
(2.4433e-06 1.81846e-07 0)
(2.72652e-06 1.82185e-07 0)
(3.01066e-06 1.81621e-07 0)
(3.29383e-06 1.79965e-07 0)
(3.57361e-06 1.76617e-07 0)
(3.84754e-06 1.71731e-07 0)
(4.11317e-06 1.65141e-07 0)
(4.36796e-06 1.56888e-07 0)
(4.60789e-06 1.4492e-07 0)
(4.83036e-06 1.30041e-07 0)
(5.03539e-06 1.16125e-07 0)
(5.22217e-06 1.03069e-07 0)
(5.38797e-06 8.82304e-08 0)
(5.53011e-06 7.14578e-08 0)
(5.64544e-06 5.28777e-08 0)
(5.7314e-06 3.29971e-08 0)
(5.78593e-06 1.48792e-08 0)
(5.80635e-06 2.28417e-09 0)
(5.79469e-06 -1.02945e-08 0)
(5.75313e-06 -2.76928e-08 0)
(5.68166e-06 -4.66277e-08 0)
(5.57923e-06 -6.36469e-08 0)
(5.44733e-06 -8.01623e-08 0)
(5.28879e-06 -9.60858e-08 0)
(5.10639e-06 -1.1148e-07 0)
(4.90307e-06 -1.29999e-07 0)
(4.67856e-06 -1.49165e-07 0)
(4.43341e-06 -1.63255e-07 0)
(4.17207e-06 -1.75962e-07 0)
(3.89753e-06 -1.86711e-07 0)
(3.61195e-06 -1.95013e-07 0)
(3.31736e-06 -2.01161e-07 0)
(3.01672e-06 -2.05399e-07 0)
(2.71306e-06 -2.08169e-07 0)
(2.40902e-06 -2.09759e-07 0)
(2.10552e-06 -2.09961e-07 0)
(1.80255e-06 -2.0707e-07 0)
(1.5021e-06 -1.99881e-07 0)
(1.21157e-06 -1.90397e-07 0)
(9.4016e-07 -1.84846e-07 0)
(6.92237e-07 -1.8377e-07 0)
(4.63951e-07 -1.70809e-07 0)
(2.6303e-07 -1.3751e-07 0)
(1.13013e-07 -8.81874e-08 0)
(1.93515e-08 -3.31404e-08 0)
)
;

boundaryField
{
    top
    {
        type            slip;
    }
    bottom
    {
        type            slip;
    }
    rotatingWall
    {
        type            rotatingWallVelocity;
        origin          (0 0 0);
        axis            (0 1 0);
        omega           constant 1140;
        value           uniform (0 0 0);
    }
    wall
    {
        type            rotatingWallVelocity;
        origin          (0 0 0);
        axis            (0 1 0);
        omega           constant 0;
        value           uniform (0 -0 -0);
    }
    frontAndBack
    {
        type            empty;
    }
}


// ************************************************************************* //
